-1.7023, 1.3111, 2.4508,-4.8143,-4.6841,-2.3797,-2.8504,-4.9129, 0.6784,-3.9721
 1.1559,-2.6768,-4.1111, 4.7995,-4.3575,-4.9265, 4.4046,-0.9266, 1.8839, 3.6217
 2.8695, 3.6357, 0.5460, 0.0969, 2.4692,-0.5214,-0.4671,-1.0079,-2.8072,-4.2307
-1.5775, 3.0377,-1.4417, 1.2421, 0.5666,-0.0832, 2.9357,-4.3110,-0.6512,-2.4632
-3.4083, 2.2861,-3.2713,-2.3100,-2.9237,-2.7779,-2.1344, 2.1973,-1.9478, 4.5982
-1.4170, 4.4449, 1.9830, 1.1108, 2.3591,-0.8656,-3.3975,-1.1539,-2.8547, 4.8061
-2.7243, 3.6670,-0.5852, 4.1729,-0.3087,-2.1703,-4.9002, 0.3596,-3.1257,-1.1570
 3.3320, 3.5273,-4.6867, 1.1427,-0.3992, 4.0774, 4.0614, 3.5327, 2.3859,-2.9757
 3.4178,-0.1201,-0.5703,-2.3469, 1.8709,-3.8740, 1.6014,-0.8360,-4.8425,-3.3689
-3.3010, 1.7491, 1.9192, 2.8989, 2.9773,-4.5980,-1.2271, 0.9642,-4.2568,-1.2675
-1.6743,-2.6563,-4.2950,-3.2368,-4.6270, 2.5193, 2.5745, 1.3891,-4.7349,-0.3412
-2.6320, 3.8814, 2.7612, 4.3880,-0.0171, 4.4118,-1.0226, 0.6519, 4.6477,-4.1371
 3.6955, 4.2665, 4.5366, 0.8620,-2.2151,-0.5111, 1.1844,-3.6220,-2.5594, 0.9514
 3.7722, 3.3723, 3.3225,-4.8370, 1.7618,-3.9609, 3.1283,-4.9527,-1.0208, 0.4809
-0.8234, 1.9773, 4.8178,-3.0690,-3.7264, 2.3037,-1.1516,-0.8027,-4.6200, 2.5865
 4.1316, 0.6009, 2.2614, 0.4812, 1.3134, 2.4372, 1.6980,-0.9157,-2.4453,-1.0722
 3.4492, 0.4534, 2.1012,-4.9530,-0.3532, 2.9699, 1.0328, 4.6176, 2.2608, 2.7829
 0.7828, 0.2008,-3.0199, 0.8415,-0.0648, 4.1411,-2.0341, 2.8372, 4.8772, 0.7659
 4.7591,-0.8493,-0.3623,-1.2970,-3.4107,-2.7047, 3.3799,-4.1512, 0.7250, 2.0595
 4.5974, 4.2608,-4.9331, 3.3579, 3.6445,-4.1139, 0.7745, 3.1600,-2.4090, 0.1680
 4.8299,-4.9240, 0.1635, 4.4260,-1.3517, 2.0325, 1.5467, 4.6175,-1.3524,-1.9763
-0.3311,-1.7103,-2.1343, 4.8474,-3.0148,-2.0617,-1.1082, 3.3554,-2.0199,-2.5379
-1.7808, 3.7805, 0.0900, 3.4282,-1.9710,-0.8064,-0.8855, 2.2274, 3.2094, 1.1096
 0.1295, 0.1136, 3.1537, 4.9836, 3.9494,-0.9069,-0.2253, 4.7089,-4.6397,-1.4815
 3.7776,-3.0642,-3.1371, 4.3409, 1.5287,-3.7411, 3.5376, 1.3449, 2.6855, 4.8856
 2.2316,-2.7380, 2.7762, 0.9082, 0.0554, 3.5550, 1.4876, 3.9640,-1.0496, 4.4303
 2.5536,-4.5591, 0.7079, 0.7407,-3.1545, 3.8185, 3.0288,-2.7020,-2.7090, 3.0574
-0.7615,-2.3413, 0.7389,-4.7784, 2.0662,-3.0302,-2.4337,-0.5585,-4.2199,-3.0474
-3.3082, 0.0937, 4.7814, 2.0874, 2.6073,-1.6422,-0.1484,-2.4682,-0.5821,-3.4697
-0.5083, 4.7806,-3.0814,-2.0246,-4.0083,-3.0859,-4.8257, 1.0006, 1.2358, 2.7175
 1.4367,-2.6755,-0.4975, 0.8252, 0.1055,-1.1693, 4.7305,-4.2108, 3.4837, 1.0114
 2.3561, 0.1623, 1.3888, 2.9397,-0.7145,-3.0145, 3.8096, 4.2785,-2.1314,-2.9056
-1.2851,-2.8894,-4.1021, 1.5568, 4.9722,-0.9065,-3.8333,-2.4065, 2.6283,-0.0922
-1.0190,-2.8569,-0.0829, 0.9908, 2.1606,-1.3621, 2.1859,-1.3030,-2.1774, 2.5838
 2.0897,-3.4690, 3.0154, 1.2626, 1.5346, 2.2878, 0.6894, 4.9438,-2.9908, 4.9626
 3.7260, 0.4002, 2.1824, 3.5767, 2.4152, 1.4257,-0.4561,-4.0988, 3.9251, 3.3790
 4.1051,-4.0198, 2.8378, 3.1524, 1.9739,-1.3795,-4.4486, 1.8171, 2.2456,-1.5450
-0.7152, 1.5324,-2.8269, 0.1397,-2.7831, 0.4271,-3.6700,-1.4591, 2.3393,-0.3521
-0.5914, 0.1982,-0.7546,-0.8368,-4.9943, 4.6476,-1.2249, 2.8122, 3.4593,-4.9219
 0.0588,-4.0367, 4.3667,-4.8176, 4.8040,-0.9009,-2.1047,-2.1079, 2.7661,-4.8472
 0.9338, 4.0419,-4.5920,-4.4268,-0.0559,-0.1808, 0.2252, 4.3176, 0.5897,-0.9272
 1.0788,-4.0801,-0.5799, 2.2964,-2.7815,-4.9098, 1.9592,-4.9308,-0.0972,-0.0196
-0.8399, 3.0864,-3.9685, 0.2021,-2.6871,-4.0801, 3.1764,-2.8422, 2.4867,-0.3935
-4.3942,-2.3847,-2.7526, 4.9724,-0.5313, 1.9452,-3.9763, 3.1073, 3.0522,-3.4211
-4.7673, 1.8230, 0.2413,-0.5688, 2.3931,-2.6316,-4.4144,-0.2485,-0.8491, 2.9452
 2.6577,-2.4766,-3.9033, 1.1452,-1.6352,-3.7152, 1.5096, 3.4157,-1.0616, 1.8223
 0.9460, 4.2708,-3.4831, 0.9348, 2.1740, 4.9679, 4.6451,-2.9889, 3.5683, 0.3856
-4.9571, 2.5320,-1.1324,-4.1054, 3.1821,-4.4360,-2.6685, 3.3760, 3.6351,-4.1356
 3.8416,-0.7445,-1.5222,-3.1964, 3.3988, 1.8357, 2.7771,-4.1728, 0.9354,-3.7311
 3.8205,-3.2253,-1.3290,-1.6198, 4.1445,-0.5645, 3.3761,-3.3358,-1.8074, 3.1740
 1.7737, 4.6778,-3.9717,-1.1689,-2.2006, 2.7401,-3.2167,-3.6804, 1.4817, 4.3955
-3.8842,-0.8777, 1.9104, 2.7316, 0.1362, 4.2842,-4.4587,-4.1516, 1.2101, 4.4704
 0.7491,-3.9950,-3.7997,-3.2295,-0.9007,-1.2431,-2.7312,-3.2725, 0.9125, 1.7773
 3.2973, 2.2370,-2.8666,-1.5537, 2.4316,-4.0583,-2.7267,-2.4766,-2.2457,-4.4609
 3.0873, 3.3612, 0.1601,-2.2179, 2.2279,-3.5359,-4.6028, 2.0451, 4.6370,-4.1920
 0.7691, 3.9118,-3.5794,-0.0726,-2.1221, 0.2025,-1.8173, 4.7654,-2.2310, 2.2256
-1.1358,-4.0382, 1.5633,-1.4389, 3.3532,-3.8799,-3.3826,-0.9687, 0.6419, 3.4827
-4.6179, 0.9575,-1.9652,-4.8711,-1.5932, 2.6736, 1.3006,-0.6783, 4.5185,-2.7589
 2.1208, 4.3117, 2.2172,-0.4087, 3.9238,-3.8556, 2.4277,-1.1969,-4.1733, 3.1197
-1.0069, 2.0936, 4.0333, 1.2897,-0.8476,-4.5226, 3.0893, 0.4079,-0.8856, 4.0108
 0.5637,-3.7049, 2.1654,-3.0872,-3.7200,-4.2051,-2.0955, 4.2876,-2.8122,-2.9108
 2.6477, 4.7623, 4.8686,-3.0636, 2.7829, 1.6288,-2.4692,-1.4601, 3.5705, 0.8289
 1.6936, 2.5685, 2.5169,-3.7604, 1.5665,-0.2869,-4.2117,-3.1557,-1.6025, 0.4025
-1.5273, 0.7495, 3.9172, 2.6228,-0.4284,-1.6347,-1.0106,-1.8862, 0.0248,-4.7757
-3.7248, 0.0752,-0.8370,-1.3041,-1.1129, 4.5930,-3.7995, 2.6509, 4.9504, 4.9308
 1.3560, 2.3101,-1.2059,-3.7028,-4.1573, 0.8297,-1.6875,-4.8734, 1.4619, 3.6206
 2.6935, 4.9972,-4.6644, 2.4317, 4.1552,-4.6359, 1.0360, 2.8847,-1.6492, 3.7553
 0.9237, 2.7821,-1.1752,-4.0343,-3.6420,-3.0592, 3.0535,-0.5530,-0.7091,-1.9523
-3.5416, 3.5695,-1.6967,-4.9386,-0.3678,-4.3492, 4.0445, 1.1582,-0.8954,-1.4530
 0.0265,-0.9922,-0.3308,-0.6001,-0.4885, 4.3735, 3.6228, 2.3971,-2.3582,-0.9262
 3.0449,-4.8284,-4.4517, 3.6193, 0.2143,-4.4543,-2.2639,-0.3809,-2.1904, 3.3322
 3.6421,-2.6426, 4.6269, 4.5425, 1.6268,-4.0757, 4.0625,-4.3583,-2.9516, 1.4640
 3.0706, 2.4349,-4.8527, 4.5804,-2.6165, 4.7567, 2.8767,-2.1870, 4.6446,-0.8171
 3.3897, 3.7951, 1.5619, 3.0370, 4.0221, 3.9856,-1.6512,-3.9778,-1.7415,-0.9256
 4.2769, 2.4944, 3.7534, 1.7851,-1.8855,-0.6632,-4.3561,-2.2055, 0.4852,-3.9331
-0.1150, 3.3006, 2.7058, 4.3877,-0.6141,-2.6403, 3.3316, 1.2531, 3.3480,-3.9785
 4.9541,-4.7767, 0.1613, 4.8439,-1.1116,-1.0362,-4.9006, 1.8995, 0.6726,-3.0992
 1.7430, 4.6470, 3.0235, 2.0753,-4.6720, 4.7148, 4.6063,-3.9759,-2.9166, 4.4783
 2.1003, 3.6969, 3.7640, 0.7320,-4.0354, 4.5943,-3.2532,-3.8701, 2.8444,-2.6542
-2.9914, 2.7310,-0.0824, 2.4916, 4.2678,-3.6086, 4.6423, 4.7012,-0.4573, 2.3025
-3.2722,-2.0073,-2.0499,-4.3262, 2.6272, 0.1850, 0.1905, 0.1204, 2.7592, 4.2691
 2.8661, 0.5277, 3.9166, 0.0402, 4.8384, 0.6696,-3.0272,-4.0677,-3.7169, 3.6413
 1.2852,-4.6571,-1.6936, 2.8874,-0.9187,-2.3808, 4.0226,-0.3975, 2.1929, 3.7128
 4.8716, 2.4216, 2.0598, 1.8841, 4.0429, 0.7607, 1.7808, 2.1615, 4.4855,-4.0657
 1.9858,-4.8355,-0.0222, 2.3282, 2.5473, 1.4296, 2.8273,-4.9929, 2.1940, 2.5329
 1.0126, 1.1760, 4.3457,-0.6794,-2.3825,-2.3634, 1.2012,-1.5256,-3.7070, 4.9136
-1.1087,-4.6405, 1.9547, 4.8846, 0.6027,-3.7468, 2.9784,-2.4326,-4.9172,-2.4050
 0.6635, 1.8728,-0.5460, 2.4385, 4.4502, 2.7563, 1.9835, 4.6337,-2.6295, 4.6483
 3.9706,-3.0449,-0.4858,-1.1950, 1.2071,-2.5558,-2.4907,-4.4102, 4.3996,-0.5560
 2.9137,-0.4450, 3.2968,-4.4489, 4.0913, 4.7655,-2.8596, 0.0828, 2.0219, 1.8013
 4.9125,-3.4403, 4.2047, 0.1139, 0.8528, 3.9145, 2.8462, 3.3428,-0.9110,-3.6414
 0.0677, 1.3055, 2.5879, 2.9891, 0.4423,-1.4685,-2.0289,-1.5189, 2.7850, 2.2297
 1.1161,-4.1421,-1.4168,-2.9353,-1.7094, 3.0926,-1.3424, 1.0201,-0.5770,-3.8200
-4.8836, 3.2353,-0.4812, 0.8675, 3.0014, 2.6499, 2.9585,-1.3326,-1.4010, 1.7374
-1.7260,-1.0660, 1.5407, 2.1087,-0.6281, 3.6683,-3.4943, 0.0681,-0.1170,-1.6486
-3.9458,-2.6264, 3.7391,-4.1294,-1.2353, 4.4559, 3.4801, 1.5679, 3.6657, 3.3960
 1.7523,-2.0054, 3.0889,-3.6756, 1.9289, 1.9741, 0.6804, 0.8146, 4.2307, 4.5454
-3.3923, 3.3964, 2.0869, 4.8750,-2.6624, 1.5651, 4.2413, 1.4126,-2.8038,-2.7381
-0.2908, 1.1733,-0.0270,-3.8949,-2.5963,-3.7775,-1.7204,-1.8884,-2.6797, 1.7032
 0.7486, 0.5149,-2.2719,-1.9475, 1.4190, 0.6179,-4.5130, 2.1666,-2.0940, 2.6575
 4.2279, 2.0131, 4.1380,-1.6755, 1.0351, 2.9587, 0.6478, 3.8150, 0.6560,-0.7187
