2.0303  0.6289  1.7066  -2.2907 3.3437  -0.0670 -0.0640 -0.8064 -0.2988 4.4955  4.1224  0.2340  0.2051  -1.6040 -2.7143 3.6758  -3.1025 -3.6756 -0.2201 -2.0876 -1.3994 -4.4552 -3.4317 -1.4520 -3.4162 -4.0226 -4.3649 4.7009  -2.8670 2.2745 
2.9124  -0.4392 -4.0703 3.4379  4.8951  -2.6589 3.6294  2.0100  -2.8400 -3.4925 4.6138  3.0456  2.0971  -4.6574 3.7713  3.7452  0.9170  -2.9374 3.4635  1.8884  3.1339  0.3471  -0.8927 -2.4547 1.8003  3.1409  3.8902  -2.3937 3.4746  3.1027 
-3.5572 3.8595  1.4142  1.0340  3.9168  0.1476  1.2339  -2.2041 3.7126  2.7038  -2.5481 1.2794  -3.8271 4.0211  -0.2159 2.6455  1.3583  -1.1905 2.2562  -0.3808 2.7463  1.6071  3.3431  1.9241  1.2771  1.8908  1.9427  -1.6392 0.9902  -4.2071
3.2985  -1.8318 3.3687  -4.5932 -1.1726 -2.0992 3.9717  -3.4877 -0.4209 -3.5659 4.6359  -3.2547 4.7645  -0.2076 -4.2533 0.3313  0.1116  0.7869  0.4370  0.8105  -0.0304 3.3391  -0.3362 4.9747  4.0387  -2.3386 1.5734  -1.8486 0.4183  -0.3334
-4.4223 0.0478  -2.0301 -2.7114 4.3315  -2.5279 -0.2489 2.1213  -0.0819 2.8081  2.8758  2.1354  4.3149  0.4395  4.7530  -2.1404 -1.1511 4.0406  4.5248  -2.8592 1.4668  1.4627  4.3742  0.5896  2.0796  -0.9725 4.8852  2.8675  4.0471  -4.9294
-0.9197 2.7146  4.2899  0.8277  4.5836  1.2538  -4.6746 -4.1903 -0.9088 -2.7113 -2.7368 -2.8263 3.6987  0.3064  3.5727  1.2321  4.1759  -3.5540 3.5607  -2.8976 0.6816  -1.2027 -3.0434 1.5499  -2.1654 4.6768  2.8677  4.3753  -2.6994 3.2901 
-1.3352 2.9179  0.9857  -0.7022 -0.6804 -3.0153 -2.5680 0.6116  -0.5467 -1.3655 -0.2227 2.1669  -2.3399 4.9808  -4.7676 -4.1905 -3.8274 -4.4994 2.1225  -3.7514 -3.8588 3.7062  3.0527  -0.8856 -4.9114 -2.3047 1.3287  -3.9804 -4.0757 0.2590 
-1.2078 2.3432  -3.6636 -2.8083 3.1324  0.5533  4.8234  -3.9333 3.4117  4.9661  0.4952  0.7616  -2.3511 -0.3184 -4.5485 3.2744  -1.7613 -1.9533 -1.0031 0.0294  -2.1734 -0.4298 2.3819  2.7008  0.8561  -1.7142 4.7360  -3.8627 0.7925  3.8912 
0.6005  0.9938  -2.7288 -0.8923 -2.7881 -1.2326 -3.6252 -3.5626 3.9993  -3.3044 -4.3907 2.6359  -0.2665 -0.3584 2.8704  3.7095  -1.7641 4.8986  3.8671  -4.3013 2.1462  1.6091  -4.6627 -4.8898 4.8489  -1.7267 4.9951  4.0973  -4.7227 -0.8302
0.8857  -2.9339 -0.6346 1.1641  2.4308  4.9899  -0.5574 2.3238  0.5831  -2.7100 0.6430  -0.6345 -3.8783 3.9974  -3.0729 3.3507  1.6151  2.5417  3.7038  -1.9917 2.0203  -1.2447 0.4554  -4.7894 -2.8991 4.2418  -4.3717 4.0557  -3.8655 -4.9239
-0.3807 0.9534  -0.4760 -0.3135 4.9443  -4.1368 -2.9679 1.6432  -1.7445 1.1164  -2.0138 1.5796  0.2314  -3.0517 -1.3790 1.0668  4.7240  1.8743  4.5128  -4.8066 -3.8484 -1.3231 2.4213  -0.3006 -1.4411 4.6248  3.1390  1.1409  -3.2943 3.1495 
1.1913  1.8537  -3.1492 -0.2122 -1.7257 -3.5538 1.6071  2.3571  -3.3663 0.2086  3.0096  -1.2621 -4.1796 1.3939  3.2721  0.5713  2.8708  -4.8164 -0.5063 2.8664  0.3493  1.6721  1.1154  -0.7500 4.8516  1.9302  3.0664  -4.2562 2.2050  1.0907 
4.5823  0.8138  0.6772  -4.6515 -3.9936 -2.4711 -0.8462 -1.7741 -3.0569 1.6916  -1.5510 3.8275  -1.4609 1.6562  0.7292  0.2919  -4.8872 1.2111  0.7769  1.2633  -1.7227 -3.7498 1.4043  -4.2088 -4.9942 0.4271  -3.5159 -0.6450 -0.0567 2.6813 
-0.6137 4.8695  3.1714  -4.6460 1.2378  0.0997  1.3279  -0.0392 -0.0800 -0.9115 -2.9874 4.8021  4.2796  1.5399  -4.6209 4.1469  -3.8730 3.0844  0.2792  -0.9852 -0.1902 -3.3065 -4.3284 1.4676  4.3990  3.9147  0.5800  0.4493  0.0625  0.4423 
3.5641  2.5439  1.9819  3.0862  -0.1558 -3.9865 -2.4514 4.4528  -0.1524 3.6014  2.2385  -4.4015 1.0722  1.8962  4.1000  2.9400  4.7914  -1.1136 -3.1725 4.4041  -2.6936 3.5256  -4.1660 2.8575  -2.4549 -1.2057 4.9902  0.6281  -4.1409 -4.2161
-3.9902 0.4482  -4.7173 -2.7121 1.8347  -4.0278 -3.9518 -1.4462 3.6167  1.0174  2.6315  1.1814  -1.2645 -2.1168 4.4569  -3.9918 3.1139  -0.3969 -0.0117 -0.6754 2.8409  -1.2446 4.9227  3.9111  4.8657  -0.7163 -3.4013 -3.6677 -2.2546 3.2391 
-2.0448 -4.7421 -2.5773 3.5815  -2.6847 1.0869  -3.5353 -4.8493 0.7914  -2.8791 4.6380  -1.0960 -1.7517 -1.4439 -2.1951 -1.1849 -1.5381 1.9686  -0.6026 -4.1258 -3.2767 -2.3953 0.7182  -2.7793 -4.3557 1.6196  -4.7660 1.1018  1.4587  0.8280 
-4.2159 0.9257  0.6231  0.7473  -4.2141 -1.6766 -1.0759 1.9972  2.8731  -1.7065 -0.8685 0.9669  -2.4914 3.6501  4.7847  4.2352  -3.5477 4.2000  -1.5973 -2.4459 -3.4552 4.4442  -1.9813 4.0549  -4.2397 -3.7360 -4.9073 -4.6569 1.8009  -1.2172
-3.0392 4.8374  -3.6388 -1.7600 -4.5612 -2.7642 -1.2358 1.0346  0.6831  0.0837  -3.1134 -4.4211 1.1227  -2.0864 2.3769  -3.5160 4.8101  4.8386  -2.6481 -2.3120 -2.6242 -2.6343 1.0034  0.8106  3.9346  0.3461  3.8365  1.8347  2.4748  2.4010 
-0.6591 -0.9691 -0.5115 4.4705  -1.2220 -1.1254 -0.8119 -4.2525 -3.9629 1.8189  1.9593  3.4557  1.4618  -2.2766 -4.4190 2.4130  0.8994  -3.1552 4.5288  2.4082  -2.8065 3.7043  -2.6984 1.7644  3.6784  4.2151  4.6616  -2.3481 -2.6285 -0.1802
-2.7258 2.5856  3.4164  -0.0188 4.4285  4.7582  -3.8744 0.1029  3.1517  -0.1188 3.6264  -0.3277 3.8536  -4.0529 -2.0819 2.9992  -1.4332 1.2131  -1.3961 4.5397  -4.8322 -3.7017 2.0878  3.3368  4.6508  -2.5865 -4.9807 1.2952  -3.8062 -2.8100
4.5596  1.4443  -3.1751 1.7056  0.2644  -0.0995 1.7231  2.2688  -3.6759 4.1779  -0.6034 -0.1476 0.5812  2.1603  0.9260  0.8081  -0.5303 -0.7206 3.7427  -2.6364 -3.6646 0.0511  -0.2222 -2.3409 2.7118  2.6466  0.4233  -2.3193 3.4877  0.6559 
2.9796  -1.1879 2.5302  1.1124  -4.9090 -3.6608 -1.4780 -2.2892 0.4890  2.7521  4.5427  1.5598  -2.2579 3.2292  3.7984  -3.7284 0.4061  0.0140  1.3491  2.8562  -0.6854 4.5271  3.4373  1.8676  -2.1575 -4.1711 -2.7173 -1.3137 3.7903  -3.7531
4.7728  1.3070  1.3950  0.6378  -1.0038 1.6104  3.8064  3.1156  -4.0942 -0.9132 4.4502  -3.7775 -2.2491 0.5200  0.7147  -3.7567 -2.4415 2.9569  4.4742  1.1663  -1.2822 1.2077  -1.9833 -0.7842 -0.2873 0.7534  3.9999  -0.8614 1.6751  -4.9760
-3.2438 2.1937  2.8531  -3.0857 -2.7722 -0.7091 -3.6036 2.1409  4.2811  -4.2762 -2.1596 0.4542  4.8579  4.4249  -0.9667 -3.0706 -1.3871 2.7212  -2.8064 2.1288  -4.4837 -2.7039 1.2808  0.9725  3.7337  4.8000  0.1918  0.2952  3.4247  -0.2400
0.8279  1.3947  -4.1625 -0.4674 1.9355  4.8326  -3.3839 0.9441  1.3146  -2.7017 1.5316  -0.0882 2.1017  4.3551  -3.4251 4.3413  -2.8126 -2.8363 -2.8831 4.5673  -2.7076 -3.4592 1.8401  -0.7094 -3.7057 0.9805  -1.5957 -0.0386 1.3360  2.4063 
-1.8911 -3.2599 1.2744  4.0445  -3.1114 1.2153  -4.3417 1.4358  0.4023  2.2763  4.4910  3.7256  2.9271  -2.8574 -4.2776 3.6544  1.8615  1.1576  4.7942  -0.0166 1.3596  1.7558  4.0037  -3.9184 -3.0850 2.0931  3.9871  3.4477  -1.3330 0.3623 
4.1669  -1.6038 0.4840  -3.5118 -0.2372 2.4885  -2.3424 0.6113  -3.7154 0.3240  -1.5783 -4.9005 -1.9668 4.1755  0.5943  4.8914  0.2883  -3.6311 -3.0096 2.2688  3.0297  1.2632  1.0178  0.3145  -4.1756 4.7564  0.9378  -0.2502 4.1866  -2.1139
-2.2842 -0.6301 2.1685  3.8705  -3.4031 2.9318  -4.8856 -3.8155 3.5172  2.1043  -3.6131 3.5515  1.4047  -0.6207 0.1992  1.5986  -1.3886 -2.4520 -2.9739 -2.3246 -3.4384 4.8078  -1.0992 -1.0039 -2.6391 -2.5078 -4.3836 1.1101  -2.2581 2.1104 
1.2676  1.4861  -3.2567 2.0608  -2.5384 2.9216  -2.1100 -1.5533 1.6389  3.6876  -1.4652 2.8242  1.8505  3.7110  -0.8524 3.6581  0.6712  -2.7660 -4.9728 -4.1753 -0.9026 -2.0056 1.2779  2.8859  -0.2242 -1.1472 -0.2239 3.9990  3.5221  0.6084 
3.5367  1.4674  -2.0687 0.1833  -0.1321 3.0508  4.8262  1.5316  2.8606  0.7676  -0.2134 4.2153  1.6715  0.2893  3.3007  0.5945  -0.0925 4.8615  1.7367  1.8265  4.5559  -3.8594 -1.3012 3.4611  1.9952  -1.3798 -3.9783 0.2133  -0.7796 -3.5216
-2.5153 -1.7027 4.9353  0.1157  1.8718  -3.2435 3.9540  2.9703  3.0534  -1.3711 -4.5617 -0.4722 -2.0382 1.9488  -3.5884 -1.3583 2.4099  -4.7796 -4.2899 -0.5292 1.8014  -0.4929 2.1061  -2.4423 -4.1859 -3.2740 0.2624  -1.9888 2.4451  -2.8475
-2.1663 1.1102  1.7077  -0.0982 -4.2478 0.0518  -2.3533 -0.1782 4.5837  0.3950  -4.2438 -0.2529 -1.8831 4.1923  -4.6467 1.2812  1.9765  1.8310  2.1545  -2.8962 -1.7420 -4.3224 -2.4248 -4.9144 -3.1343 -4.4652 1.2285  -1.7114 0.4078  -0.3573
3.3655  -0.6212 2.1591  -2.1666 -4.3127 4.4623  -4.5211 4.3122  0.1854  0.3936  -2.3372 3.6230  -1.2525 -0.8859 -2.0222 -2.0185 0.0840  -0.1819 1.0522  -3.7208 -0.2536 3.2639  4.9929  -3.2084 -1.1831 -2.6851 4.5446  -1.7341 2.3246  1.4364 
-1.5705 -0.9855 -2.7655 4.2077  -4.7508 0.5981  -2.7320 -4.5186 0.5423  -0.2666 -2.3515 -1.6925 -1.7080 -3.8581 -4.4347 -3.8905 -4.0254 -3.5572 2.0656  -3.3542 4.8097  -4.5242 -2.6145 -1.6050 -3.6193 -3.8911 3.9986  1.4618  3.9845  -3.6434
3.6508  1.5733  -0.7194 0.7120  -0.4727 -0.1497 3.4266  3.8197  -1.6311 -4.7799 -3.0656 -0.5157 1.4260  0.2151  1.0143  0.0479  -4.7718 -4.0105 -2.3832 1.1205  -0.8181 -4.0641 -2.3110 2.9627  3.7599  1.5467  -3.5545 -0.5136 3.6724  4.1851 
-3.4032 0.8569  3.3192  -3.2089 3.6330  -3.8807 -1.7643 0.4230  -4.9885 4.1309  0.0074  -0.6539 -4.2470 2.8976  1.5210  4.0493  -4.8404 3.8295  2.1706  1.6049  4.4762  4.5925  -0.5912 -3.1319 2.5503  0.3634  3.9737  -1.2840 -2.4136 -3.5327
-0.6830 1.3502  2.5360  4.2589  3.1071  3.0472  -1.8796 -0.3010 4.7640  -1.8936 -1.0187 1.9640  3.2375  0.9297  -3.2407 -2.3444 4.5157  0.4658  3.9220  0.3870  2.4575  -3.7629 4.8037  -4.6169 3.2701  -4.5813 -0.4176 2.6007  4.9177  0.2511 
-4.9385 4.5210  -2.6614 3.5331  3.3016  -0.0346 -3.3132 -1.1683 3.8903  3.0866  -0.5280 2.0599  4.3472  -0.8947 -0.0749 -4.8546 -2.2506 -4.2802 1.5133  2.5803  -4.2586 -2.6130 1.1441  -3.8451 0.5944  1.7770  -0.1793 2.6284  0.9577  0.0616 
4.2862  1.7131  4.0653  -4.7478 0.4389  3.3402  2.4583  -1.0365 3.9436  -3.8606 -2.6033 0.9132  1.6947  2.0858  3.9152  4.7399  3.1430  2.6033  1.0763  -3.1015 -0.4454 2.1129  0.6130  -2.7245 1.2964  0.0354  -3.0336 -1.3837 0.1240  -1.3303
-3.3946 -0.3969 -1.5823 2.3533  1.8533  -3.8167 4.0411  -0.6003 3.5084  -0.8564 3.1555  2.6341  4.5694  3.7591  0.2323  4.4865  2.0416  -0.9893 -2.3614 4.9418  0.8007  -3.8244 -2.8410 0.0850  -3.1786 -1.2726 4.4768  -2.5289 -0.6782 1.3720 
4.7095  3.4845  -1.6466 1.0631  -3.9532 -1.8490 4.2835  -4.8596 0.3461  -3.8056 3.5384  -4.4507 -2.2146 -4.8048 0.4587  4.4895  -1.6741 -1.9609 4.9960  -1.2288 1.6616  -2.1589 4.3210  -4.5416 2.9125  -1.4417 -1.6876 -1.2893 2.5090  3.9981 
4.1127  -0.5914 2.6534  -0.7616 -2.2566 1.1658  -4.4241 1.9179  0.2336  -3.5811 1.9371  -4.1716 1.9056  -3.9465 1.0880  3.4936  1.4111  1.3345  -1.7302 -0.4731 3.4962  -0.8023 0.1548  0.6521  -1.9076 2.3049  -1.0182 2.0126  2.3886  4.0998 
-2.6909 2.3032  -2.3411 1.9541  4.7074  4.6816  3.2217  -2.8980 -4.8074 -0.0869 -0.7237 2.3496  4.8686  3.0768  -0.1923 4.9760  4.4016  0.3020  0.7709  -3.6557 -0.7097 -0.4144 4.6462  -3.3861 -4.8878 1.9463  0.6376  1.5303  -3.8387 -2.6063
0.5176  1.0984  4.6191  1.5062  -4.8579 -2.2814 2.1437  -1.4684 3.7543  -3.5267 -2.8222 -2.5905 -1.0160 -0.1559 2.1576  -2.2678 1.8813  -0.9520 -0.5331 -4.4807 -4.7695 2.1844  -1.4194 4.0944  0.0156  -1.0726 3.5866  -3.6251 2.9251  3.0520 
-2.7779 -4.3636 -0.3527 1.0262  0.2909  -0.1789 2.1495  3.5498  -0.4616 1.4670  -2.4761 -3.1082 -3.9058 -1.6433 2.3387  -1.6004 3.4052  -1.5505 0.2222  -2.5785 -4.5724 -3.4708 -0.5384 -0.4212 2.9582  -2.8761 0.1132  4.3680  4.1152  3.9455 
3.0895  -4.1358 3.4698  -2.0018 -3.5078 2.7311  2.6749  4.4881  4.3878  -2.2688 -3.1427 4.5391  3.5074  4.0156  3.4162  -0.6945 1.2719  1.2016  -1.6693 -4.7746 -0.6690 0.8682  3.0675  2.1337  -4.2963 -3.6362 2.0676  2.3247  -2.8998 1.0326 
-3.9791 -4.5054 0.2770  -2.5650 0.2212  3.0378  0.6260  1.2373  -1.7789 0.2717  2.1823  2.1407  -2.1813 2.6141  1.1525  -0.0964 3.9965  0.4802  0.2366  0.7235  1.4230  -3.2684 -0.3193 -0.6904 2.7694  2.6425  -4.5502 -4.6369 -4.5837 -2.2902
-1.7254 -3.1043 -4.1703 4.3099  -0.4860 4.5961  -3.8597 -0.8882 4.8103  -2.6820 -2.2714 3.9951  -0.2640 -3.6877 2.2166  -2.3980 -3.8914 -2.1100 -3.3285 2.1664  -4.7474 3.8335  2.5589  -2.3899 4.7535  4.0746  -3.0392 3.6342  3.0714  0.0463 
-4.2205 -1.5434 4.3079  -2.2381 2.5953  2.0324  4.1819  -1.7747 4.3524  -0.6560 -1.9923 -4.7893 -3.3596 2.6556  4.8146  3.8528  -4.7253 -2.9287 0.6656  -4.7509 -4.7720 -1.4686 -3.9939 -2.8960 1.6823  -1.2344 4.2125  -1.4176 -0.4982 -3.4943
-1.4316 2.9174  3.5564  -4.5597 -0.9806 0.2893  -0.3884 -0.9746 0.1385  4.0976  0.6364  4.1752  0.8781  1.5112  0.0688  -0.6564 -0.3494 -1.7681 3.9641  3.6258  0.6521  -1.5075 -3.3766 -1.2316 -1.7639 -4.9202 -1.5991 0.1689  2.1771  -0.7827
0.0005  0.8019  -4.6277 -2.5331 2.8847  0.1138  -3.6021 -2.6087 -0.2500 4.7357  4.3412  -3.2194 -3.4942 1.9394  -1.3935 -0.2560 -1.3125 -0.8466 -0.8841 0.1122  -4.2959 0.4445  -0.5956 1.7876  -3.6335 -2.9978 -0.9362 -1.5782 4.9885  -3.3755
1.1582  3.6475  3.6349  1.8555  -1.3028 -3.8767 -3.0362 1.6622  -1.6795 -2.7066 1.3382  -2.6976 -4.5750 -0.5293 2.9664  3.7233  -3.4073 0.1592  4.2492  3.6197  3.4969  -4.2554 3.4747  0.0853  3.3598  0.0186  -0.3665 -2.1869 -0.6954 -3.3635
-3.0440 1.2316  -0.6042 2.0168  0.1289  4.9930  2.1824  3.1129  -1.5380 -0.2990 -1.8189 -4.2990 -0.8077 4.7633  -3.5043 1.5917  0.8903  -1.1498 4.5005  -3.6702 -2.7422 -2.0047 -1.1525 3.7738  -4.4041 -1.7861 -0.1723 0.8086  0.1915  4.0574 
1.9019  3.8602  -3.1411 4.1627  2.2172  -4.0495 2.9495  0.4438  2.5757  0.4790  -1.4281 3.9371  -3.1916 -4.5598 1.9170  1.8067  3.4662  -4.1063 -2.3921 -0.7097 -4.9206 -2.1429 4.1195  4.4986  -3.9161 3.6074  0.6251  0.0141  -3.9025 -2.8998
-0.3660 1.6034  0.2172  -4.8415 0.8096  -0.2447 -4.5266 2.9479  3.2249  1.3762  -1.6018 0.4250  3.7680  -0.3896 2.8863  3.1310  3.9392  -4.6693 0.3655  0.4670  -3.6445 4.5973  1.6266  -2.3858 4.4792  -2.0770 -1.4864 -0.7287 2.6546  4.9735 
-1.4655 -3.6952 0.3584  1.6205  4.9764  1.8762  4.8111  2.4568  2.1292  3.7148  -2.8192 -0.5663 -3.3396 -0.8218 4.5159  -4.4618 -1.3299 1.4465  -0.1004 2.0092  -1.3154 -4.2645 4.0740  1.6248  0.1452  0.7510  2.8433  4.4309  -1.0498 -2.7066
