-3.7308, 0.9689,-1.8969,-3.4356,-0.7082,-4.1875, 4.3681, 4.1204,-4.4343, 2.2721,-2.9214, 0.8232, 0.1569,-2.5269, 3.5786,-0.2157, 1.7916,-1.8231, 0.9645, 4.0033, 2.6440, 1.8791, 0.3269, 3.5385, 3.2479,-0.3739,-4.5615,-1.5658,-1.4151, 0.2982
 2.5312, 4.6882,-1.7073,-1.1353,-1.4825,-0.5782,-4.3281,-4.3633, 3.0049,-1.8194, 0.4431,-4.8484,-3.6780,-2.5831, 2.9928,-1.8765, 1.3035, 4.9883,-0.5345, 1.4006, 1.7702, 3.9971,-0.2117, 0.7116, 2.6408, 0.4984,-2.4151,-1.4391,-4.4914,-1.1476
-4.6947, 3.2615, 1.7426, 1.9307,-3.8853,-0.0644,-2.9103,-0.0638,-2.1934,-1.4763, 1.9179, 1.4259,-1.0705,-3.1433,-4.5057,-4.3206, 0.7248, 1.7488, 2.0303,-4.3732, 2.5058,-2.2482,-4.3994,-3.3736, 1.4583, 1.4761, 2.4760,-0.9569,-4.6788,-1.4835
-0.7487, 0.3254,-0.5398,-0.1503,-4.9958, 3.1070,-3.8812,-4.2864, 4.4403, 4.3325,-4.0079,-1.3609,-3.9237, 2.4079, 3.1744, 0.7041, 2.3635, 4.9408,-0.6487,-3.7663, 3.0416,-4.8893, 1.9542,-2.5192,-3.1678,-0.1621, 0.0262, 4.5529,-4.7788, 1.0019
-0.6701,-4.3713, 4.3147, 0.6031,-1.1519,-2.6970,-3.0525, 0.8792,-4.0579,-3.6812, 1.0466, 4.2757, 0.2498, 4.5173, 3.9304, 4.5429, 2.8046, 0.6890,-4.2308,-4.3188,-3.4379, 0.0622, 2.6741, 2.0147, 1.9664,-4.6427, 1.7145, 2.4671, 1.0673, 0.7213
-3.8497,-2.6815, 1.6332,-2.2565, 0.5314, 1.5432,-2.9281,-2.5918,-4.4953, 0.8775, 4.3865, 0.9886, 4.7264, 1.7833,-3.1585, 2.6844,-2.0088, 1.7238,-0.9832, 1.1943, 1.1898, 4.3386, 3.0649,-1.5505,-1.6419,-0.0893, 3.0079, 2.9571,-4.5929,-2.3152
-3.5431,-2.3293,-2.3582,-0.9411, 0.8890, 0.4249, 2.0061, 2.1681, 2.8587,-2.3812, 1.1541, 3.9541,-2.5822,-0.3002, 3.2356, 0.0724, 3.9222, 3.7923, 3.9290, 4.5104,-4.5751, 0.6620,-4.6465, 4.3326, 3.4301,-0.7281,-0.1485,-4.1656, 3.9182,-1.4565
-2.6848,-4.1246, 3.1293, 1.5619, 2.4934,-1.7086, 0.4420, 1.8641, 1.7156, 0.3416, 4.5518,-2.7339, 2.3338,-4.6914, 1.0890,-4.5665, 4.6691,-0.5798, 2.0295, 4.3014, 3.3064, 4.8693, 2.9534,-0.6043, 1.9502, 0.0383,-4.1347, 1.0083,-1.7202, 3.0935
 0.8982, 4.5724, 2.6311, 4.4118, 4.4781,-4.1588, 2.3511,-4.7795, 3.5106,-0.7495,-0.1062,-2.4622,-4.2088,-4.1002,-3.6241, 0.7340, 0.8427, 1.2453,-1.8485,-3.8847, 3.3555,-0.3587,-1.3639,-2.6252,-4.1602,-2.9192, 1.3539,-1.8760,-3.3775, 3.5754
-2.6073, 4.7225,-1.5344,-1.9725,-3.7586, 0.8493,-1.4625,-4.3078,-1.4814, 0.8980,-2.5834, 0.4704, 4.3151, 4.2198, 2.3867,-2.8281, 1.9440, 4.8399, 0.4460,-3.9785, 0.6832, 3.9953, 3.0370,-1.1231,-1.7747, 2.1624, 0.8603,-4.5078, 4.6475, 3.1136
-3.1484,-2.4562, 4.8883,-2.9138,-2.1335,-3.8571, 1.2400, 4.0753, 1.1650, 4.2383, 2.9964,-1.4732,-3.7750, 0.1775,-3.0666,-2.7338,-4.1159, 3.7403, 0.9812,-0.7574,-4.8576,-0.5596,-0.4854, 1.2790,-4.8112,-2.2526,-3.6833, 4.8343,-2.9395,-1.2178
-0.5591,-0.3707,-2.7180, 3.9015,-2.8291,-3.7634,-2.9931,-4.9243, 3.4422, 0.0647,-2.1363,-1.4487, 2.8719, 1.4736,-1.5326, 1.4813, 4.4644, 4.2944,-0.0233, 3.5593,-0.4089, 0.2441,-2.0801, 2.4897,-3.0996,-2.4605,-3.7449,-0.6913, 1.2855, 1.5430
 4.3932, 4.6607,-4.4557, 2.6932, 1.4162, 3.2976, 0.4463, 4.5630,-0.2026,-3.2778,-3.4876,-0.5361, 2.3674,-4.1543, 0.0294,-0.2931, 3.8353,-1.8409,-4.1111,-1.3112, 3.6981,-4.3681, 1.4441, 1.6722, 4.9540, 3.5785, 3.3428, 0.4231, 1.2059,-0.6342
 1.7967,-3.6660, 1.0155,-2.3339,-0.8532,-0.6635,-2.3657,-3.5371,-1.1228,-0.8031,-4.6149, 1.3280,-4.9684,-1.2197, 1.1755, 3.1634,-1.1415,-2.7777, 1.2547,-2.2410,-1.2423, 1.4041, 3.8676, 2.7498, 4.0106, 0.1400,-2.5981,-0.3381,-1.5371,-0.5826
-1.3437, 0.2032,-3.0393,-0.0764, 0.4366,-3.1194,-2.0904,-0.3720,-4.0410, 1.5372,-1.9321, 0.6593, 0.0446, 2.4292, 1.8231,-1.1390, 3.8643, 3.3350,-2.8628, 1.0528,-3.7080,-4.9757, 2.5954,-1.9600, 4.6634,-0.3761,-4.8017, 2.8014, 1.9060,-3.5728
 0.1466, 1.9515,-3.9369, 4.9381,-2.5058,-4.3062, 4.3872, 1.2380, 4.3213,-0.5898,-2.9527, 2.4886,-2.7919,-1.8058, 3.0003,-3.4001,-2.7052, 2.4961,-3.8042, 2.4981,-0.5591, 4.4715, 0.1593, 4.2966, 3.2956,-3.3666, 0.4813, 2.0766, 0.0623, 0.1861
-0.7215, 3.0144, 4.0664,-1.4107, 1.0833, 2.1358,-3.0157,-4.1599, 0.3046, 0.4507, 2.6625, 2.5920, 2.2124, 2.7016, 0.7311, 0.6812,-2.1456, 3.8551,-1.3551, 2.8899, 1.4590,-3.1044,-4.8486, 3.2857, 4.7806, 1.4402,-2.9266,-2.5679, 4.0716, 3.6736
-3.7445, 3.2494, 2.6957,-4.9159, 4.6708, 0.3570,-3.5268, 2.7061,-1.1624, 2.4578, 0.4453, 3.1766, 2.5307,-4.7534,-4.9611, 3.4027,-3.7090, 3.5660,-0.9192,-1.5768, 0.8165,-4.3251, 2.2344, 0.3554, 4.3605, 0.0445, 4.9594, 4.3726,-3.5959, 0.0938
 4.1970,-0.4285, 3.5640,-3.4749,-1.2071,-2.9284, 3.9851,-4.3865,-2.0281, 4.0744,-4.2226,-2.1521,-2.6848, 0.1480,-0.7005,-4.4778,-2.4008,-2.4825, 1.4126,-3.0103, 0.5830, 2.4412,-4.2915,-3.1797,-3.4354,-0.4091, 3.9797,-1.6029, 0.1944,-3.2272
 4.2066,-4.3051, 4.8235, 0.3687,-1.7155,-0.5241, 4.3310, 0.0734,-2.8897,-0.5018,-3.6865, 0.9329, 0.9787,-3.9901,-3.0172, 0.8839, 1.5299,-2.0666,-2.4087,-3.0875,-0.1910,-1.5054,-0.7410, 4.6032, 4.7672, 1.0394, 2.9555, 4.0029,-3.4646,-3.1767
 4.2896, 3.6709, 0.8784, 0.1225,-0.8266,-2.5203,-4.2744, 3.4358,-3.0017,-2.2237,-0.2233,-2.3971, 0.2951,-3.1166,-1.6499,-4.1455, 3.2887,-1.4200, 4.1184,-0.5682,-4.7026, 4.7507, 0.9497,-0.4293, 2.7677,-0.0942, 2.0888,-0.6375,-2.7769,-0.8377
 1.2219,-0.1526,-0.2788,-4.8594, 4.3972,-1.5734, 0.8044, 2.4561,-3.3402,-1.2231, 4.3142,-4.2668, 2.9224, 0.4232, 3.2003,-2.6948,-2.3409,-0.5164,-1.0626,-4.9185, 4.5847, 4.8503, 1.1549, 4.7002, 4.6911, 2.4610, 3.5135, 0.3134,-4.9584,-0.9665
-2.0422,-4.2841, 2.6212,-1.1754,-0.1804, 3.9912, 3.3288, 3.9737,-0.2808,-0.6657, 0.0078,-1.9568, 2.9517,-3.1230,-2.0654,-3.3440,-2.3722, 2.7164, 4.8896,-2.9678, 2.1511, 2.9717, 4.9041,-4.0733,-4.4891,-0.2887,-3.4864,-3.7854, 3.4491, 0.2856
 2.8733,-1.3812,-2.6777, 4.5988,-2.4735, 3.2212, 2.5571, 1.8950, 1.2576,-0.8828, 3.1931,-0.7571,-0.3298,-3.4750, 3.0017,-4.7534, 4.2487,-3.0706, 4.0761,-3.7529,-2.1353,-1.0775, 4.2920, 3.9404, 2.2492, 3.5031, 4.9831,-1.3099,-1.3573, 0.4933
-2.6095, 1.8001,-4.5368,-0.1185,-4.3078,-3.2892,-2.5672, 3.2952, 4.3579, 1.3314,-1.8771,-3.3909, 3.9404,-4.3379,-3.0616, 0.0336, 4.7839, 1.0695, 0.0184, 3.0886,-1.9871,-2.8070,-4.4167,-4.3113,-0.3454,-0.8566,-4.7268,-0.6035,-3.0845, 0.3966
 2.7747,-3.0234,-0.0111, 3.2539,-0.6177,-3.3505, 4.4179,-0.5002, 0.4262, 2.3531,-4.6245,-2.1479, 4.1886, 4.5310,-3.7903, 2.8579, 1.5874, 1.9529, 1.2292, 1.4593, 3.0282,-4.7470, 4.2761, 1.8399,-0.7888, 2.8184,-3.8651, 0.0491, 1.7674,-4.7209
-4.9274,-1.7322, 3.1707, 0.3338,-1.0847,-2.4912,-0.7795, 3.1600, 2.4444,-3.0106, 3.1688,-3.5932,-3.4654, 1.1228, 3.7187, 1.3945,-2.3262,-4.5431,-1.9479,-2.6423,-4.4638, 3.7409,-4.8848, 1.1391, 0.7683, 0.6269,-0.1069,-3.0247,-2.4646,-3.9512
 0.6932, 4.9261,-1.7219,-1.6492,-2.6122, 0.5948, 2.9341, 2.5019,-2.8216,-1.7614,-0.6415,-3.2674,-2.8627, 0.1803, 3.6920, 3.6765, 1.0281, 4.9544,-0.9969, 3.8338,-1.5090, 4.0552, 4.3115, 3.2716, 3.4016,-0.4834, 4.8471,-0.6937,-2.3179, 1.5713
-1.8150, 3.7834,-3.7188, 4.1042, 2.0726, 0.8276, 4.9664, 1.2364,-0.5858,-3.8418,-3.7730,-1.3641, 2.5776,-3.8411, 4.2613, 1.9958,-4.6747, 0.6103, 4.2563,-4.1391,-0.2922, 4.6281,-1.8718,-4.6232,-0.7385, 1.0826, 2.1103,-4.9579,-4.2661, 4.0212
-4.9685, 1.2090, 0.0654, 1.5807,-2.3910,-4.5264,-1.3231, 3.8642, 2.9955, 4.2671, 1.9401,-0.8316, 3.3142, 1.4380,-2.0916,-2.8922,-0.6971,-2.2339,-3.4137,-0.1473,-0.8844, 1.6489,-3.0270,-0.2902,-3.3471,-2.5088, 1.7472, 0.8539,-2.6268, 3.3858
 3.6061, 0.3894, 4.7815, 4.7522,-2.0169,-3.4512, 1.0714,-3.5816, 0.0571,-0.4295, 0.8223, 0.5612, 0.7485,-1.5615, 4.5848, 0.5670, 1.1927, 4.9083,-2.1688, 3.4703,-3.0373, 2.4190,-4.9373,-2.7310, 4.8480, 2.6612, 1.0532,-2.7088,-3.0802, 4.5137
-2.0387,-0.6145,-0.2791, 1.5923, 1.3630,-1.3544, 2.0937,-0.6293,-1.2219, 3.6648,-4.9959, 1.6825, 3.2229,-2.8989, 1.9918, 4.5666, 2.9862,-2.2635, 2.0518, 1.5933,-2.8272,-1.6939, 2.1742,-4.0299, 4.6900,-1.4538, 0.2737,-0.8670,-0.7625,-2.7881
-1.8701,-3.8166, 4.1852, 0.8413,-3.4323, 0.0421,-3.1591,-4.2001,-0.5268,-4.0856, 1.2589, 3.8017,-1.9208,-1.9799,-3.3955,-4.9250,-0.2058, 2.7763,-3.1161,-4.0359, 0.8247,-1.8285, 1.3697,-2.5455,-4.4540, 3.9355, 0.0453,-3.5500, 3.2458,-4.4444
-1.7898, 3.3202,-1.0334, 2.3334, 4.8914, 1.8708,-0.4943, 2.7391, 0.6455, 1.9530,-2.9146, 3.2169,-2.6023, 0.7857,-1.4612, 2.6747, 3.3786,-2.1788,-3.2377, 0.6255, 0.2378, 2.5860,-1.8094,-3.3957, 1.4547,-0.1719,-3.8135, 1.5144, 4.7135, 0.3345
-0.3574, 3.8161,-3.1033,-2.8520, 2.9844, 3.1373, 3.4639,-1.3394, 1.9379,-1.0636, 1.2303, 2.4333, 2.8759, 3.7245,-4.8387,-2.9506, 0.8009,-0.8451,-1.0880,-0.5002,-2.4326, 1.0079, 3.8473, 2.2535,-2.2046,-4.2971,-4.2009,-2.8796, 2.3245,-3.0630
 2.4006,-0.6568, 4.6985, 2.1538, 3.8396, 2.2241,-1.4690,-4.0525, 1.1468, 4.3578,-4.0139, 2.6857, 1.6874, 2.7175, 1.1271,-3.7052, 4.3813,-4.5059, 4.1881, 0.9452,-4.3311,-3.7721, 2.5225, 1.4302,-2.0024,-0.5888,-1.9056,-4.9796,-4.2470,-4.2564
 0.2818,-1.2034,-3.7330, 3.8357, 4.4806, 2.3055, 0.6598, 4.2687,-1.4610,-1.0876,-1.7283, 3.3805, 2.7295,-2.8721,-4.8276,-4.1140, 1.5757, 0.3359,-1.3951, 0.3297, 2.1427, 2.8693,-2.9622,-4.8756, 0.4928,-1.4462,-4.3680, 1.4161, 2.3542, 4.2479
-4.9506, 1.0251, 2.4047,-4.9623, 0.0606, 2.8830, 4.8277,-0.5689, 2.6585,-3.4298, 4.5590, 2.5692,-0.1349, 4.3316, 2.4305,-2.4171,-2.1960,-4.9663, 4.6870,-1.6688, 4.3453,-3.8750, 1.6288, 3.4422,-3.4743, 0.2029, 2.2782,-3.0487, 1.6041, 3.8520
-2.3944, 1.4666,-4.4638,-4.3892, 3.5987,-0.9229, 4.3353,-1.9858, 3.9685,-0.2368, 0.2740,-1.1624, 1.3590, 2.7360, 3.5599,-2.1988,-0.0248,-3.8890,-4.4348, 4.6325, 1.6258,-2.7909,-2.7559,-3.8253, 2.9184,-0.4364, 3.2703, 4.0770,-2.5479,-0.2341
-1.3547,-2.1511, 4.2584,-4.9147,-0.2347, 3.8559, 1.0856,-4.7439,-3.1005,-0.5352,-0.4481, 4.4725, 0.9701,-0.6138, 0.9645,-0.7291,-2.6986, 3.3208,-1.4913,-0.7189,-0.5801,-2.1607, 3.8584,-3.2716, 3.5223, 3.5410,-2.1487, 2.7770,-4.9508,-0.9320
 2.9440, 0.8639,-1.0123,-3.6331, 0.6392, 2.2969,-0.5725, 1.9103,-1.2377, 4.4877, 0.3644, 0.2252, 2.0568, 2.6739,-0.2076,-2.9974, 0.1754,-0.2384,-4.3231,-0.6994, 2.6360,-4.9427, 2.2698, 4.4743, 1.6459,-4.1595, 2.1578,-0.2192, 2.0427, 4.3795
 3.2566, 0.6910,-1.0068, 3.9952, 0.1529,-0.8057,-2.4031, 4.0638, 4.8453,-1.9791,-2.6078, 3.0166,-0.6470,-2.1210, 2.4385,-3.0032,-1.7649,-0.7061,-1.7261, 0.6676, 0.4341,-3.6752,-3.6894,-1.4889,-2.1478, 4.6555, 4.3638, 4.0780,-1.9656, 2.2194
-3.7163,-3.5647, 2.2109, 1.4544, 0.0989,-2.4803, 1.8428,-0.7272, 2.5986, 1.7105, 0.0961,-4.1705,-3.6871, 2.0041,-3.5080,-1.3522,-1.7802,-1.4346,-4.2410,-2.8764,-0.7633, 4.5471,-4.2847,-1.1289, 2.1802,-2.8220,-3.7286, 4.8934,-3.0485, 4.9293
-2.7212, 4.6328, 4.5843,-4.5083, 3.8844,-0.0263,-0.3765, 3.3012,-4.6746,-4.4034, 3.8175,-2.4812, 2.5386,-3.2807, 3.0504, 4.7816, 0.8650,-4.9133,-3.2092,-0.7714, 1.2934, 3.2708, 0.2182,-2.6326, 3.6916, 3.1632,-3.6535,-3.5345,-4.6439,-1.5364
 3.5676, 2.4517,-4.2093, 1.2812,-2.1168,-1.3971, 1.7140, 2.8566,-1.3870, 1.4253, 1.5022, 0.7649, 0.6320,-1.8012, 1.4087,-3.5820,-1.7732,-2.5921,-3.4193, 3.7247,-0.3568, 3.3806, 3.8409, 3.5276,-2.1564,-4.5564, 0.4418,-2.6802,-4.4321,-2.6810
 3.9007,-1.3859,-1.2752, 3.8282,-4.8125,-2.4634,-2.4014, 1.0802,-2.7430, 2.4669,-2.6319, 0.7185, 1.0801,-3.8198,-4.1923, 0.8401, 0.1602,-2.5988, 2.9396, 0.7387,-2.9670, 4.1334,-2.2047,-0.6989, 3.0792,-3.6794,-2.5845,-0.9025, 3.5538, 4.0363
 1.0700,-1.5786, 0.4682,-4.7702,-0.4137, 4.3167,-3.2244,-4.0294,-0.4395,-2.0828, 1.6954,-2.3770,-2.5297, 2.2420,-3.6328, 2.3768, 1.9890,-1.8517,-1.1240, 0.0327, 0.3259,-2.0489,-1.9335, 3.3429, 1.9991,-0.7006, 2.5639,-0.1608, 1.8123, 2.5926
 1.6540, 3.1059, 4.7916, 1.6087,-4.0930,-4.7572, 1.1864, 3.0510, 3.8145, 3.2813, 0.7082,-2.4731,-2.0677, 0.6600, 0.8396, 0.2549, 1.8973, 0.3396,-2.5972,-4.5726,-4.1189, 3.2360,-4.5245, 0.1115,-4.3262,-1.8122,-3.1198,-4.7289, 2.2591, 0.0543
-2.7960, 0.0997,-2.5882, 0.8351, 0.1190, 0.6792, 2.2697,-0.4223, 2.2571, 1.0971, 4.6802,-0.1672,-2.9359, 1.4738, 4.2912, 4.9534,-4.4708, 2.7185,-3.1940, 3.6718,-0.3771,-2.7899,-4.2198,-0.2242,-4.0501,-0.2309,-4.1222,-1.6707,-0.8120, 2.6280
 1.8805,-1.5810,-2.5269,-3.7987, 3.6542, 1.9295, 1.4344,-3.9675, 3.5909, 4.3207,-3.7367,-0.7979, 1.6742, 2.3165, 2.9243,-4.5700, 3.8683, 1.6986, 4.6422,-0.5428, 3.3153, 2.3026, 1.1353, 2.7197,-3.3880, 2.7544, 1.3737, 3.6041, 4.9826,-4.8636
 3.0038,-1.6608, 1.1473,-3.2012,-1.9299, 3.7599,-1.9727,-3.5590, 2.3541,-1.2549, 0.3333, 3.7963, 2.5612,-4.1311,-2.0917, 0.5170, 1.7493, 0.1587, 0.9743,-4.9298, 1.5393,-4.8616,-1.5846, 0.9115, 3.8144, 4.7961, 1.1910, 0.1697,-0.8463, 1.2454
-1.0390,-0.2898,-0.0601,-0.3202, 0.2584, 2.8209,-4.3378, 3.3119, 4.4274,-0.6171,-1.3413, 4.4520, 4.6927,-4.4795,-1.0401,-2.4994, 1.7376, 1.6284, 3.8991, 3.2937, 4.1713, 2.3427, 4.0134,-4.8455, 1.2442,-2.8375, 2.0283, 3.2379,-1.4043,-2.9505
-2.1234,-1.0246,-4.7147, 2.1933, 1.7131,-1.9537,-1.0793,-4.7390,-2.3156, 3.7743,-1.6870,-4.5325,-2.3313, 4.1290, 3.1671, 0.4275,-1.2654, 2.6094,-4.2110, 2.7885, 3.7030, 2.9250,-3.7071, 3.4456, 2.2123, 4.8277, 4.8099,-1.9116,-4.3820, 4.6542
 1.2647, 0.4844,-0.7247, 0.3806, 1.2260, 1.9121,-0.7822,-1.1782, 1.6883, 2.6202, 1.6252, 2.5822, 0.9653,-0.7083, 2.4811, 2.0583,-4.1647, 3.6586, 3.7336,-3.7001,-2.2525,-0.8360,-2.1509, 3.1318, 4.3052,-2.0581, 1.7515,-2.3913,-3.1775,-1.4939
-3.5213,-4.8970, 1.8796,-2.9249, 1.3023, 1.4457, 2.2130,-0.9505, 2.7782, 2.6806,-1.4674, 0.3421, 3.4462,-4.6539,-2.2478,-0.4404,-4.9218,-3.5947,-4.8661,-3.7840,-0.5857,-1.1568,-2.4332, 4.2449, 2.4374,-2.3101,-1.9567,-1.8591,-0.5958,-4.1305
-1.9049, 3.0697,-0.9633,-1.2410,-2.6704, 1.8217, 1.8848, 0.4632, 2.8085,-3.5258,-2.4745,-2.9091, 4.8717, 2.6244, 1.9482, 3.9478, 1.7793, 1.5121,-4.4147, 1.3784,-0.8332,-3.7538, 1.1156, 2.3945,-0.6188, 0.0989,-3.1339,-4.1092, 2.3704,-4.1271
 1.6756,-4.8231,-3.7102,-3.1919, 2.6363, 1.7346,-4.9060,-2.9897,-3.2498,-4.5462,-2.1625,-4.8943,-4.9985, 1.8088, 2.9508, 0.3364, 0.4055,-3.6077,-3.7529, 3.6641,-1.0699,-2.3359,-4.4648,-0.1980,-2.0557, 4.3539,-0.2819, 2.9671,-1.6419,-3.1983
-0.8706, 4.7682,-1.5894,-3.0710,-1.5998, 3.3593,-3.1367, 2.5122,-4.2213, 4.7291, 0.0725,-3.3578, 4.6355,-4.6876, 2.7371, 0.7044,-4.1620,-2.1472, 3.2805, 2.1791,-4.3546,-4.8340,-3.6049,-1.0150, 1.5704,-0.9751,-4.3978,-0.9681, 2.8562, 3.9217
 2.2453,-4.4259, 2.2276,-3.5489,-3.6333,-3.8020, 0.8776,-0.1013, 3.3565,-4.4495, 4.3317,-1.9223,-4.5832, 2.2418, 4.8997,-1.2168,-2.6507, 2.0796, 2.1508,-1.3213,-4.4775,-1.4517,-3.4590,-3.3885,-0.7715,-4.6947, 1.4599, 0.0618,-2.5443, 2.7400
 3.1463,-1.9354, 1.2470, 3.0408, 1.3595,-1.5949, 3.9782, 2.6753, 3.5684,-3.7493, 3.8656, 2.2837,-0.0844, 2.5859,-4.6762, 4.0287, 4.0219, 2.6992, 1.9722,-0.2750,-4.7879, 0.0905,-2.0389, 3.2448,-4.3049, 2.8413, 4.6090, 4.0665,-0.5582, 0.5087
 2.5449, 0.6756, 0.1264, 1.5693,-0.3576, 4.9179, 3.1390, 0.7500, 4.3696,-0.6988, 0.6653,-1.5233,-0.1609,-2.9047, 1.5725, 1.2129,-1.3421, 3.9808, 4.2009, 4.6387,-3.7745, 1.7840, 2.8149,-0.4678,-0.3773,-3.0137,-1.2395, 1.4260,-1.3770,-1.9370
 2.5243, 1.3740, 3.1694, 1.6155,-1.4110, 3.3690,-3.2983,-1.8496, 4.5546, 4.8111, 2.3012, 1.9885, 1.4773, 4.7641, 0.8075,-3.5919,-3.4147,-0.3851, 1.1663,-2.5742,-4.4391, 3.2332, 2.3979, 1.9363, 0.7326, 0.8162,-3.7439, 4.1848, 2.2457,-3.0852
-3.5702,-1.0199, 0.4895, 0.8978, 2.1867,-0.9878,-3.1669,-4.8196,-4.5508, 3.0828,-1.4326,-0.5867,-1.4694,-4.4862,-3.3085,-4.0771, 3.7432,-1.5294,-1.8778,-0.3407, 0.9758,-1.4483, 3.3259,-1.7350, 4.6992,-4.6573, 1.2817, 4.1092,-1.3543, 4.2789
-0.6124, 1.7984, 3.1228, 0.4417, 2.2462,-4.1181, 3.6436, 4.0855, 0.1313, 1.2976,-4.8701,-0.0058, 3.4621,-0.7785, 4.0841, 0.4075, 0.9094,-4.8915, 4.5702, 3.5206,-2.8203, 0.0984, 1.2800,-3.2275, 2.6564,-4.8534, 1.6011,-0.2804,-1.5195,-2.3304
 2.8637, 0.8823,-2.4200, 2.1541,-0.8545,-2.0638, 3.4550,-2.5281,-4.0385, 2.9961, 2.0647,-1.0059,-4.0316,-1.3592,-1.8250,-1.8622, 3.5158, 1.6731,-1.0722, 0.3285,-0.3110, 3.9271, 4.7319,-4.2903,-0.9155, 2.3914,-2.6789, 2.2071, 4.7381, 4.8786
-1.4090, 1.8930,-0.1414,-3.0561,-2.8617,-3.8228,-4.3286,-1.7541,-0.7881,-4.7474, 4.2015,-0.2075,-1.6351, 1.3743,-0.3768, 0.9528,-1.3588,-0.2935, 1.9456, 4.9772, 0.7221, 4.6319, 2.4642, 4.3384,-4.6623, 0.9332,-2.1174,-1.5646,-3.2510,-3.0628
 1.8318,-4.3600, 4.5970, 2.9373,-2.6848,-3.1697,-2.3939, 1.4533,-4.8240, 3.1872,-0.3808,-1.2455,-2.8026, 3.3025, 2.3481, 2.0760, 2.3642,-3.6940,-4.8159, 3.3361, 3.8843,-2.6829,-3.6144,-3.8273, 2.5528,-4.4493,-1.6353, 3.6765,-4.7513,-0.8231
 2.0788, 0.1961,-2.2019,-0.1623, 3.9190,-2.8662, 1.7845,-4.5299,-1.2439,-1.5596,-2.6456, 1.1771, 4.3012,-0.8245,-2.4397,-0.4853,-3.6829, 3.8415,-2.9545, 4.5113,-2.1247,-1.7802,-1.8991,-1.7225,-4.0216,-3.4473,-1.6900,-1.5491, 4.4858,-4.9674
 0.3263, 0.9943,-3.4069,-1.9081, 0.9549,-4.0772,-0.2367,-1.2862, 0.6024,-1.6895,-1.0441,-3.2818,-4.2599,-4.9992, 1.0739, 2.3229,-2.7032, 3.8569, 1.2152,-4.0620,-0.6556,-4.4484, 3.9975, 4.4901,-4.4602,-2.3415,-1.0747,-1.8830, 0.0120,-4.4746
-2.1425,-0.8576,-1.5860,-1.9419,-2.5926, 0.2189, 1.9383,-1.1498,-1.0892,-2.7293, 3.5326,-0.2049,-1.1417, 0.2278,-4.7202, 2.8998, 3.1640, 1.2279,-1.3711, 0.5636, 2.7920,-4.4196, 0.9481, 2.8843, 0.2630, 4.0110, 3.3150,-0.7038,-4.5476,-2.5847
 0.5193,-4.2538,-4.8063,-3.2017,-0.0776,-0.3085, 1.4694, 0.5989,-3.1929,-0.2333,-4.8529, 2.9677,-2.6372,-4.1349, 3.3375,-0.3740,-2.6891,-1.5585, 3.8557,-3.2655, 1.0657, 1.2704,-3.8072,-2.7763, 4.8957, 1.3992,-4.7208,-1.8382, 4.5409, 0.8492
-0.5726,-2.3571,-2.3203, 3.5691,-2.1571, 1.8605,-0.5048, 4.2666, 0.8274,-3.2222,-0.7157,-3.9087, 0.1975,-3.2171, 4.1160, 1.0203, 0.0084, 4.6594, 2.0473,-2.9327, 0.9409,-3.5172, 4.6894, 0.2524, 0.8370,-3.5606,-4.1369,-2.8520,-1.2133,-1.6947
-1.6252, 3.7595,-0.6616,-3.5504, 1.2868, 3.6540, 2.3253,-0.7134, 2.4649,-1.9883, 2.5526, 2.8127, 1.6204, 2.2343,-3.3416,-2.3617, 0.1657, 4.0745, 0.9609,-1.1551, 3.3216, 0.4706,-1.5285,-1.1893, 0.0554, 2.8938, 2.3773, 2.3089, 4.7574,-1.7481
 0.3413, 3.9929, 4.3197,-4.6151,-3.9703,-3.5866, 0.8261, 3.3279,-4.0079,-1.3491,-1.0674, 4.9175,-3.3597,-2.7047, 1.7206,-1.3110,-0.7226, 1.4014,-3.0036,-4.7387, 2.5839,-4.0607, 2.2615,-1.3531,-0.0184, 1.1497, 4.5207, 2.5414,-0.3998,-3.3211
 0.7659, 1.4824,-4.2230,-2.7153,-4.9702,-1.4158, 4.3889, 4.1585, 2.8008,-1.3613,-0.3522, 4.6679, 2.0553, 1.4797,-2.8629,-2.2329,-3.7131, 3.5197, 0.7429, 3.7625, 3.0063, 4.1544, 0.7918, 4.0699,-2.8277,-0.2080,-4.2356, 2.8347,-4.8275,-0.3618
-2.4008, 2.9096, 4.8600, 2.0210, 3.6924, 1.6606, 0.9682, 2.7108, 1.9331,-3.1589,-4.0623,-3.4382, 1.9915,-1.0348,-4.9614,-3.5360, 3.6317, 1.9764, 1.7966, 3.1526, 0.5522,-0.6295, 4.9580, 2.8613,-4.1437, 2.7953, 3.0655, 4.5099,-0.7257,-3.6172
-1.0386, 0.6349, 2.6491,-1.6895, 0.9955,-2.1624, 0.0770, 0.4559, 3.4059,-1.8304,-1.2139,-1.2898,-3.7215,-2.4413, 0.6578,-2.0333,-2.9121,-2.4502,-1.8081,-2.1424, 1.3850, 4.8529, 2.1527, 3.5475, 3.8172, 2.1594, 4.9303,-1.7979, 2.5256, 1.1896
-1.9740, 2.5187, 3.2142, 3.2204, 0.5337, 4.3480,-4.9797,-2.4075, 3.9075, 0.5714, 0.4313, 4.5345, 3.9123, 0.1766, 0.1580, 2.5364, 3.7369,-0.6167,-2.6533,-2.7513,-4.4761,-0.6769, 2.0781,-3.4513,-0.4452, 3.3001, 1.2206, 2.7553, 0.9659, 4.3410
-3.9966,-3.8863,-3.9937, 0.5770,-2.9447, 0.0695,-0.1749,-1.9268,-3.9358, 2.6897,-2.6884,-1.6634, 2.1595, 0.6243,-4.1765,-3.7746,-4.0900, 4.3599,-4.6981,-0.7616,-2.1477, 0.0523, 0.5558, 0.7140,-2.0663, 0.8869,-4.0095,-1.9347, 2.9134, 3.7898
-1.7820, 2.2200,-4.5379,-2.9734,-3.5826,-4.1542, 0.6924,-2.8638, 3.4469,-1.8761,-2.7448,-1.3421, 0.9359,-4.9679,-1.2545,-0.2166, 3.0999, 3.0341, 3.6347, 3.6281,-0.9321,-4.1925, 0.3275,-1.1674, 3.5914, 4.8658,-0.0488,-2.8039,-0.2767, 4.1914
-3.1136,-2.3567, 2.1028,-4.0657, 4.8377, 0.1945,-4.5966,-2.4204, 0.7966, 1.3508, 2.1782, 2.7923, 4.3036, 1.0962, 2.0384,-1.5074, 4.7627, 4.8534, 3.7640, 4.5010,-1.7191, 1.0128, 2.3730,-4.2361, 1.0940,-2.9787, 4.6898, 1.6996,-3.4600,-3.7044
-1.9378,-4.8071, 2.4573,-3.2172,-4.3505, 0.5210, 2.3811, 3.4968,-1.5030,-4.5825, 2.9169, 0.0849,-4.8566, 0.6007, 1.3014,-0.7765, 4.3944, 4.3347,-3.8920,-4.1854,-4.5391,-4.9409,-2.7974,-3.0420,-1.1093,-0.7951,-2.9681, 4.3569,-2.7274, 3.1398
 3.8834, 0.6102, 0.4829, 3.2639, 0.6834, 4.2494,-1.3201,-3.0797,-4.1088, 4.5097,-4.2489,-1.5776, 0.5806, 1.7446, 1.2714,-2.2902,-1.0768,-1.0627, 1.9205, 2.7736,-2.0725,-2.4461, 3.7600,-3.1896,-2.2916, 0.8527, 4.7045, 1.1909, 4.6547, 4.8024
-3.7302,-2.1465,-2.9794,-1.3138, 4.3043, 0.6040, 0.9166,-2.8080, 1.1773,-3.9681, 3.5133,-2.1297, 4.8592,-0.6937, 4.8396,-0.2531,-4.7397, 3.5209, 2.5104,-2.6280,-3.9604, 3.6327, 2.8209, 4.8372,-4.9699,-0.4120,-3.6658, 0.9984,-0.7482, 4.6858
 4.1430,-3.1670, 1.3411, 2.6023,-4.4824, 0.0681,-2.5116, 0.5690, 3.4143,-0.3783, 0.6899,-2.7395, 3.0707, 1.6465, 1.0321,-0.5868,-3.4217,-4.8388, 2.7483,-3.6183, 1.8822,-4.5109, 3.5948,-4.9754, 3.8797, 0.8903, 4.8177, 2.6528, 4.7331,-1.0145
 4.2736,-3.5526, 1.4766,-2.3225,-0.1529,-0.8226,-2.8694, 0.5345, 1.2413, 0.5095,-2.4096, 3.2387, 4.2095,-1.5926, 0.8814, 2.7000,-3.9730, 3.1220, 2.6666,-4.2236, 2.2593, 0.0539, 2.1074,-2.2533,-3.3399,-2.1808, 0.9987, 4.4695, 0.9291, 0.9149
 4.5755, 1.9980, 2.5850,-4.3070,-2.3101, 2.2905,-2.4602, 2.9182, 2.1945,-3.0403,-3.7173, 4.1917,-2.3825, 4.6493,-4.9515,-4.9522,-2.3636,-1.6686, 3.7855,-0.9457,-2.2737, 4.4655, 3.9494, 0.0208, 4.7618,-4.3874,-0.7183,-1.0216, 4.0581,-3.7465
-2.7403, 0.4302,-1.1992,-2.0694,-0.4725, 2.0332, 1.5222,-3.0414, 4.4898,-4.8431,-0.3799,-2.3388,-4.5669, 4.5056,-0.3239, 3.9085,-0.7067, 4.3442, 1.5242,-2.7278, 0.0657, 4.1007, 3.0055, 3.4428, 0.6896, 4.7299, 4.7557,-4.1750,-3.8634,-2.3582
-4.1395, 0.3675,-1.8285,-0.4536,-1.3625,-1.0350, 1.3189, 3.9482, 1.3496, 0.7514, 4.3380, 2.3380,-3.4279,-2.9249, 3.7872,-3.1405, 0.4240, 4.8635,-1.7727,-2.2329,-1.1788,-4.5164, 3.9163,-1.7902,-3.0812,-1.6980,-0.7176, 4.9044, 4.0860,-1.0173
-3.1632,-3.8216, 3.1748, 4.7691, 3.2025,-2.7853, 0.2821,-1.2985,-0.1104,-2.8886,-0.5025,-4.7025, 1.6525,-0.2578, 1.6965,-0.7092,-0.4598,-1.3043, 0.1430,-4.2290, 3.9514, 2.8235,-0.5830, 0.1175,-3.9351,-3.2301,-1.2179, 3.9907,-4.4814,-4.5342
-1.5899,-3.9735,-2.7796,-3.5918,-0.9027, 1.4188,-4.5920,-0.0102, 0.5613, 2.8163, 4.9559, 3.8125,-0.1606,-0.2778, 0.7581,-2.6175, 2.7709,-2.3517, 2.0776, 3.6932, 1.7892,-3.0218, 3.9646, 3.6395,-0.5854,-0.8131, 3.9166, 4.7951,-0.6768, 0.1565
 4.1196, 2.0264,-0.4430,-0.7434,-3.0294,-1.2228,-2.7550,-2.8401,-2.7575,-1.4791,-4.8718,-3.7408, 4.6293, 0.0979,-1.6826, 0.8560, 3.2873, 4.9293,-4.2041, 1.5552,-4.7954, 1.1173, 2.0935,-4.3509, 1.6542,-4.9987, 3.1223, 0.3403,-2.8321, 3.0193
-3.3899,-0.6214, 4.2468,-1.6972,-4.3505,-0.2682,-4.5852,-2.1415, 3.9192, 0.2929, 3.4770,-3.4745, 2.2579, 0.3982,-0.0927,-4.2763,-4.2863, 3.0146,-1.0989, 3.6168,-4.1281, 3.0541, 1.8296, 4.0765, 3.1414, 0.0610,-0.7543, 3.8888,-4.4777,-1.3287
