-0.3252,-3.8402,-1.4251, 3.1392, 1.8065,-1.8282,-3.8921, 1.4013,-1.7689, 4.4579, 1.1540,-4.0988,-0.1100, 4.5875,-4.0635,-0.4640, 3.0212, 1.3223,-2.5422,-1.9313,-4.6507,-1.5139,-4.1889,-4.4186, 2.6382, 2.4394,-2.5397,-1.1659,-1.3446,-4.4400, 2.8208, 1.3000, 1.6984, 4.8524, 4.9576, 3.0206,-4.6520, 2.9379,-0.6869, 0.9164
-2.7317, 0.8834, 4.7820, 2.5766,-2.3369,-4.7994, 3.2148, 3.2184, 4.0351, 4.1197, 4.6786,-1.8035, 4.8564,-1.4272,-4.0968,-3.1855, 1.8025,-0.0900,-2.0067,-4.4778,-3.4361,-2.0979,-0.7395,-0.0510, 0.7455,-0.8107, 0.7232,-4.7015,-3.0698,-2.1708, 0.5422,-0.3144,-4.5000,-2.7076, 1.4571,-1.2781, 4.1724, 4.2935, 1.0068, 2.8891
-4.0214,-3.0772,-0.5846,-4.0605,-4.4693,-3.3561, 0.3329,-4.3639,-1.8658, 0.8089, 1.6159, 2.3203, 2.9593, 2.6440,-4.4064, 1.7222, 0.1923,-2.4289, 1.9473, 1.9416, 0.1489, 4.7925,-2.5192,-4.7994,-3.1401,-2.2238,-4.2321,-2.9575, 4.8902, 0.8164, 4.9716, 4.7189,-0.4721,-3.0252, 1.7729, 4.3546, 4.6317,-0.5491, 1.3079, 0.9564
-2.5643, 1.3328,-1.5506,-3.8603, 0.8371,-3.0281, 4.3099, 3.1268, 4.1448, 0.0904,-3.4371,-0.8566,-0.3400, 0.7026,-1.9270, 4.0647,-3.4858,-1.8964,-2.2680, 3.2248,-2.0508,-0.1306, 1.9627, 2.4345,-0.5143, 0.9777, 4.2057, 3.1097, 1.3084,-3.4902, 3.2996,-1.6158,-1.5196, 1.7508, 4.6984,-3.0037,-3.8626,-1.6955, 4.7841,-0.9047
 1.6900, 3.5365,-0.2804, 3.6424, 2.3178,-1.1102,-1.0361, 0.9773, 1.5563,-1.5092, 4.2761, 2.1317, 2.8960, 2.1035, 4.9383,-4.7952, 2.1016, 4.9597, 1.7188,-1.3845, 3.1524,-0.6978,-1.8657,-2.3219,-2.2622,-4.5535, 2.6407, 0.0608, 2.4693, 3.7855,-3.8401, 2.3897,-0.8522, 2.6777,-4.1582,-1.7260, 4.9083,-2.9832, 4.3699, 3.0050
-3.5760, 0.7857, 3.2233, 3.0610, 0.1586,-1.7192,-1.9376, 4.7016,-2.0132, 1.9997, 0.6755,-0.9427,-4.0530, 0.2256, 4.3840, 1.7198,-2.7655, 1.2399,-3.3420, 3.2354,-2.5316,-1.4111,-1.9432,-3.9235, 3.6853,-2.4688, 2.5963,-0.2598,-3.1496,-1.0633, 4.1841, 3.7852, 2.4850,-3.9956, 2.1239,-0.9203, 4.2109, 4.2457, 3.4956,-1.1223
-1.0602,-3.1369, 1.9065,-4.7845, 2.1720, 3.1690,-2.5802, 0.9361,-1.0457,-0.0677, 3.0719, 4.2778,-1.8016, 2.7769, 0.3913, 4.2843,-1.8986, 3.5830,-1.6037,-2.3628, 3.9960,-3.5801, 1.0946,-4.9479, 2.0633, 4.5306, 4.1603, 1.1944,-3.5356,-3.9778, 3.9797, 3.9367,-4.5852,-1.7059, 0.4428,-4.6038,-2.6970,-0.3780, 4.6022, 4.3360
 3.0301,-1.8832,-4.5946,-1.0878,-0.8362,-0.3188, 4.9848, 2.7134,-3.3153, 2.2202, 1.5097, 3.2530,-3.2985,-2.6967,-4.6197,-1.3179,-0.4370,-2.7180,-1.2215,-3.3065,-1.9353,-1.9422, 1.1267, 0.3170,-0.1913,-1.4037,-0.5342, 2.0778,-1.7477, 3.9935, 1.3853,-2.8651, 3.4047,-1.6419, 2.5531,-1.3042,-3.5867, 3.1839,-1.3550,-1.1531
-2.7559,-2.6319, 1.6732,-2.6954, 2.3525,-4.3717,-3.9770,-0.4020,-1.0778, 2.0459,-1.7918, 2.2557,-2.0228, 1.4754,-4.0871,-0.1152,-3.0535,-4.1456, 0.2011,-1.7926, 0.6268, 3.1626,-1.8755, 0.7738,-0.6023, 4.1733, 3.7244,-0.4338,-2.0003,-2.6318,-2.4780,-1.3847,-0.8985,-4.5319,-2.7804,-1.2154, 0.6384, 0.1725, 3.3636,-1.9242
-4.3226, 2.5770,-2.1073,-2.5573,-2.1252,-0.9889, 4.1354,-2.0130,-4.8716, 0.0264,-0.8221,-4.7557, 0.4047,-0.0568,-1.6555, 3.9905, 2.6743,-1.5787, 0.4029,-3.5165,-0.9551,-4.3966,-0.0268, 3.4152,-2.3780, 2.6046, 0.8268,-1.5196,-0.3678,-3.2633,-0.0813, 4.4537,-3.2693, 4.9949,-1.9840, 4.9697,-2.0549,-1.1430,-4.9433, 1.2643
 3.9951,-1.0261,-0.8180,-2.6543, 4.1920,-0.7940,-4.3352,-4.7676, 0.2358,-0.4380,-3.8844, 4.1039,-4.5377,-3.8419, 2.4751, 0.0207, 0.9791, 0.2278, 4.9565, 4.0236, 3.2745, 2.9413, 0.4226, 3.1823, 2.1833,-3.5079,-2.2761,-1.4370,-1.7731,-0.3215, 1.8508,-4.5675,-3.8644, 2.4665,-3.0184, 1.1635, 1.1558, 2.6823, 2.8365,-1.2566
-2.6625, 4.8253,-2.6676, 2.9047,-0.1655,-1.2102,-0.5674, 2.5706, 4.3208, 0.4045,-4.8401, 4.4239,-3.4060,-2.0766,-4.7551,-3.5508,-1.4145, 3.6407, 2.1961,-2.0237, 2.6521, 1.8635,-1.4131, 1.7290,-4.3601,-3.7625, 3.6253, 4.7272,-2.0872,-3.0045, 2.1993, 0.4751, 3.5831,-4.8704,-0.1353, 2.3141,-1.0639,-4.0918, 3.7201, 0.5353
-3.7414, 2.8633, 4.2735,-1.4791,-4.8639, 4.2571, 0.4623,-0.7527,-2.2040, 1.5203, 4.9640,-0.5776, 4.2064,-3.9806, 2.4847, 3.5013,-0.8786,-2.1722,-1.5031, 1.2655,-0.1568,-0.7337, 2.9939, 0.2843,-4.6071,-1.2146,-4.5092, 1.8365, 3.9982,-2.6219,-3.8924,-0.6400, 3.7605, 2.3556, 1.2875,-4.6558, 3.8307, 3.6031, 0.5057, 4.9281
-2.5968, 0.6235,-2.0905,-4.5238,-0.1389, 0.7470, 0.0566, 2.9352,-2.1179,-3.7464, 4.1840, 1.7913,-0.2825,-4.5327,-0.6526, 3.0458, 1.2670, 3.0567,-4.2672, 4.5723,-0.8202,-1.8854, 3.8529, 3.1260, 4.9562, 3.7673,-4.3547,-0.8429,-1.3519, 1.1492,-4.4910,-2.3013,-2.5357, 4.1238,-2.1298,-0.3217,-1.1697,-0.0597,-3.8713,-2.7700
 3.3432, 4.4196,-2.5822,-3.9206,-2.3537, 2.8625,-0.4286, 3.5058,-2.6370, 4.7535,-0.1589, 2.7272, 2.8829,-1.1701, 4.7528, 1.5676,-4.3836, 0.9719, 3.1089,-1.8306,-0.8742, 0.7558,-4.8557,-0.1186, 1.4662, 0.3549, 0.5612,-0.2631,-2.3513, 0.9310, 2.3194, 3.8479, 1.4779, 2.5707,-0.5646, 1.1606,-1.0501, 0.1808,-0.0324, 2.0485
-0.7632, 4.1564,-4.9015,-1.5782,-3.3958, 1.0244, 1.6168, 1.4888,-2.1263, 2.1520, 0.4738,-2.1891, 4.7054, 4.5336, 1.9449, 1.0591, 4.9012,-3.2404, 0.7507, 2.2608,-0.5798,-1.5134,-4.6132, 2.1792, 2.9940,-3.4932, 3.1911,-1.7439, 3.8718, 0.7910,-1.5944, 1.2603, 2.6827,-4.2478, 4.2444, 0.0290,-1.5132, 1.3279, 4.9740,-4.7945
-4.0486, 0.1119, 1.2296, 3.4651, 1.0412,-4.6924, 4.5911, 2.3349, 0.6990,-1.0553,-4.5130, 4.3147, 2.5387,-3.0726, 2.3892,-1.9491, 4.0892,-2.8601, 3.8680,-4.6007, 3.7129, 0.3088, 4.8149, 2.9756, 2.9199, 4.3668,-4.1306, 4.3295,-1.3659,-1.3529, 2.5639,-2.8562,-2.8243, 0.1045,-0.8606,-4.5783, 0.8954, 0.2184,-0.0238,-4.5723
-3.6190, 4.0548, 4.6477, 4.2764, 0.5989,-3.2808,-0.4006,-4.0534,-4.6468, 0.1371,-2.5876,-3.1206, 2.2513,-0.4595, 4.0759, 1.1256,-1.1706,-4.8419, 4.6461,-2.5031, 2.4407,-2.0048,-1.6581,-0.6885, 3.3343,-1.7300, 1.1648, 1.9904, 2.5313, 4.4771, 4.9047,-3.5619,-1.4899,-4.4088,-0.5981,-1.7395,-4.5764, 3.7294,-3.4334, 3.0295
-4.9991,-4.5437, 1.1763,-2.7529,-0.0737,-3.0563, 4.3530,-0.9478,-2.8397,-4.5582,-4.7560, 4.5336, 0.7235,-3.7475,-2.3224,-2.1160, 2.4495,-3.6791, 4.9911, 2.6501, 0.6003, 4.5172, 4.6086,-1.8599,-0.7175,-0.7771, 3.4364,-3.0475, 1.5359,-4.8297,-1.7039,-3.9631, 0.4950, 4.4443, 0.6501,-3.1369,-3.5218, 3.3802, 1.0070,-4.3384
 4.2516, 0.5718,-4.0342,-2.9521,-4.5675,-4.8655,-0.5538,-0.0016,-3.7550,-2.9564, 3.7719, 0.9605,-2.2050,-2.9437, 0.2131, 2.3930, 1.9880,-3.2725, 0.4633, 3.3500,-4.3763, 2.5516, 1.8609, 1.3472, 4.4304,-1.1902, 2.2301,-2.9631, 0.3009,-3.5741,-3.8074,-1.2304, 2.6706,-3.3086, 0.7255, 3.3653,-2.4667, 4.6094,-1.3665,-2.7741
 3.4919,-2.0765,-4.1954,-4.5833, 4.2078, 1.2558,-4.9307, 0.3694,-2.7081, 1.7841, 1.2762,-3.4222, 3.8653,-0.1916, 1.2991, 0.3381, 2.0214, 1.9511,-2.2261, 1.6920, 1.1085, 3.3237, 1.6290,-0.0886, 4.8420,-3.4885, 1.3503,-1.9740, 2.4759,-3.3897, 0.1287,-2.5403,-4.9759, 1.1377,-1.4914, 0.2446, 1.2575,-3.6117,-3.8836, 3.4533
-1.2147,-2.9556,-1.6307, 4.3459, 0.6285, 4.6865, 2.5818,-2.0130, 4.6370, 4.2494, 1.4594, 3.6120, 1.7819, 4.3349,-0.6898, 2.1193, 1.0360,-0.6393, 0.3054,-2.1533, 1.7210,-2.7970, 0.9903, 2.8744,-2.9098,-1.6123,-1.9450, 3.4529,-0.8928, 1.1280, 2.9046,-0.7636,-4.3437,-0.4419, 0.0200,-3.7097,-4.5730,-0.0594,-3.6917, 4.5310
 4.0683, 4.9572,-1.4857, 4.2860, 0.5226, 4.3251,-0.1048,-4.1436, 0.8669,-2.4508,-3.4594,-0.6158,-1.1783, 2.0291, 1.0522,-3.3868, 1.2699,-4.7849, 4.4047, 0.9250,-0.0132,-0.1054,-3.8096,-3.8876,-2.1191,-1.5691,-1.0167,-1.7185, 3.0867, 1.3449,-4.9549, 3.1787,-0.4274,-0.6054, 4.5232,-2.5850, 4.0466, 2.6264,-1.5168,-4.7344
 1.8407,-1.5467,-0.7959, 0.9090, 2.4315,-3.2552,-1.2029, 2.4819,-4.8737,-2.0059, 2.0640,-4.6710, 3.4939, 0.9218, 1.9537, 4.6637,-4.2108, 2.4327, 2.2771, 4.7665,-0.8483, 1.3795,-4.6795, 1.4388,-3.9927,-4.9767,-1.1858, 1.8278, 2.6640, 3.0650, 4.8518,-3.1221, 0.4060,-3.5882,-0.5691,-3.3463,-0.3032,-0.8279, 1.6271, 4.2552
-3.9687,-2.8301,-1.5663, 1.3727, 3.5697,-4.5786, 0.3636, 0.1214, 3.4263,-4.7713, 1.7258, 2.4183,-3.3578,-3.4816, 3.9145, 1.7706, 2.3688, 2.1043,-1.7508, 3.5357, 1.5950, 2.5803,-0.2833, 0.5288,-3.3902,-2.6502, 2.3099,-3.0593,-2.9680, 4.6759,-0.8501, 3.7714, 1.2932, 0.3100,-0.5690, 0.9701,-3.0943,-0.7250,-4.1479,-1.3724
-0.7930,-4.3786,-0.0797,-3.9975,-1.6681, 4.4997,-2.8985, 2.1167,-0.7063, 3.4275,-4.2203, 3.6966, 3.7682, 3.7646, 1.7885, 2.7459,-1.0406, 2.0947,-3.2164, 1.9410, 2.1256,-1.4399, 1.4828, 1.0430, 2.2028,-0.9806, 3.3632,-2.1792, 0.3927, 1.0891,-1.9996, 1.4216,-4.7967,-0.6420, 2.5904,-4.6721,-1.0896, 3.5666, 1.8605,-1.3757
-0.2211,-2.7822, 0.9802,-2.6200,-2.6548,-0.9566, 1.7022, 0.0835,-3.4201, 3.4716, 1.3089,-2.7295,-1.3247,-2.6579, 0.5397,-0.0131,-4.4189, 2.4335,-3.4957,-1.5609,-0.8671,-2.5303,-1.6055,-1.0774, 2.7423, 3.1923, 2.7237, 2.6206, 0.6232, 3.7354,-0.0427,-1.9881, 4.3838,-3.6485, 1.3662,-3.9565,-1.7540, 3.4447, 2.6798, 1.8738
 0.9960, 3.9238, 4.6586, 1.3950,-4.1384,-1.7049,-3.3857,-4.3836,-3.2568,-0.4045,-2.2823,-0.4342,-4.6307,-4.9437, 3.6003, 1.2083, 0.9317, 3.6059, 0.4996, 4.5255,-3.5785, 0.7977, 2.4156, 4.8707, 4.9149,-0.5173,-1.6954,-0.0195, 0.7717,-3.2377, 2.3364,-0.0920, 3.9383, 4.7323, 0.8780,-0.5356,-2.7503, 3.8933,-4.7762, 3.4705
 3.1224, 3.5655,-0.5065,-4.8977, 1.5736, 2.1702,-2.4203, 2.9610,-1.2233, 0.8648, 4.2002,-1.6489,-1.8849, 4.9323,-4.6869,-0.8695,-4.1032, 4.9725, 3.5802,-1.9321, 1.4948, 4.1503, 4.0161, 3.8041, 4.8887, 2.1178, 4.8235, 1.2305,-3.5271,-1.7737, 3.2004,-3.6072, 4.8764,-0.1676, 3.5046, 2.2397,-1.8280,-0.5250, 2.2677, 3.6573
-0.3138, 2.9345,-0.4009,-3.4507, 3.2506,-3.4103, 0.6282,-4.3351, 1.4020,-2.4790,-2.3867,-2.7093, 0.1269, 0.8959,-1.3558,-1.2945, 2.0973,-3.5148, 2.6389, 3.4608, 4.4665, 2.7697, 4.1476,-2.2105,-3.0447, 1.8308, 2.9835,-0.7221, 1.1665, 4.0622,-1.0234, 0.7770, 2.1798,-0.4487,-0.0277,-4.8695,-2.9176, 2.4022,-1.8341, 4.3525
-4.2014, 0.6079, 2.9423,-3.6762,-1.0506, 1.1270,-0.6710, 2.1338, 2.1695,-3.9124,-0.4377,-2.9761,-3.5275,-4.5862, 2.7781,-1.5279, 4.6657,-1.5277,-2.3287,-0.8216,-1.2204, 2.6200,-3.6823,-1.0597, 3.4067, 4.6336,-4.9706, 0.8736, 4.7571, 2.1320, 3.8392, 4.3500,-2.7248,-0.1189, 4.8032,-0.8515, 0.9890,-3.6271,-1.8726,-3.5776
 1.1615, 0.4223, 3.4537, 2.3877, 0.4614,-1.1301,-4.0810,-0.8550,-2.5993, 0.2089, 4.8279,-1.3922, 4.8522,-4.2348,-3.7880,-4.8205, 4.1562, 3.5637, 1.1561,-0.7839, 0.4835,-3.9898, 2.3683, 3.3331, 3.3879,-1.0799,-2.5622,-3.0462,-1.2273,-3.9736,-2.3906,-3.1582,-2.0451,-0.7768, 3.0033, 1.8356, 4.3312,-4.4479, 1.9639, 3.5961
 3.5276,-4.7226, 0.4887, 1.5477,-4.0874, 1.2227,-3.8354, 4.7665, 1.3369, 1.1415,-2.5532, 3.2643,-4.0519,-1.1049, 4.8819,-4.3572,-0.2128, 3.5298, 4.9211, 2.5225,-2.9352, 4.0207,-1.5850,-4.9594,-4.6196,-0.0447, 1.2162,-2.1688, 3.8054, 4.7476,-1.5220, 0.1075, 3.4392, 3.1071, 4.9658,-4.0053, 0.5476, 3.3655, 2.1747,-3.8322
 0.3233, 0.5949,-4.9489, 2.5733, 3.9841,-2.4039, 2.2459,-3.2001, 1.6791, 4.4155,-2.3291,-1.4570,-4.3983,-3.6033, 0.9421,-3.3616,-2.6293,-3.0557,-4.7771, 3.5211, 1.7978,-1.1648,-2.6628, 2.5293, 4.4353, 0.3730,-4.4385, 4.8238,-0.6182,-0.2677, 2.5750,-0.0109,-0.4474, 0.9998, 1.1011,-1.3437, 1.5324, 0.2713,-4.0908, 0.6123
 3.7550,-3.2340, 1.4507, 2.9511, 0.9338, 0.7395,-0.3064,-3.5461,-3.1442,-0.0730,-4.5731, 1.0535, 3.0978, 4.0063,-2.3949,-0.6829,-2.7213,-0.0164,-2.5866,-1.9084, 4.9753,-1.5351,-3.0010,-2.0377,-1.1744,-2.2415,-0.7189,-4.1234, 1.9678, 1.8759, 0.4359,-2.7036, 3.3282,-3.4940,-4.3197,-2.0128, 1.3218,-0.0170,-3.7045, 2.2793
 4.1462,-0.2713,-4.7153,-4.5940,-4.5520, 2.7818,-3.6838,-3.0754, 2.2628, 3.8643,-0.8488, 0.1821,-0.8570, 4.0022, 3.4911,-2.4444,-0.6947,-2.5155, 4.4201,-2.3971,-3.7317,-0.6010, 4.2212, 1.2380,-2.1954,-1.2447,-2.8011, 4.0701,-3.7895, 4.5127,-3.1253,-1.1850,-4.7953, 2.2808,-0.6611, 3.5747,-0.6029, 1.4444,-2.0659,-3.9707
-1.3751,-0.9110, 2.8206,-0.8630, 1.8269,-0.1406,-3.3639, 3.6157, 2.1361, 3.4667, 1.2938, 2.5590, 0.7673,-0.7381,-2.5738, 2.5471,-4.7775,-4.4635,-2.7658,-1.9817,-1.4101,-2.8993, 3.8158, 3.4174, 3.5208,-0.6735,-3.3732,-4.2756,-4.0292, 0.4506,-1.0146, 1.1999, 4.2267,-2.2852, 0.7530,-2.5375, 0.9240,-3.1387, 3.3479,-0.9329
 4.3103, 4.5300,-2.3736,-0.9327, 3.3428, 2.5458,-4.0746, 1.1809, 3.1908, 4.3573, 4.7821,-2.6284, 3.2156,-3.7840,-2.7678,-3.2799, 2.8946, 2.3372, 2.6419, 1.6134,-0.1006,-4.8371,-2.8476, 2.4799,-3.3126,-3.1313,-3.5302, 4.4773, 3.3749, 1.9734, 1.6619,-2.5230, 4.3133,-4.9462,-4.1744,-4.3391, 1.8322,-1.1882,-4.2360, 4.1245
 3.9732,-4.3068, 1.0522, 2.0761,-2.9749, 3.9125,-3.3625, 2.6445,-3.6261,-4.1073, 2.2841, 1.2299, 2.2908,-0.2369, 2.0332,-2.7188,-3.0318,-3.7482,-0.5635,-1.2941,-0.2338, 2.0899,-0.3803, 2.6719,-0.8603,-0.3479, 3.6973,-4.9301, 4.8851, 2.1373,-2.2433,-4.8703,-3.0487, 4.5782, 3.7151, 0.0733, 3.6997,-1.9290,-2.0396,-3.0672
-3.7257,-3.0041, 1.4976,-1.6168, 0.6568,-4.3315, 2.6674, 0.3114, 0.0555,-0.1904, 0.0281,-3.7990,-1.2125, 0.3554,-4.6607, 0.8448, 3.9028,-3.3964,-4.8255, 3.3397,-0.9022, 4.2442,-3.6545, 1.2975, 0.1377, 1.9116, 3.8875, 1.7041,-3.2334, 3.3354, 2.5030, 0.4677,-4.0896, 2.0317,-2.3469, 4.4103, 4.6440,-4.0002, 2.2237, 2.2946
-4.2986,-3.4922, 0.4710, 4.0318, 3.6616, 2.5846,-2.6510,-2.6746,-3.9840, 4.2548, 4.6271, 4.6772,-4.6411,-3.2265, 2.9863, 2.1141,-2.0073,-0.7819,-3.7836, 0.4520, 0.4807, 3.3906,-2.2310,-1.9697,-2.5198,-2.1515,-3.4858, 3.4116,-4.8290,-3.9158,-2.7692, 4.4758, 2.0943, 4.6810, 0.2589,-2.5344,-1.4245,-4.8580,-4.1971,-3.4606
-0.5887, 2.3263, 3.7028,-2.1940,-1.3287,-4.7285, 0.0497,-1.5160,-1.9786, 2.5492,-0.3035, 0.7542, 3.1199, 2.8519, 1.8943,-3.9078, 2.3732,-3.5004, 3.2731, 2.7592, 1.6426, 3.3347, 1.7601, 0.9096, 3.1612, 2.3909, 0.6928,-0.6805, 0.4130,-2.0164, 4.5263,-1.9006, 2.4282,-4.6971, 0.4383, 3.8870, 2.4562, 3.6773,-0.6079, 2.5053
-4.5203,-4.4561, 0.3244,-0.7443,-0.2045, 0.3306, 4.0532, 2.5779,-4.7252,-4.5272,-2.8538,-3.4867, 4.7968, 1.1083,-2.9827, 4.2051, 2.4120, 1.3411, 0.3849, 2.8592,-0.4212,-0.9105,-1.9550,-2.8896,-4.5024, 0.1239,-0.4985, 0.5301,-2.1855,-0.0884, 1.6498, 1.8433, 2.6803,-0.0567,-1.7734,-3.2971, 3.6205, 4.0122,-3.2626,-1.5928
 3.9829, 3.0773, 3.5287, 2.6162, 1.4955, 4.6385,-1.8812,-1.9341,-2.8055, 1.0214, 0.2271, 4.8040,-4.3511, 4.2342,-0.6804, 0.1947,-4.9584, 4.4228,-3.0303, 4.6634, 3.3191, 1.2846, 3.3270, 1.8671,-4.9186, 0.5228, 1.6640, 4.6408,-0.7185,-3.9932, 0.4587,-3.1092,-4.7536, 2.1786, 3.0928,-4.2510, 0.2647, 4.3587,-1.0748,-2.6107
 3.6271, 3.4810,-0.2086, 2.7237,-4.7030,-4.0207,-2.0389, 2.9344,-2.2233,-2.0946,-4.3967,-3.1025,-2.7273, 3.1378,-3.7417, 3.3302, 3.5974,-0.7799,-1.3677,-0.2775, 0.7669,-3.9003, 3.0455, 3.4825,-4.8567,-0.3167, 0.5758, 1.5127,-1.7471,-2.5028,-3.9587, 4.7538, 2.7030,-4.5035,-4.6594,-3.5584,-2.7520, 4.4092,-4.4785, 1.4270
 0.2237,-4.5548, 2.2702, 2.4858,-2.2187, 1.8581, 0.7450, 1.9638, 4.0052,-4.5995,-2.0069, 3.3711, 4.0827,-4.1667,-4.1142,-1.8569,-0.4119, 4.1098,-2.7201,-1.2574, 4.8899,-4.7104, 0.7562, 4.2854, 4.3102,-1.1197,-2.0728,-2.7312, 0.2581, 0.6090, 0.6084,-3.5307,-1.9258,-1.7966, 0.1859, 3.6025, 0.3917,-3.0334, 1.4693,-0.2819
 0.9172, 2.8899, 2.5799, 1.2178,-3.7955,-0.5750,-3.1763, 3.0088,-4.8596,-4.8136,-1.4230,-4.1221,-0.8745, 4.4032,-0.0356,-1.3084,-2.0912, 2.0214,-2.0960, 1.5875,-2.2693, 4.7792,-4.5154, 0.2046, 1.6883, 1.2296,-0.8688, 3.5145, 1.8733, 1.8990,-1.7906,-2.4467, 2.7617,-2.0340, 1.7133,-4.0121,-4.7252, 2.9297,-3.5436, 4.5553
 2.3589, 0.8575,-0.8778, 0.4028, 4.6633, 0.9884, 4.9998,-3.0591, 3.1514,-3.7893,-4.4415, 0.3058,-3.6132,-2.5731,-1.2739,-4.0864,-3.2828,-0.2476, 0.0191,-2.5494,-3.9845,-4.1656, 4.8174,-3.5850,-2.7732, 0.2620,-2.8714, 1.0743,-1.9962,-2.6447, 3.3035,-4.7748, 1.2953, 4.4418,-2.7097,-1.3287,-4.0314, 0.5250,-2.5630,-2.4195
 3.9523,-0.9631,-1.6519,-0.2823,-4.0500,-3.0807,-4.8126,-4.9631, 0.7111, 3.3697,-0.2502,-4.5396, 4.3875,-0.9173, 1.9447, 1.8414,-3.9958, 2.1979, 2.0086, 1.0512,-0.0904,-2.6573,-4.7341, 4.2300,-1.4968, 2.1796, 2.8131, 1.1035, 3.7724, 3.7323, 4.2228,-1.7194,-1.8149, 3.0123,-3.0076, 3.7227, 0.9519,-3.6640, 1.7352,-0.0749
-4.3396, 0.1226,-0.6630, 3.0790, 3.3452,-3.2754,-2.7259,-0.3546, 1.7367, 2.2832,-0.6852, 3.3557,-1.7271,-4.2420,-4.2256,-3.7225, 4.6171, 0.6748, 2.6142, 1.7579, 2.0710, 4.3566, 3.2189, 1.5571, 0.0137, 3.7503, 3.9286,-3.9066, 4.2381, 4.8779, 1.5798, 4.4202, 0.7466, 3.0974, 3.9964, 4.1081, 3.3373, 4.6255,-1.2488,-1.9496
 3.2241, 1.0398,-4.9161, 2.5712,-3.8514,-4.7472, 0.6338,-3.9833, 3.3723, 3.0968, 4.2504, 4.0735,-0.1562, 4.9702,-1.6306,-4.8865, 1.0931,-4.4126,-4.7307, 3.0415, 4.5397,-0.1208,-0.1551,-1.1367,-2.1341, 4.5704, 1.5151, 2.1715, 3.0133, 4.6718,-1.1412,-0.0782, 0.6912, 0.1519,-3.1693, 0.3021, 3.2198,-2.3807, 3.0255, 3.5052
-0.6300, 4.4187, 3.2071,-4.5168, 4.9275, 4.9518,-0.4168, 0.7448, 0.2523, 0.5162,-0.6783,-1.9196,-4.3358, 0.1276, 4.3121, 3.7460,-2.4854,-4.7022,-3.2159, 4.7126, 2.7480, 1.6286,-1.8403, 4.6322,-1.5043,-3.2755,-1.2815, 0.1612,-3.9088,-1.4676, 0.5041, 3.9206,-1.3045,-1.4565, 4.5831, 3.6529, 1.9133, 2.0011,-2.8281,-1.4516
 3.8131,-4.9578, 1.1250,-2.3137, 0.9888,-0.6346,-2.8242,-4.3016, 1.0317, 0.2011,-2.4964,-3.3107,-1.9728,-1.4184,-3.8290, 4.0471, 0.8724, 1.0103,-3.8248,-4.3872, 1.3675, 0.9286,-4.5035, 1.2691,-2.0883,-1.7819, 0.3032, 4.3578, 3.7405,-3.3296,-1.8934, 3.5867, 3.6615, 1.9904, 0.2595,-3.1182, 4.3749, 3.4703,-4.8032, 4.8582
-2.2943,-3.8963,-4.8249,-3.3143, 1.3176,-1.0596,-2.8070,-0.2526, 4.4986, 0.4987, 4.1675, 4.8990, 1.2143, 3.5736,-0.2796,-4.0722, 1.1822,-0.5096,-1.5060, 4.5503, 4.9104, 4.4999,-0.0869, 2.8906,-3.5005,-4.3990, 0.5474,-3.9744,-3.2673, 3.6174,-2.5186,-2.5031,-0.0062,-3.6870,-2.1325, 3.8245, 2.6003,-2.0450, 4.0258,-1.7903
 4.1649,-0.3056, 2.0830,-2.8762,-3.3110,-4.4021, 1.7308,-1.8864, 3.1325,-0.7788, 4.6873, 3.8588, 0.4663, 4.2338,-4.5431, 1.1814,-2.6370,-0.1140,-2.0387, 4.6786,-4.3495,-1.0579, 0.8760, 1.5455, 0.7835, 2.1913, 3.9114, 0.6761,-0.9499,-1.2722,-3.9899,-0.9618, 3.5790,-3.5835, 3.3892, 1.2466,-3.5829, 3.0601, 0.1676,-2.5927
 1.7064, 2.1885,-1.2272,-3.9894, 0.7858,-0.4061, 4.3733, 1.1862,-2.7123, 0.3568, 1.1668, 3.3790,-4.1354,-4.0619, 4.8577,-4.2947,-4.3036, 3.0792,-4.7072,-2.0666,-2.3936,-2.8011, 3.3263,-3.5583,-1.1006, 1.3490, 3.8413,-3.7402,-4.8910, 2.7634,-1.8866,-3.1769, 1.0300,-0.5745, 2.9774, 0.9315, 4.6295,-1.4333,-1.9114, 0.3386
 2.7667,-0.6308,-0.0648, 2.5649,-1.9363,-3.9949,-3.8596, 1.0498, 0.7499,-1.5720, 1.4357,-1.7605,-4.6303, 0.4554, 0.7717, 1.4897, 0.6983, 4.5430, 1.9573,-2.7129, 4.3105,-2.0422, 2.2487,-1.0743, 2.5424, 1.1648,-1.0107,-4.6300, 1.0079, 1.4675, 4.5660,-2.2662, 4.8362, 2.6673, 3.6537, 0.7450, 2.1063, 2.2789, 3.0854,-1.8929
 3.4308,-1.9856,-1.4938, 1.0966,-1.0759, 4.2770,-4.5989,-0.2961, 3.7929,-2.2553,-3.8529, 3.7091,-2.0540,-3.0470,-0.8957,-4.2716,-0.4223, 3.8075, 0.9986, 2.6637,-1.0099,-0.6762, 4.3418, 0.4661, 1.3357, 1.1429, 0.9534, 4.1501, 1.1719, 0.4526, 4.9099,-2.3709, 2.1564, 3.1041, 4.1757, 2.0906,-3.1264, 4.8332,-2.7778, 3.6533
 3.4767, 4.3799, 4.4712,-4.4795, 0.8981, 0.6742, 3.4340,-3.8480,-0.3650,-2.6343,-4.3268,-0.8835,-0.6766, 2.7476, 0.8990,-3.0824,-3.8055,-4.5294,-4.9330,-2.1362,-3.1002,-1.9617, 1.2343,-2.7861,-2.0325, 1.9652, 2.8346, 0.6915,-0.8706,-2.7588,-4.1115, 1.2145, 0.2412, 3.3292, 1.6336, 1.7607,-0.8653, 1.7940, 0.8182, 4.8288
 1.5726, 2.4773,-2.0536,-1.8941, 3.1993, 1.3692,-0.5742,-3.6024,-3.9393, 2.0138, 1.3132, 1.1349,-2.5924,-0.4896,-4.0581,-1.3434, 3.1676,-0.7264, 3.4027,-2.9960,-2.1309, 4.9783,-1.5217, 0.2826, 2.4773, 2.5582,-0.1472,-2.3320,-3.3431,-4.3705, 4.9046,-0.2312, 4.9429, 3.0143,-0.7497, 0.5405, 2.0434,-2.9870, 0.6264, 1.9069
-0.8309, 4.6919,-3.5910,-3.1513, 2.6965,-2.6936, 2.1062,-2.5460, 2.9253, 2.5836, 4.2375, 2.1014,-0.8037,-1.3529,-4.4039, 1.5192, 0.5176,-3.0786,-4.9088,-0.7058, 2.3194,-0.1390,-4.4505,-4.8956, 0.9049,-3.2009, 1.9290,-3.7127, 2.7260,-4.4619,-0.0270, 3.7891,-1.3750, 1.9838,-3.3936, 1.3652,-4.4611, 1.1226, 1.2700,-0.1409
-3.4098,-0.5783, 1.0670, 2.3225, 4.1586, 4.0785, 4.3826, 0.5604,-0.3199,-4.5424, 2.8583, 2.4083, 4.8770,-3.2607,-3.0390, 3.0610,-0.9206, 2.5216,-0.8925,-0.5558,-4.7375,-2.8812, 1.4024,-1.3983, 3.5519, 2.3224, 1.3852,-4.5497,-4.2885,-2.6413, 1.7323, 2.2186, 1.7666,-3.4558, 1.2958, 2.2977, 0.0486,-1.7443, 1.7132,-4.4652
 3.5523,-1.6202,-2.9942, 3.5199, 4.0680,-0.8639, 1.0315,-0.8682, 1.2387,-4.0370, 2.3785, 3.2865,-1.4887, 3.1033, 2.9725, 3.8951, 2.7343,-3.6788,-1.9913,-0.8815, 3.7845, 1.5488,-4.7307,-4.6174, 0.5495, 0.4643, 2.2674,-3.6805, 3.6926, 4.7584,-3.9888, 2.7978,-4.7591,-1.3125, 3.0333,-2.2997,-2.6457, 3.3171, 0.6089, 0.6231
 4.0112, 0.2651, 0.6327, 3.2655, 3.8713, 1.1238,-1.1913,-0.9077,-1.2430,-0.0756, 4.6332,-1.5575, 2.5403,-3.7921,-3.5927,-0.4243, 4.2736,-4.8263, 2.9184,-3.7986,-4.5320,-4.1734,-0.6414, 1.1443, 1.0273,-4.5437, 4.1484, 0.5919, 0.2613,-1.1478, 1.0627, 2.9447, 4.6019, 2.8186, 0.5348,-3.8764,-3.4468,-1.3345,-2.0720, 2.0547
 4.5041, 0.5373,-4.7964,-2.5045, 4.3808,-3.1110,-2.8924, 1.7476, 4.7452, 3.5874,-1.2726, 4.2406, 2.3429, 1.2083,-1.5892,-0.6234, 1.5745,-3.6321,-2.6084,-0.8459,-0.4875, 0.2076,-3.9190, 4.9489, 0.8766, 3.3893, 0.4527,-4.9762,-1.3637, 2.7449,-4.8712, 3.3833,-0.3139,-3.7168, 1.8737, 0.3239,-0.6838, 1.7846,-4.3998,-3.0363
 2.9705,-3.7190, 3.0827, 4.9149,-2.7503,-4.3558,-3.3198,-3.6409, 4.7951, 3.7612, 1.7885,-1.3434,-0.2171, 2.5957,-2.9396,-2.1372,-2.3894, 1.3200, 1.8223,-2.3302,-3.2139, 3.9269, 3.8255, 1.3544, 3.1658,-0.0448, 0.8301, 4.3743, 1.1959, 4.3222, 2.2935, 0.1572, 2.8867, 3.1587,-2.9889, 4.6795, 0.2629,-3.1228, 1.2904, 3.7537
 1.4161,-1.6613,-4.4344,-0.0456,-4.0129,-0.4381, 2.5733, 0.9979,-1.7540, 0.6165, 4.5145,-3.4990, 0.6413, 4.1430,-0.2899, 3.4897, 0.0428,-4.8478,-0.9329,-1.3074, 4.8532, 2.7950, 3.2452, 0.5173, 2.1279,-1.8691,-2.9307, 0.8426, 3.1906,-3.8899,-4.7007, 2.0166,-3.2021,-3.4949,-1.4357, 2.2353, 0.6562, 4.0543,-4.2785,-3.1198
 0.1209, 0.2648, 0.6203,-2.7923,-0.7544, 1.0022, 2.3591,-4.5488, 2.6026, 3.8869,-2.7783, 1.9431,-2.6779,-0.8912,-3.0125, 0.3118, 0.3527,-4.8406,-4.3613, 1.5886,-1.8713,-1.5570,-0.1515, 3.8932,-3.7111,-2.9971,-2.7058,-4.5920,-4.1805, 1.9876, 4.7492,-3.9538, 2.6398, 4.3328,-0.1435, 4.3097, 4.4947, 2.4526,-1.0025, 3.5219
-4.4161, 4.0435, 4.1331,-0.2649,-4.1568,-1.0371, 2.2049, 3.1369, 0.0845, 3.4647, 0.3796,-2.4296,-2.0469,-1.1049, 4.1685, 4.9610, 4.1517,-0.7069, 3.8677, 0.2292,-1.2083, 4.2881, 0.0766,-0.5884,-0.1039, 3.7898, 3.3719, 1.3276,-2.8149,-2.6662, 1.0731, 0.2020,-1.2412,-1.9421,-2.2501, 2.0280, 3.1706, 4.8908, 2.3202,-2.4599
-1.0932,-1.6206,-2.1565,-4.1821,-1.1957,-0.0530, 2.4629,-0.9351, 0.4469,-3.1848,-0.2530, 3.4564, 0.0614,-3.8753,-1.7175,-1.0392,-3.5719, 4.5167, 0.5501,-3.0886,-4.8732,-0.2622, 4.4466,-0.1457,-3.9689, 2.6022,-2.8357, 3.9624,-2.4666,-2.4745, 2.4819, 0.8710, 1.6156,-1.9792,-4.5693,-0.1722,-1.8843,-2.1928,-1.9762,-0.3923
 2.7302, 1.8366,-1.8419, 3.8408, 2.8113, 3.5937, 2.0731,-0.5990, 0.6858, 1.3401,-4.7156, 3.9901, 4.9803, 4.5773,-0.5808, 2.7454, 0.3861, 4.1242,-0.7958,-0.9099, 0.7122, 0.7632,-2.1261, 4.3783,-3.2737, 0.5530, 4.9651,-1.8274,-0.4697, 2.3095,-4.2997, 4.0781,-0.3735,-4.9279, 0.5851, 2.7677, 1.1604,-2.1106, 1.7716, 4.3212
-0.9678,-4.2484,-2.8014,-2.9563, 3.6871, 1.8166, 3.3358, 3.7325,-0.2957,-1.5631,-1.0896, 4.3582, 1.0834,-0.9831, 4.2000, 1.0246,-4.6838, 2.0668, 1.3050, 0.0696,-3.9255, 2.5122,-2.4345,-0.8437, 1.5684, 1.7212,-4.9475, 1.4134, 3.3769,-3.5102,-4.3738, 1.3322, 1.5442, 4.6172, 4.9424, 1.1092, 4.5252, 3.2269, 2.6164, 2.8095
 2.5590, 3.5159,-4.8447, 2.2549,-4.4491,-4.6224, 3.0169, 4.6912, 1.9543, 3.4281, 1.1907,-0.9671, 4.6810, 0.4731,-0.0327,-2.9837, 1.8466, 2.3144,-1.2136,-3.1102,-2.6751,-4.9360,-0.9413,-1.2005, 2.4114, 2.3929, 1.5581, 3.9903,-4.6512, 3.9532,-3.0886, 2.4016,-1.8237, 1.0805, 1.9075,-2.8595,-0.6064,-0.5292,-4.0885,-0.0522
 0.0262, 3.4454, 2.5582,-2.2937,-4.6586, 0.6547, 0.6914,-3.3796,-2.8017, 0.0597, 4.6979,-3.2886,-4.5958,-4.5876,-2.5059,-4.9058,-2.2830, 0.1609, 2.1949,-2.7464,-4.8563,-2.4568, 3.9377, 1.1052,-4.8132, 2.8851, 4.7333, 1.2746, 0.9498, 3.3588, 4.4849, 1.9489,-0.4632,-3.5777, 2.8189, 0.5435,-1.4574,-0.2932, 2.6218,-3.6553
-4.2638, 3.2007,-1.3666, 1.4666,-4.6941,-4.8286,-2.1252,-0.3071,-2.9782, 4.3230,-4.2552, 1.9416, 3.2013,-1.1885, 4.6770,-1.5509, 0.3093, 1.6708,-3.1346, 1.0143,-2.2681,-1.0537,-0.8544,-0.8098,-3.1628, 0.9781,-0.1379,-4.7981,-0.1207, 1.1901,-3.1126,-1.2999,-1.7945,-3.6225, 2.1570,-1.0067,-2.3687, 3.9485,-3.8788,-1.3085
 1.3676, 1.2435, 3.8844,-0.3212,-4.4469,-4.3290,-4.4302, 2.1456,-2.9904, 4.9701, 4.3274,-4.9118, 1.3715,-2.3065,-4.9005, 0.1955, 2.6909,-2.9718,-2.4844,-1.3844, 0.4224,-3.5943,-0.9442, 3.0739, 4.6495, 1.4505,-1.5210, 3.8689, 2.7014,-0.9858,-2.0853, 4.8460, 4.8825, 4.0060, 1.5122, 1.3271, 4.2175, 3.4051,-0.6929,-4.9064
 4.5400, 3.3265, 0.4760,-0.7720, 0.6723,-0.3020, 0.2953, 1.6067,-2.6462, 1.7679,-0.6241, 4.2456,-1.6701, 4.3572,-2.9053,-1.8473,-1.9166, 2.1479, 2.7905, 3.2951, 4.9519,-4.2243, 0.2363,-4.8264,-3.2213,-3.8055,-2.9116, 2.1693, 3.1900, 3.1133, 3.9597,-2.5073, 0.8870,-3.8388,-3.1857, 2.0971,-2.3190, 1.3777, 1.1214, 2.5570
 0.0715, 2.3477, 1.5030, 1.1505,-2.1139,-4.8450, 1.7814, 4.7268, 2.9812, 3.7208, 3.2126,-2.5973, 4.8291, 3.5778,-4.8928, 1.2491,-2.0848, 1.9509, 0.4772,-4.5708,-4.5995, 3.1449,-2.5330,-0.1011,-4.1218,-0.4145, 4.8436,-3.5304, 3.3214,-1.9426,-3.7640,-2.9529,-1.7396, 0.8482, 3.4599,-1.4321,-4.7838,-1.8499, 2.1159,-2.4030
-2.9062, 0.2369,-2.8786, 4.1501,-1.2780, 2.8555, 4.6116, 0.5472,-2.7064, 2.9498,-3.1482, 0.3792,-2.0431,-4.1781, 3.4805,-4.3033, 0.7561, 3.3614,-1.8292, 2.0460, 1.3472, 4.5401, 3.3210,-0.0595, 3.4023,-0.5687, 3.5566, 4.8797, 4.2364,-3.2539,-2.1663, 3.1770, 0.9171, 1.2655, 0.3200, 1.8891,-3.7843,-0.5347,-1.6058, 1.2463
 2.9302,-1.2150,-4.6840,-1.3386,-4.1558, 0.8924, 4.9556,-2.0610,-0.2196, 4.4866, 3.8113,-2.3859, 0.8963,-1.6076, 3.8146,-0.5242,-0.1316,-2.4783, 2.6292, 2.8965, 0.6001,-0.2273, 1.5044, 1.6036,-1.5664, 0.2094,-4.0033, 1.7964,-4.6283,-0.0748,-0.6395,-3.5387, 1.5537, 3.6761,-3.1746, 4.7852, 2.9557,-3.9941, 1.8735,-2.9472
 2.1553,-4.2919, 3.6890,-3.2807, 3.6590, 0.4071, 4.1316, 0.8764, 3.6670,-2.7176, 3.0033,-3.5849,-1.0748,-2.4545,-2.8837, 1.0871,-4.1615,-0.2896, 1.6925, 3.6397, 3.1671, 3.6935,-0.8758, 2.2667, 4.6305, 1.0394,-1.8190,-4.1226, 2.9131, 2.6241, 1.8164, 2.8508,-2.3403,-2.6946,-0.8742,-0.1914,-1.1800, 2.0670,-3.2201, 3.2604
 0.4774,-0.8972,-2.9229,-3.0291, 1.7679, 1.7241,-3.5868,-0.8396, 4.5619,-0.8772, 2.2044, 1.5583, 4.0224, 2.9413,-0.6514, 2.3092,-3.9279, 0.0962, 1.1755,-0.3096,-1.8676,-4.5332, 3.8051,-4.6076, 1.5538, 4.4374,-1.5561,-0.8836,-3.7538, 0.3142, 0.9796, 2.3881,-4.6564, 0.4446,-2.1004,-0.2099,-0.5903,-1.6030,-4.7887,-0.3833
-3.0815,-2.5635, 2.7811, 2.6566,-3.9238, 3.1136,-3.4926,-0.2456,-0.1109, 3.4395,-0.6814, 4.3178,-0.8953,-3.4080,-4.1314, 2.4728, 3.5166, 0.3223,-1.0846,-0.7301, 3.9059,-0.9765,-1.8078,-2.4199,-2.1194,-4.1781,-1.3186, 1.1509,-3.5001, 3.6762, 1.5088, 3.3637,-0.8021,-2.5386,-0.5029,-3.1025, 1.1550, 3.4182,-2.2861, 3.6210
-0.8272, 2.6547, 4.8800, 1.3468,-0.8524,-0.5442,-0.7254,-0.3541,-4.4178, 4.9940, 1.5790, 4.9032, 4.0406, 1.4052,-3.7466, 3.4792,-3.1421, 1.5008,-3.4171,-3.4199,-0.6985, 0.3764, 0.1331, 1.0640, 2.6796, 2.4030, 2.5158,-1.1291,-0.2449, 0.2916,-3.9118,-4.9873,-4.2378,-3.7155,-1.1582,-1.4065, 4.4151,-1.8861,-1.8431, 2.5078
-0.2576,-1.7683, 3.4926,-0.7279, 4.2092,-1.7756, 1.0599,-2.0624,-4.6390,-4.6456,-2.9255,-1.5964,-3.8786,-4.1026, 1.6172,-4.1721,-0.4184,-4.8440,-0.6502,-4.3312,-2.1707,-0.7564, 4.8442, 4.9333,-3.1245,-2.4257, 1.1432,-0.1924, 2.0839, 2.5478,-3.1396,-2.3787,-1.6395, 4.1653,-0.3515, 0.2486, 3.4426, 0.5860,-4.7825, 0.2011
-4.8378,-3.4047,-4.2720, 0.0960, 4.3362, 1.1134,-4.9503,-1.2299, 4.2052, 4.9077,-0.5154, 1.1765,-0.9871, 1.3772, 4.0543, 2.7367,-0.5118, 4.7334,-3.9732, 0.2495, 2.2731, 3.6758, 4.4304,-4.9569,-4.7599, 1.1373,-0.7789,-3.5729,-3.6014,-1.4302,-3.2523,-1.2596, 3.1178,-0.3385, 4.0224, 0.2534,-4.3531, 3.3906, 3.0000, 3.4368
 3.6295,-2.0826,-4.1703,-1.6527,-0.9950, 1.2803, 2.6876, 3.2961, 1.8525,-0.1460,-3.9824,-1.5880,-2.4967, 3.4332,-0.3790, 4.5144,-2.7360,-0.3330,-0.6998,-2.2565, 3.8600,-4.4325, 3.4384, 4.3881, 1.9933,-0.5140,-3.6373, 1.1179, 2.3925, 2.9832,-4.3220,-0.0651,-0.3535, 1.8782, 2.5205, 3.1957,-0.6744, 0.0854, 4.4452,-3.1765
-0.4519,-3.5763, 0.7145,-1.2892, 2.7233, 4.7299,-0.9060,-4.6637, 4.7809, 3.6364, 2.9967, 0.2115,-0.4726,-1.9136, 0.9946, 4.2175,-4.7644, 2.3891,-2.9951,-1.1169, 3.7637, 3.9020,-1.5940, 3.7429,-3.6776, 3.7395,-3.5143,-0.1403,-3.7013, 4.2795,-2.5226,-0.5752, 3.5671,-1.4642, 1.3657, 2.6862, 0.3626, 1.4173,-1.4126,-0.7307
-4.3212, 0.5802, 2.8563,-1.7523,-0.8624,-1.2856,-2.2291, 2.2947, 4.5883, 4.8233,-4.4431, 4.7796,-3.2105,-4.9773, 1.1730,-4.0541,-4.6257,-3.3102, 4.6832,-2.7913, 2.3561,-4.8478, 1.7272, 4.9538,-2.2549, 2.7423,-0.0397,-2.8643, 3.6931, 1.2124,-1.6487, 2.8100,-1.8275,-3.3022, 3.4205,-0.0080,-3.2487,-1.3110,-3.6772, 0.8477
 4.5143,-4.1643, 0.7365,-4.0448, 0.7728,-1.9391, 4.5166, 4.3401,-2.4664,-1.0129, 4.2590,-2.8864, 3.8993, 4.6630, 4.3911,-1.6315, 4.8137,-0.3041, 1.4449,-3.1191, 1.3851,-1.0012,-1.4389, 2.5793,-4.2948, 1.4397, 3.5927, 2.2326,-0.1790,-0.4800,-4.1069, 0.8171,-3.5996,-0.3430,-1.1287,-3.6414,-0.0387,-0.8664, 4.9057, 4.4539
 1.8751,-3.2099, 0.6069,-1.0348, 0.4919,-2.8226, 0.0413,-2.3532, 1.4156,-0.6101,-2.2120, 3.9057, 0.0741,-4.4779, 3.5392,-3.6586,-1.3875, 0.9565,-3.2523, 0.5650, 2.9328, 4.8522, 0.4119,-4.5525,-0.3764,-3.7234,-0.4982,-1.9794, 2.2554, 2.4004,-4.3644, 1.6389,-1.5447,-2.9017, 4.5763,-1.9936,-1.5688,-4.3050,-2.5204,-3.1933
 0.2636, 3.1841, 0.4384,-1.5305,-2.5391,-2.9761, 2.3533, 0.8772, 1.0070, 1.9796, 1.7082,-4.4495, 2.1564,-3.2106,-2.4523,-4.2843,-0.7783, 4.3576, 2.7400,-2.6833, 3.8564,-0.1534,-3.1620, 0.0920,-0.8057, 3.9441,-4.0651, 3.2370,-3.0450, 4.9664,-4.0003,-3.9970, 3.0931, 0.7608,-3.0623, 1.1928,-4.3859, 1.4379, 3.8419, 2.7386
 1.9178,-0.0356,-3.7881,-0.4123, 1.5473, 1.7960,-4.9282, 0.8755,-3.7721,-0.7239,-3.6406, 2.8396,-4.6227, 2.2815, 0.1538, 4.6960, 3.9660,-4.8860,-4.4713, 4.7616,-4.3298, 0.9135, 2.2695, 4.1778,-4.2682, 3.7456,-2.5438, 2.1551,-0.5324, 3.4262,-3.1626, 2.5875, 4.6107, 4.3228,-3.3389,-0.0587, 0.2693,-2.6476,-2.9865,-4.2377
-0.2162,-4.9296, 2.5099, 4.0673, 3.4358,-2.2926, 4.1074,-1.3418,-0.8189, 3.8684,-0.3067,-2.9452,-3.6945,-3.4134, 1.2096, 1.8177,-4.0990,-3.5172,-2.8792, 1.1604, 1.2986,-0.0343,-0.1570, 1.7662, 2.4839, 4.5535, 0.6453, 2.6928,-1.3684, 4.4316,-0.8757,-3.3989, 2.2144,-3.7176, 1.8144,-0.4887, 2.9081,-1.1542,-3.7516,-1.1191
 1.0127, 3.8910,-1.2355, 4.2873, 3.6750,-0.8020,-1.0595,-0.5166,-4.3268, 3.8041,-3.2793, 2.9300,-3.4991, 3.3898, 3.8596, 3.5317, 4.6247, 4.4893,-3.8406,-4.3521,-0.0077,-1.6032, 3.3689,-2.9531,-4.4459, 3.7164, 1.2366, 4.4755,-1.8008,-3.3179,-0.6459,-2.9165, 3.6527,-0.1491, 1.7910,-0.9370, 4.6992,-0.2254, 0.9463, 2.5197
 3.6964,-4.4015, 0.4303,-0.2638, 0.9828, 0.6251, 2.2080,-0.4700, 3.2691, 4.9764,-2.8911,-1.5817,-2.7654, 3.2662,-0.7772,-4.8089, 2.4190, 2.7540,-1.0274,-4.1321,-2.5139, 2.4254,-4.8544, 1.8949, 3.3171, 0.7974,-1.0064, 0.1670,-3.7432,-1.4910,-4.6299,-2.0967, 2.1694, 0.4332, 4.2194,-1.8959,-4.0860,-0.8416, 2.9449, 1.9337
 3.9389,-1.5985, 1.4245, 4.0492,-4.7896, 4.5409, 0.7451, 4.1655, 4.8331, 3.8945,-1.4999, 4.2838,-2.8592,-3.2088,-2.3958,-3.2281, 4.4969,-0.9927,-0.3127,-1.6576,-1.1305,-4.7285, 1.8195,-0.1069, 3.8361, 1.6960, 4.8758,-0.9713, 4.5891, 2.6947, 4.0328,-4.8389, 3.8407,-3.4775,-1.3055,-4.6111,-3.6454,-3.6297,-1.1532,-4.6932
 1.6815, 1.5633, 0.0204,-2.1795, 0.1848,-0.9580, 3.9987, 3.8526,-1.0114,-4.8408,-1.2557, 4.5032, 2.8392, 1.5702, 0.9104, 0.5803,-3.5840,-3.7432,-3.4606, 1.0834, 2.4583, 1.4062, 4.1592,-4.4070, 2.8773,-3.7926,-0.4753,-1.9032, 4.5231, 2.8892, 1.8734, 0.7477, 3.8889,-1.4270,-0.3243,-1.3890,-3.1202,-0.7039,-2.6072,-4.2791
-3.2659, 3.1712,-1.3746, 3.7160, 0.1756,-0.7119,-1.5214,-4.1970,-1.1802,-4.8092, 1.2519, 2.4599,-2.0797, 3.2246,-1.4219,-3.0167, 0.0889, 1.6160,-3.3508,-0.6954,-0.1464, 0.0724, 3.7342,-4.5444, 2.0423, 1.8430, 3.2030, 3.8458, 0.4903,-4.4703, 3.1721,-2.7861,-3.0526, 3.4799, 4.2468, 2.3861, 0.8133,-1.1598,-4.3873,-1.2819
-1.4289,-0.9388, 1.7565,-4.7154,-1.4889, 4.4989,-3.5387,-2.7133, 4.9960, 3.0076, 3.0149, 1.5031, 1.6213, 2.5554,-2.3333, 1.3643,-0.2855, 0.7409, 1.6400, 2.2417, 3.5696, 1.4807,-0.7125, 0.4798, 3.5695, 2.2159, 3.2293, 0.8209, 0.0679, 2.9498,-0.5627,-2.8223,-0.8312, 1.2452, 0.2106, 4.1608, 3.4946, 2.5497, 1.7843,-0.0725
-4.0049, 1.3858, 1.8187, 2.1964,-4.5003, 1.0194,-1.6635,-3.6614,-4.5845, 2.6156, 3.5362,-2.3287, 1.3559,-1.7560, 3.1575, 0.8170,-0.5472, 0.7891, 4.5885,-0.8874,-1.8785, 0.5269,-2.0351,-2.9606, 3.1156,-0.7775,-3.3853, 3.1247, 0.3982,-4.7476,-2.7489, 3.4897,-3.9138,-1.3008,-0.1306, 0.1871,-4.9441, 4.3955, 4.0942, 1.2877
