-2.8871,-2.3414,-1.5800,-0.0249, 4.6663,-2.4718,-2.6083, 0.0804, 2.8245,-0.9825,-2.0656, 0.8703,-1.9331, 0.9095, 2.1421,-1.8037,-2.3423, 4.1510,-1.6234, 3.0157,-1.8861, 0.8010,-2.8988, 2.1452, 2.1694, 4.8525, 3.8322,-3.2516,-0.6969,-4.2649,-3.5790,-3.2900,-0.8512,-1.1948,-1.1660,-2.4981,-1.4561,-2.2080, 4.4400,-1.9199
-4.3883, 1.0462, 2.9281,-0.7630,-1.1950,-2.5892,-4.8464,-1.0595,-4.3075,-4.8282, 3.0116,-1.3434,-2.1639, 0.0372, 4.8184, 1.7216,-1.0409, 4.4689,-1.0396, 2.1013, 0.8832,-1.0142,-1.0693, 4.8387, 0.4714, 2.1710, 0.9829, 2.0004, 3.6708, 1.3350,-1.3632, 3.6949,-2.4317, 2.3723, 1.7826,-4.6866, 1.8339, 0.9712, 3.6209, 0.5270
-0.7017, 2.2629,-1.5220, 2.6192,-2.6273,-4.1087,-4.5128,-2.7055, 2.4540, 0.6009,-4.0566,-1.4835,-4.4925,-0.2917, 3.8801,-2.0703,-0.8063,-3.3189,-0.6218,-0.2681,-2.0145,-4.0145,-0.1012, 1.4411,-4.2465,-3.1810, 0.6164,-3.3075,-3.0820,-1.9243,-0.4215,-0.7232, 0.3369, 3.5663,-0.9595,-0.9237, 2.4870, 3.9819, 3.0838,-0.5051
-3.0739, 4.1804, 3.5498,-0.9176, 0.0904, 2.9031,-4.2088, 0.2681,-2.4028,-0.4819,-2.5507,-3.7877,-4.2939,-0.4173, 1.5760, 1.0184,-4.5234,-1.5996,-1.7751,-1.7559,-4.8777,-2.1511, 3.9045,-0.1837,-1.1469,-2.8949, 4.3686, 4.4730, 2.0980,-3.4479, 3.2034,-2.6984,-3.8846,-3.1984, 1.0696,-2.0540,-2.2194, 4.1203, 4.4983, 0.7586
 0.0175,-3.5346, 1.3912, 4.4980, 4.8465, 4.8988, 1.2365, 4.5818,-0.8230, 1.2084, 4.7403,-4.9738, 2.5685,-2.6619, 1.6003, 0.4571,-2.7041, 0.0587,-1.6340,-4.2993,-3.4677, 1.3665, 3.0809, 2.8793, 3.4310, 3.3594, 4.3340,-3.9329,-4.1131, 4.8196,-0.1169, 4.3300, 2.5130,-1.0568, 4.5557, 1.8688, 1.8175,-2.5006, 0.3706, 1.0870
-0.0597,-3.9745, 4.8780,-1.6571, 2.8117,-1.1418,-3.3959,-0.4925, 4.4619,-4.5993,-4.1494, 3.1708, 4.0876,-2.6226, 4.2420, 4.0019,-1.9234,-3.2736, 4.1376,-0.2094, 4.7109, 4.1122, 4.7241, 5.0000,-0.4034,-0.0508, 3.0126,-4.1965,-4.9135,-4.9505, 1.6931,-2.4602,-4.7830, 3.6033,-1.8419, 2.5219,-2.3063, 0.7741,-0.3618, 3.4493
-1.1514, 4.1125,-2.8703, 1.6620, 1.3620,-3.5837,-1.4180,-4.7755, 3.7458, 4.0473, 2.5321, 2.1469, 2.9526,-4.9679, 0.8352, 3.8985,-4.9477, 4.1920, 2.6409,-4.2418, 2.4678,-1.7674,-1.3421, 0.0002,-1.0872, 1.2461,-1.1881, 1.1465, 4.8089,-3.1720,-0.6282, 4.2936, 1.6551,-0.6193,-4.2729, 2.7042, 1.0740,-3.5995, 4.5476, 3.2178
 2.8194, 4.2344,-1.8829, 3.2781,-4.3332, 2.6986, 3.8723,-3.4973,-0.5980,-0.8728,-4.8627, 2.2127,-1.0203, 2.8609,-0.1730,-4.1203, 1.4857, 2.9766, 3.3697,-2.8799, 2.6461, 4.2663,-4.4035, 2.7008,-4.0291,-1.4741,-4.4946, 3.6539,-3.4696,-1.1692,-3.0386, 1.3790,-0.6247,-2.4713, 2.9326,-1.6267, 0.8342, 3.2862, 2.6170, 3.5306
-4.3001, 0.2411, 3.9491,-0.4272,-0.0425,-2.5250,-0.9674, 0.3556, 0.8407,-3.1577,-3.0437,-2.4752,-2.1524, 0.8687,-4.4949,-2.3794,-0.6169,-1.5860, 2.2401, 1.4670,-3.1148,-0.3773,-0.9050, 4.0044,-0.9212, 2.2712,-2.3647, 2.5728, 2.6249, 3.5061, 0.5335,-2.9205,-1.8136, 2.6998, 4.2573, 0.4743,-1.5161,-2.8131, 4.4532,-3.3158
-0.2228, 1.3950, 3.3188, 4.5727, 1.2604,-1.7998,-4.9922,-2.3520,-4.4205,-0.4352,-1.4195,-2.1422, 2.7239, 1.1395,-2.8296, 4.4764,-1.1883, 2.8255,-2.7649,-4.5838,-2.0801, 0.8868,-4.4805,-0.8708, 2.0108,-1.7685, 1.7259,-1.3629, 4.0913, 4.3115, 4.9423, 4.2789,-0.2719,-1.6802, 1.3687, 1.9282,-1.0601,-2.7826, 4.5247, 4.0168
 1.9477, 3.4343,-3.6910,-3.5222,-2.6179, 4.0490, 3.8930,-1.6333, 1.8475, 3.0023, 3.0091, 0.6697,-0.5868, 2.3906, 3.3149,-2.0529,-1.7999, 3.1915, 2.3582,-4.0187,-2.5737, 2.5579, 3.9406,-4.7694,-0.2897, 2.9449, 3.8532,-2.5582, 1.6142,-4.6808, 0.8812, 2.9490,-1.1673,-4.8317,-4.3194, 2.7678, 3.6361, 3.0113, 1.9354,-0.5208
 1.8400, 2.6090,-3.1597, 0.1871,-2.1056, 3.6032, 3.8024,-4.4284, 3.0935,-1.1074,-2.1833, 3.1022, 1.9202,-1.2285,-3.2024,-4.2738,-3.4578,-1.2331, 4.2561, 4.9894, 2.3228,-3.8978,-2.7410,-2.2413, 1.9153,-4.5526,-0.5417,-1.8385, 3.8449, 0.3287, 3.2451,-4.0937,-3.5793,-4.2876, 3.3132,-2.9095, 4.7199, 3.6772,-2.5029, 3.9737
 2.8912, 0.0275,-2.7966, 0.9712,-2.0185, 4.5020, 0.9686,-4.2790,-3.2374,-3.8483,-3.0595, 3.8570, 4.1931,-1.2953, 4.2187, 2.4127,-2.1434, 2.8984, 3.0071, 2.1413,-1.5409, 1.2140,-3.1092,-3.6430, 3.8674,-2.2958,-1.1646,-1.9323,-3.3354,-1.6109, 3.3304, 2.4700, 0.0558,-3.1796, 1.2625, 1.4792,-2.1740, 0.0957,-1.0363,-3.6411
-2.6723, 2.6170, 1.6943,-0.8711,-2.9093, 0.7889,-4.9628,-2.8463, 3.9911,-4.6717, 3.5224,-3.0160, 2.9282,-3.5826, 3.1838,-3.4725,-4.1337, 3.3565,-4.8972,-4.1478, 0.5231,-1.9234, 0.3888, 3.5425,-3.0389, 3.6218, 3.7382, 1.1345, 3.1197,-4.4043,-0.7017,-2.8388, 3.6787, 2.6302,-4.7854, 0.1068, 4.9038, 1.8347,-1.5731, 3.1809
-2.5631,-0.9732,-2.4751, 4.9855,-0.4523,-2.2397,-1.9407,-0.3801, 2.7160, 0.9854,-2.9437, 0.7465,-3.1073, 4.4045,-0.8480, 4.4938,-4.6839,-0.1486, 1.3022, 0.5837,-1.8229,-0.3012,-4.0239,-2.1166, 4.1077,-1.3784, 1.0575,-3.0507, 0.8535,-2.0520,-4.3160,-0.4143, 4.7444, 1.9163,-2.5890, 4.4357, 2.5085,-2.5435,-1.1635, 1.1821
-2.6120, 0.4841,-3.9343,-2.7535,-2.2623,-4.6411,-1.0666,-3.3047, 1.3802,-4.0508, 4.0581, 3.6915, 2.8456, 1.7601, 4.0078, 2.1130, 1.4274, 3.4007, 0.3214,-1.5813, 2.5037, 3.8939, 4.3689,-1.5060,-4.6378, 2.4627, 1.7662,-4.3603, 0.8010, 4.6424,-2.9689, 0.4138, 1.3022,-4.2227,-2.7323,-0.0819,-1.2291,-4.0449, 2.1308, 1.2471
-4.2147,-0.8622, 0.1717,-3.5339,-0.6815, 3.3637, 4.4274, 1.9761,-4.1788, 1.3133,-2.6602,-4.2634,-0.6726,-0.6820,-1.2049,-1.2831, 2.0806,-0.5094, 0.9765, 3.9295,-0.8163, 1.1497,-0.4449, 4.8720, 2.1950,-4.1112,-0.7514, 2.3197, 2.7490, 3.9028, 0.3623, 4.1146, 3.6958, 4.5251, 2.5039, 4.9147,-4.4539,-2.7338,-3.1602,-4.6627
-0.0856, 2.4992,-1.8341, 4.5985, 4.2390,-1.9916,-3.0098, 0.8009,-4.8460,-2.4977, 1.6529, 0.2637, 3.7835,-3.9570, 0.1292, 1.0736, 3.2928,-1.8628,-0.7076,-4.4145, 0.5129,-3.2319, 2.6915,-1.0401,-3.1801,-0.9875,-4.6573, 0.4868, 4.3778, 2.6785, 2.2857, 3.1220,-2.8887,-0.6784,-2.4864, 0.2644,-1.6235, 3.0570, 1.1628, 1.0902
-3.1519,-3.0772,-3.7298,-0.0568, 0.6695,-3.8510,-0.2853, 2.1671, 2.2903,-1.6828,-1.6385, 4.1912,-4.3974,-1.6860, 4.9098,-4.4352, 2.3276,-2.1852, 0.5196, 4.4167, 4.4185, 2.3686,-0.3897, 1.0940, 1.5196,-1.1347,-1.8268,-2.7255,-4.3798, 4.9665,-2.0480,-0.3161,-2.2101, 1.8491, 3.6605,-3.5093,-4.1204, 2.8395, 3.0074,-2.1246
-3.5529, 1.9701, 1.4988,-3.0126, 2.2843,-0.9107, 2.9615,-1.5658,-1.3640,-2.4136,-4.6669, 0.8615, 3.6007,-1.6532,-4.2768,-3.8975, 1.3821,-2.5681, 0.9641, 1.5565, 3.6407,-4.9299,-4.2102, 4.3370,-0.7858,-0.3214, 0.0921, 0.4959,-0.1630,-0.5262, 3.6132,-2.9007, 0.7233, 0.5728, 4.0393,-3.9476,-2.8535, 1.8418,-0.5533, 1.4856
 1.1999,-4.6854,-0.9410,-0.4796, 4.7380, 2.8106,-3.1597, 2.5514,-1.8716, 4.6415, 2.5939, 0.9629, 0.6334,-2.6840, 4.2889, 1.5885, 4.0330,-2.2280, 4.8643, 4.0322, 3.6782, 4.0187,-1.8767, 0.9517, 4.0744, 3.3157,-4.9583, 3.9537, 4.3209, 1.5853,-1.5104, 0.7333, 1.4803,-1.1492, 1.5634, 3.1512,-3.6649,-3.4573, 0.6151, 4.2666
-1.4999, 3.1510,-4.7702,-3.4026,-4.2986, 1.7733, 4.8846,-0.8060, 2.1774, 0.4875,-4.5483,-3.1007, 3.5260,-3.9791, 3.4506, 1.0825, 0.0367, 0.8282,-0.1480, 3.6054,-0.5563,-2.8799, 1.7399,-3.7274,-4.7238,-1.6704,-1.3932,-1.8151, 1.6548, 3.7663, 3.9672, 2.2571,-4.9391,-4.0872, 0.1137,-1.7995, 4.0314, 1.8424, 0.0852, 4.6483
-4.1001,-2.6432,-2.1334,-3.6622,-0.5980, 3.3450,-4.4041, 1.0610,-0.1056, 1.3094, 1.7074, 3.7072,-2.6899,-0.9505,-4.2333,-4.2370,-0.6110,-3.6882,-3.4597, 2.6680, 3.7233, 3.7439,-3.2775,-0.6848, 1.8303, 0.4039,-3.5361,-2.4381, 4.1496,-2.1925, 0.7243, 0.8030, 3.3423, 4.6997,-1.9519,-2.6425, 3.2878,-4.9485,-2.6139,-4.8424
 1.1472, 0.1867,-4.0878, 0.0159,-0.6688,-4.8536, 2.9393, 3.8021,-0.6206, 0.6469,-0.1502,-1.2675, 0.3511,-1.2105,-0.9580,-2.3041,-0.6377,-4.6869, 2.8969,-4.6650,-3.1209, 3.3634, 1.8150,-1.4350,-2.6399,-4.1645,-3.5638, 4.3597,-4.4843,-4.3124, 1.9850, 1.3038,-3.5199,-0.1985,-1.1055,-3.2125, 0.7278,-1.4611,-3.4019, 0.5942
-0.1842,-4.9664,-0.8521,-2.5829,-1.2761,-2.1063, 0.9948, 0.7490,-0.1673, 0.0015, 2.7537,-3.8691, 3.0884, 0.0132, 4.7918, 0.6871, 3.2900,-1.6857, 0.9992,-1.7625, 4.2145,-1.2159,-3.7530,-1.6430, 3.5409,-1.0383, 3.6104, 2.6752,-0.1181, 3.5565,-0.4870,-4.6960,-4.3736, 4.3193, 1.0821,-1.9114,-1.2084,-4.9900, 3.5314,-3.7959
 2.6482,-2.3450, 4.7012, 2.3038,-2.1661,-0.9206, 2.9584, 1.5477,-3.9752,-2.0325, 1.1352, 3.2423,-1.7340,-3.9367, 0.5046,-0.2569, 2.1203, 1.6514,-1.3922, 1.3963,-4.4984, 2.2918,-3.0080, 1.6836,-3.8997,-0.4238, 4.2289, 0.9972, 2.2583, 3.1023,-2.8825,-4.6251,-2.9855, 1.6293, 4.0314, 0.1424,-4.1582, 2.1906,-2.7128,-1.5629
-0.9308, 1.1111,-4.0624,-1.0689, 1.6703,-2.1306, 2.4578,-3.2004, 0.1958, 2.1083, 4.1074, 4.4047, 4.0154, 1.5557, 1.2118,-2.9956,-0.6605, 4.1308, 2.4991, 0.2113, 3.4738, 4.1016, 0.0479, 0.3664,-1.0354,-0.2624, 3.3794,-2.5784,-4.8906, 1.8414,-1.4831,-4.4852,-2.9087, 3.7738,-1.8693,-4.6342,-4.9805,-3.6778,-4.1912, 0.6145
 3.5301, 1.2548,-2.6788,-4.4448, 1.7000,-3.4783,-0.0074,-3.7528, 2.6711, 0.9951,-1.9315,-1.6693, 0.0270,-0.4911, 1.2763, 2.5041,-2.4797, 0.4176, 2.0284,-1.2790, 0.2927,-4.7179,-3.9056,-3.0925,-2.5815, 4.1369,-2.4910, 0.3700,-1.5744, 1.4777, 1.0307,-4.6209, 3.3178, 2.5345, 0.1079, 3.3906, 3.1461, 0.6057, 0.3044, 0.1591
-1.6096, 0.8400, 4.0476,-2.5967, 0.1252,-0.8918, 2.1236,-3.5549,-4.5375, 0.1067,-2.5591, 1.4876, 3.5052, 3.9001,-0.2059, 3.1648, 2.0901,-2.0359,-1.2354, 2.5539, 1.9463, 2.4405, 2.8147, 1.1094, 4.3779, 0.9475,-2.7332, 2.3215,-3.2725,-3.7644,-3.8257,-0.3899,-1.4681, 2.3320, 1.3686,-4.5250,-2.5773,-1.7826, 0.7235,-4.8907
 3.5789, 0.8870,-4.9462, 1.3651,-1.0798,-1.4871, 4.3601,-1.7509,-1.9083,-1.8009,-0.4103, 2.2226, 0.9699, 4.5105, 1.9718, 0.6645,-3.5561,-3.8653,-0.5893,-1.4578, 3.6363, 0.7645,-2.6217, 0.7116,-1.9270, 2.8018, 3.9868, 1.8247,-4.2305, 3.0576, 2.5640,-2.2787,-2.9736, 0.6866, 1.4423,-4.8209, 3.8803, 0.2354,-3.0470,-4.7230
 2.3659,-3.1756, 1.4354, 3.3437,-1.6583, 3.4791,-2.9134,-4.0591,-4.1169,-4.6759, 3.8873, 2.4373, 3.5399,-0.5285, 3.4249, 3.8118,-4.0481, 1.5509, 2.9160,-1.3186,-4.7221,-3.7321,-4.4633, 1.3098,-0.8110,-2.9400,-0.2857, 2.6919, 0.0521, 4.1820,-1.9129, 1.4419, 1.3327,-1.4439,-2.4661,-1.1757, 2.7919, 0.0511, 4.3323, 1.0977
-1.8700,-1.4824,-1.2776, 3.6811,-1.5764, 3.3445, 0.1458,-3.4456, 3.7059, 0.0737,-2.3273, 4.4706, 3.6147, 0.3369, 3.6194,-3.4736,-0.1754,-0.5266, 0.6722, 0.3843, 0.0413, 0.0560, 4.6257,-0.5841, 2.2330, 2.4969, 2.6928, 4.1731, 0.9713, 1.7457, 3.5168,-4.1023, 0.2148, 1.0635,-3.2885,-1.4498, 0.7628, 1.5547, 2.9478, 2.8873
 2.2693, 1.9025, 0.6045,-1.4551, 2.0337, 3.6723, 3.4730, 1.8151, 0.3552,-1.8762, 4.5173, 2.7373, 4.0301,-0.0797,-0.6770,-1.1996,-2.4196, 1.0501, 2.5462,-1.9978,-1.7471,-3.9105, 3.0258,-1.3090,-0.7444, 2.7336, 3.4488, 4.0363,-1.6717, 0.1864, 4.0338, 2.8233, 4.4911,-2.2457, 0.2817, 0.4542, 3.6767, 3.5032,-4.5460, 0.3875
-0.3271, 2.0973, 4.8348, 0.3855, 2.2705,-2.2834, 1.1861,-3.6551,-2.9817,-4.7510, 0.9165, 3.4518, 0.0171, 0.2547, 1.1566,-4.5044, 0.7278,-1.8166,-0.6189,-4.2803, 1.1945, 0.5642,-3.6159, 2.8234,-3.4665,-2.8489,-4.3286,-1.1082, 2.5646, 2.3668, 4.2612,-2.3804,-0.1693, 2.6839,-3.3950,-3.2817,-3.3003,-2.4620, 1.1781, 4.9077
-1.6624, 3.0107,-2.6299, 1.3709, 1.9696, 0.7090,-4.2078,-4.2275,-0.6882, 1.9229,-2.2750,-1.3514,-1.9392,-0.0385, 0.0983, 3.4602, 1.4704, 2.1607,-3.8277,-2.5574,-4.9410,-4.8661,-0.0732,-0.6146, 0.8304, 1.6222,-0.1212,-3.3734, 3.9173, 4.2670,-4.1028, 4.3716,-1.4539, 0.6560, 4.9102,-1.5674,-1.3351,-0.1658, 4.0843, 1.1005
 3.5245, 0.3539, 2.1770,-4.6269, 1.3270,-3.5202, 1.4405, 0.0661, 1.6930, 0.2336, 2.9750, 3.4465, 1.8051, 1.3952,-0.4694, 2.1755, 0.1253, 4.1020, 2.9037, 0.5274,-2.2157,-2.4429,-2.1203, 0.4645,-4.7797,-3.6616, 1.1320,-2.9308, 1.5385,-3.0256,-0.8969,-1.6682,-2.5045, 4.4946,-3.6706,-2.7811,-3.8193, 2.7369, 4.3005,-0.5387
-3.7871,-0.6867, 1.6645,-0.6256, 3.6365,-0.2340,-4.8288, 0.0405,-0.5433, 0.2513,-4.5297, 2.7829, 4.6779,-1.4582,-3.4710,-1.5481,-1.6887, 1.0295, 1.7134,-0.0458, 4.3115, 3.8329,-0.7890,-3.5124,-1.8395,-4.8110, 4.6775, 0.3904, 2.7941, 1.5451,-3.2757,-0.3393, 3.3886,-4.3826, 3.6233,-3.2769,-4.0501,-3.9465, 1.0270, 3.8897
-0.1810,-4.8028, 1.3605,-4.2323,-1.5414,-4.8230,-3.4982,-1.4356,-0.2170,-1.5101,-2.8657,-0.8271, 0.8752, 0.4406,-4.5298,-1.5354, 4.9883,-4.7275,-0.3912, 4.4828, 2.7230, 1.5235,-3.5784,-3.9280, 0.7901, 3.9076,-3.8541, 0.2520, 4.5301, 4.2663, 1.9414,-4.4703,-0.3099, 2.6275, 0.1515,-4.6709,-3.0714,-2.3903,-1.4185,-3.2112
 1.1872, 4.4067,-4.8575, 3.8149, 0.5142,-3.0524, 0.9425,-3.4927, 1.3766, 3.2021, 0.2124,-0.4151,-3.1153, 1.8872,-0.6288, 2.1093, 0.4362,-3.8336, 1.0644, 0.4663, 1.1710, 2.7589,-2.2171, 0.4529, 0.0184,-4.9887, 1.6169,-3.7307, 4.3618, 1.1547, 1.8273, 3.1314, 0.1875, 2.3459,-1.2961, 0.5360, 4.0912, 1.1262, 1.2438, 1.7325
 0.9798,-4.8280,-1.3139, 2.1853, 2.2037, 0.6538,-0.3988,-4.5925,-4.9599,-0.0045, 1.9048, 3.9367,-2.0681, 1.0620,-0.1067, 2.0436,-2.6653, 1.5738, 4.3569,-3.6831,-0.9870,-2.1885,-1.1305,-3.5339,-4.5198, 4.4158, 1.7765, 2.8439,-4.3486, 4.1862, 2.4134,-4.7673,-1.2248, 4.9736, 0.8849, 3.3388,-3.7110, 0.3375,-1.5826, 4.9689
-3.4306, 1.0285,-3.1314,-2.8175,-0.3250,-1.4284, 4.3935,-0.7055, 2.6942,-4.8217,-0.9057, 0.2031,-2.7129,-1.1175, 2.6788,-3.0600, 4.7369, 0.6160, 0.3391, 4.7836, 4.7505, 0.5553, 0.1463,-2.9625,-4.2292, 0.9449,-4.4011,-4.5117,-1.9092, 0.1706,-1.4358, 1.4298,-0.4820,-4.9161, 2.3249, 3.0057,-4.1318, 4.5061, 1.7929, 0.2674
-1.2661, 1.3956, 2.8841,-2.7907,-2.3725, 3.3342,-0.6270,-3.2575,-2.6341, 2.4815,-3.0343,-3.9441, 3.7511, 0.0085, 4.8344, 1.2727,-0.8542, 1.3593,-1.0626, 4.0826, 0.5428, 2.4730, 1.7295, 1.5023, 1.7297, 1.0927, 0.5552,-3.5245, 2.1468,-1.9626, 4.6673, 2.4114, 4.0811, 1.1247,-4.0676,-0.2691, 3.4307,-1.3859,-4.1286,-2.8725
 0.3096,-1.4497, 3.6466,-2.8696,-1.1055,-2.1905,-2.5740, 4.5651,-3.3566, 3.9345,-2.1740,-3.5644,-0.7716,-3.3627, 2.3959,-0.2276, 1.5893, 3.9253,-4.1993, 1.4541,-1.0685, 2.7046,-1.6637, 4.2721,-2.5323,-4.4483, 2.8526, 4.2734,-3.4432,-4.8278,-3.4345, 3.7970,-4.9658, 4.2347,-1.3005,-4.4640, 0.9933,-1.2413,-1.1074, 3.5292
-1.8364, 3.1414,-4.5136, 1.6146, 0.9026, 3.4718, 1.8430,-2.6095, 1.3759,-2.9000,-1.2346, 3.2301, 2.2379,-0.8902,-1.4286,-1.9950,-0.5412, 1.9361,-1.0521,-2.4407, 1.6138, 4.5677, 0.0573,-4.6822, 0.8605,-3.9260, 4.3849,-0.3621, 2.3119,-0.5330,-4.6713, 1.1102,-4.9730, 0.3170, 4.3392,-1.4401,-3.8820, 4.4019, 4.0460, 1.1467
 1.6212,-4.4097, 0.4370,-4.2871, 0.9399,-0.6547, 2.4421,-1.0026, 1.5673,-0.6036,-1.4245,-0.2394,-2.9966,-0.7352,-3.2086,-1.8027,-3.2866,-4.1158, 3.7907, 2.4416, 2.3307,-2.0123,-2.8794, 4.9019,-2.2589, 3.8148,-1.5170, 2.9257,-1.4658,-4.3273,-4.0309, 0.8814, 0.6928,-4.7659, 1.9897,-2.8887, 1.2349,-4.0173,-0.8792,-4.6155
 1.1987,-2.5645,-0.6060,-1.5231, 1.3802, 3.0983, 3.3445,-1.0033,-2.6838,-1.3028,-4.7565,-3.6141,-0.1094,-3.1944, 4.9955, 4.2307, 2.0065, 0.6660,-0.2031, 3.6294, 1.9738,-1.0223, 2.8712,-0.4823,-4.2036, 1.2861, 2.7106,-1.3652, 1.5479,-3.1381,-3.7452,-0.4142,-0.8620, 3.0803, 0.0425, 3.5125,-0.2646, 0.6756,-2.6634, 1.2531
-0.9383,-4.9630, 0.1234,-0.7840, 3.4292, 3.3193, 4.6022, 4.7030,-0.4947, 3.3269, 3.9215, 1.1292, 1.2922,-1.1469, 0.9265, 3.3525,-0.6078,-0.7767,-0.2706, 2.4208, 3.7998, 3.5251, 1.3303, 1.7294,-0.1207, 1.4381, 2.2233,-3.0891,-0.9081,-2.8591, 1.0397,-0.7877, 2.7179,-0.1570,-1.6032,-3.6810,-3.7216, 1.9471,-2.3535,-4.9322
-3.5825, 2.5039, 2.7332,-3.4161,-0.5398,-3.3873,-1.5058, 2.8307,-2.4789,-0.1894,-4.8526,-1.4346, 2.6797,-2.1118,-3.5282, 4.6042, 3.7278,-2.0377,-0.1774,-2.0475, 2.1104,-3.2955,-2.0862, 1.7129, 3.2863, 0.6138,-1.7534,-1.0267,-3.6633,-2.7694, 1.8676,-4.1508, 4.7242, 3.2223, 2.9110,-1.6414,-4.8383, 2.0197, 2.5378,-1.8399
 1.1978,-1.4603,-2.2818, 4.8698, 0.9622,-1.7823, 0.6118,-1.7495, 4.0873,-1.7606,-4.4575, 1.2541, 3.3031, 1.3008,-4.8343, 3.4249, 0.4342, 0.0295,-1.4538, 3.3456,-3.3676,-1.8551, 0.4475, 0.6948,-0.6409, 4.8706,-3.7089,-1.6592, 1.7721, 4.8283,-3.1493,-1.4224, 0.2188,-3.9255,-2.9567,-4.8500, 1.6988, 0.0408, 0.3195,-2.5617
-3.1088,-3.1252,-3.3983,-4.0437, 3.5889, 4.7837, 1.0972,-2.9543, 0.3387,-3.2466, 4.0944, 0.4684, 3.2517,-2.0442, 2.4477,-4.9895, 3.4440,-4.8176, 2.1360, 1.4120,-0.2254, 1.3203,-1.0772,-2.3969, 3.7360,-1.2348,-2.6553,-2.4071, 1.0492, 0.4057, 4.1732,-2.3617, 3.6395,-2.7047,-1.8888,-2.0527, 4.2046,-3.4357, 3.4192,-1.0909
-4.6342, 4.8580, 1.8454, 1.3253,-2.6273,-4.8250,-0.2107,-0.6377, 0.4347,-3.5224,-4.6889, 1.1429,-0.9027,-2.3257,-3.4556, 3.3369,-1.9721, 0.5791, 4.2694,-0.4211,-1.9062,-3.5707,-0.3463, 2.6384,-3.8231,-1.8574,-2.9965, 4.2269, 1.8718, 3.4695, 0.1457, 3.7289,-0.1619, 2.9408,-3.9775,-3.8834,-3.9312,-3.7037, 1.6694, 2.1546
 1.4638, 3.6689, 3.6682, 0.4063, 3.1993,-1.6478,-2.3205,-4.1052, 0.8401,-2.7527, 1.7239,-0.1602,-4.9731,-4.5682,-2.0747,-4.3410, 2.4117, 3.9943, 4.7235,-4.1714, 0.0257, 0.7435, 3.8246,-1.8335, 0.8834, 4.2202, 1.0152, 0.3425,-4.1061, 2.8397,-2.2479, 3.4775, 2.5288, 3.7366,-2.7390,-0.2889, 0.1957,-2.0843,-3.5406, 1.7394
-4.3582, 2.6625, 3.1990, 3.0887, 3.0963,-4.1758,-1.4495, 3.9909, 0.7684,-3.7684,-4.0210, 4.1520, 0.6839,-2.6904,-1.7015,-4.5879,-4.1498,-2.3326, 1.9755,-0.8737,-2.9473, 2.8729, 2.1872,-3.7998,-0.5428,-4.9172, 1.7339,-0.7836, 4.7228, 1.7186,-0.8100, 1.8269,-3.0770,-3.5455, 4.5885,-0.4044, 4.8927, 0.3369, 0.9887, 2.7354
-4.2020,-0.3285,-4.6789,-1.9868,-4.8656,-2.0783,-1.3144, 1.8359,-1.1222, 1.0718,-4.2213,-2.5047, 0.0629, 1.1810, 0.5860, 4.1388, 1.8916,-2.7978,-3.9000, 2.4633, 2.9221,-1.1289,-1.1567, 1.0679, 2.5846, 3.6773, 0.3929, 4.7181,-1.1154, 0.8580, 4.4346, 2.6039, 2.4574, 4.0973,-0.6262, 1.5803,-2.7286, 1.8646, 1.8953, 1.0681
-1.0385, 0.1309,-0.7630,-2.9096, 2.9322,-1.2119,-0.2883,-4.2400, 0.7081,-3.9535, 0.3711,-0.3323, 0.2976, 3.4180, 2.6487, 4.2676,-3.7278,-3.4583, 3.0662, 1.1608,-0.3959, 1.5234, 4.5852, 2.5838, 2.9248, 3.0484, 2.0515,-1.7932, 2.9531,-3.0358, 4.4015, 4.2873,-0.2288, 2.3690, 3.5380, 3.6739, 0.2291,-0.2625,-1.4966,-1.9732
-1.1811,-3.0808,-3.0379,-4.4485,-4.1339, 1.7924,-0.9633, 4.2131, 1.7003,-1.1240,-2.9150,-4.3039,-3.4925,-1.0831, 1.8860,-3.4322,-1.9097,-4.8427,-2.0179,-1.6443, 3.2167, 0.8186, 1.5623,-1.6691,-1.6856,-1.8619, 3.8584,-3.5356, 2.8802, 0.3767,-3.6919, 4.1978, 2.6986, 2.7828,-1.2069, 3.5978,-3.8495, 3.6580,-2.4294,-0.4386
-1.9091, 4.2431,-1.0372,-2.4851, 0.5494,-4.2646,-0.3603, 1.4030,-3.8843, 4.9594, 4.9694, 0.4936,-1.7488,-2.5591,-2.2623,-3.7611,-3.2819, 4.0398,-3.6861, 3.1320,-2.5066, 1.1988,-4.1642, 2.4014, 2.6990,-3.3399, 3.7130,-0.2768,-3.8956,-2.4640, 0.5108, 0.5737, 0.1518,-3.0753,-3.0506,-3.8902, 1.0609,-4.3388, 0.2009, 3.2227
 3.6030, 3.8384,-3.4841,-1.2392,-4.0415,-0.9841, 2.5456, 3.6008,-0.3785,-3.9468, 0.8300, 3.7609, 1.8268, 4.4284,-2.6958, 0.1937,-4.8925,-0.5030,-4.8072, 1.4148, 2.3199,-1.5508, 2.3351,-3.2878,-1.5406, 1.2987,-4.0393, 2.4582, 1.3883,-3.8617, 4.9873, 0.4286, 1.9896,-1.0754,-3.1783, 4.1018, 0.8407, 4.2618,-4.8436,-2.0739
 1.2730,-3.6622,-0.1373, 4.9857,-2.7651,-0.3477, 1.7459,-0.6211, 0.0276, 1.0910, 1.8530, 4.4456,-0.6025, 0.4779, 0.4123,-2.3508,-0.0516,-4.3223, 3.0373,-2.6002, 0.7230,-4.4098, 1.8741,-2.1662,-1.8408,-3.7584, 3.7023, 4.9558,-0.6069,-1.0896,-3.9860,-3.9268, 0.5260, 4.6191,-3.0028, 0.3918, 4.7855,-4.7996, 0.5491,-4.2818
-4.5599, 3.4405, 1.6631,-1.6464,-1.1848,-2.6445, 1.0760,-4.6509,-0.8492,-0.8931, 1.1931,-4.2200,-4.1090,-0.6978,-4.7127, 4.8060, 4.0471, 3.0779,-1.9058, 1.1238, 3.4236,-4.0967,-3.6034, 1.7468, 1.3393,-3.7199,-0.3501,-3.7494,-3.0110,-4.0126,-4.2239,-0.2821,-1.1864, 2.8751,-3.8779,-1.9656, 2.7784, 3.3665, 1.0367, 1.9157
 0.5916,-2.0551, 3.1676,-2.0606, 2.1758, 1.6324,-2.0736,-4.5352,-1.6037, 1.2335, 0.7102, 4.3595,-4.7859, 0.4381,-1.4542,-0.4913,-1.4374, 4.4276,-0.2606, 3.7840,-4.7876,-4.7366,-4.3418,-4.4996, 3.8675,-1.1899, 1.6827,-1.7015, 4.7407, 0.9571,-0.7858,-4.8055,-0.5585,-4.6927, 1.9376,-3.2867, 1.2755, 1.8372,-4.4093, 4.2085
 1.3042,-3.3684, 0.4994,-1.8787, 3.4215, 0.4718, 4.1165, 1.2540,-4.8868,-0.9443, 4.5813,-1.2300, 2.4802,-4.3477, 2.3365,-0.1314, 2.9352, 3.3628, 1.4224,-0.2168, 2.5709,-2.7801, 1.0959,-2.6990,-0.9263, 3.1453, 0.2957,-2.3646, 4.7116,-1.3147,-4.9091,-1.0903,-2.6551, 3.1168, 4.3063, 2.8949, 3.2167,-2.5800, 2.5965,-4.4825
-2.4036, 2.9723,-1.7836,-3.2262,-3.0836, 4.2112, 4.6805, 2.7929, 4.1283,-2.3054, 2.6221, 4.5423,-1.4012,-4.3978,-4.0666,-2.7577,-3.7320, 1.1557, 1.9979, 1.7302,-1.1036,-1.4622,-1.1480, 2.0076, 2.3130, 2.7074, 2.0063, 1.6963,-1.6522,-0.9607,-2.1739, 0.1734, 1.0268, 0.5697, 3.5912,-0.6198,-2.4736,-1.5862, 2.6360, 4.1896
-0.1755,-1.6167, 0.6866,-4.9177, 0.6416,-3.1129, 4.4873,-4.0605,-4.0563, 2.9758,-1.9516, 4.8047,-4.3854, 4.9808,-1.4890, 0.6928, 3.1380,-1.9371, 3.9956,-2.6032,-1.0336,-4.5927, 2.2950,-1.0250, 1.1169, 4.8193,-4.6494,-3.3491,-1.1775,-4.9947,-3.7772, 3.5665,-0.1704, 3.0646, 3.3752, 2.1609,-4.1548, 1.8223, 1.7134, 4.4810
 2.0850,-3.4080,-4.7626, 3.4401,-1.7500,-2.4145, 0.1011,-0.7662, 2.0100, 4.0924, 2.7577, 2.9398,-0.5161,-4.6645, 1.4750,-1.6069,-2.7425, 2.5611, 4.1242,-2.2713,-3.0634,-1.2295,-4.8769, 1.0773,-3.2649,-2.0714, 0.5698, 4.2691,-2.7489,-4.5224,-2.4342,-0.5702, 3.0806,-0.5845, 0.8717,-4.0068, 3.8810, 2.2751, 2.3259, 2.1404
 1.4388, 3.2479,-2.8647,-4.9604, 1.9651,-4.2638, 0.8195, 1.5236, 1.1616,-3.5169, 4.4980, 1.7712,-0.9937,-1.9236, 0.5445, 4.2907,-4.1064,-4.8786,-1.1780, 1.1101, 4.5504, 4.4044, 3.2293,-3.8496, 1.5643, 2.5350, 1.2627,-1.0096,-0.0092, 0.6550, 0.3674,-3.8669,-0.7178,-2.9798, 3.0917,-2.8200,-3.2637,-2.8678,-3.7043,-4.0970
 2.6125,-4.9591,-1.3355, 0.2311, 1.7164, 0.3763,-2.2234, 3.7413,-3.8179, 0.7232, 2.7361, 3.8522,-4.4288,-2.6976, 4.9614,-1.6216,-3.8317, 3.7259, 0.4359, 0.2181, 4.4743,-1.6245, 3.0536, 0.4752, 1.8789,-2.5587, 2.6390,-1.1259, 2.2375,-1.8523,-4.5301,-1.0514,-2.9656, 4.2426,-2.9324, 0.4084, 0.9437,-4.0806, 2.2261, 0.7013
 2.4585, 1.8974, 3.4020, 1.7795,-1.4630,-3.3328,-2.7658,-1.5121, 1.5016,-1.0711,-1.1046, 4.0729,-0.0798,-2.0604,-1.2121,-4.1107,-2.9196,-4.7401,-1.9446, 4.6857, 1.1930, 1.6565,-0.2864,-3.4495,-1.7270,-3.5750, 0.8751,-0.9586,-0.3838,-4.7717, 0.5495,-3.3657,-1.9417, 0.3914,-4.9104, 3.3632,-2.2064, 3.9144, 3.2287,-0.3486
 4.7436, 3.7772, 3.4947, 4.9017,-2.6773,-0.5881, 0.9474,-4.3812,-1.8436, 1.0683, 1.6332,-1.3266,-3.9734,-0.0343,-1.1019, 2.5791, 2.4235, 0.5967,-0.2465,-1.5759,-3.6958, 0.4805,-4.9053,-1.3789,-1.2362, 2.3453, 0.7789,-1.7404, 0.2292,-1.2066, 1.1221,-1.4696,-3.6424, 3.8246,-1.1472, 1.0272,-0.4460,-3.2518, 1.3328, 0.9371
-3.3160,-3.0585, 2.8589,-3.3967,-4.6915,-1.7258,-1.2760, 1.2052,-0.9779, 2.9592, 1.7043, 3.9642,-3.4715, 4.9083,-2.2966,-0.0604,-4.9864,-2.5707, 2.6196,-0.4430,-4.1954,-1.9465,-1.0999,-2.5434, 0.9178,-0.7125,-1.2185,-3.0314, 0.9148,-4.4834,-1.8337,-3.4777, 3.7684,-0.8439,-2.8901, 4.4117,-4.6935, 2.1033, 1.8004,-1.1925
 4.5848,-3.3109,-2.2724, 2.9379,-4.5281,-2.4269,-0.0465, 4.6890, 0.1042, 0.2041,-3.7329, 4.7876, 1.2882, 3.0287, 0.0100, 2.5100, 2.9009,-4.1601, 4.1203, 0.7635,-0.5245,-3.3725, 2.5767,-2.7887,-2.8429,-0.8806, 3.7665, 1.4834,-0.4347,-4.2676, 3.9482, 1.4009, 3.0314,-2.5214,-1.7471,-2.0780, 1.1750,-2.6739,-0.7218, 3.5573
-1.4010, 3.4459,-1.8599,-0.3889,-0.8285,-1.5041,-1.0520, 3.0470,-0.2850,-4.8643, 1.6379,-4.5344, 2.7563, 4.1144, 4.9613, 3.8325, 2.5061, 0.2692, 1.4972, 1.5449,-2.4428, 3.8991,-4.8198, 1.0782, 0.7337,-4.3137,-3.6445,-3.5839,-3.9162, 2.3482,-3.1575,-3.1647,-3.8004,-3.5579,-1.3427,-0.5522, 4.1911, 0.8169,-3.5015,-3.2169
-2.4317, 1.6450,-2.5610, 1.4673, 2.8867,-1.6328,-3.7488,-1.3398,-2.5471,-4.8940,-4.6785, 1.3570,-0.2841, 0.6802,-4.7403, 3.2125,-4.7690, 1.4455, 3.2662, 4.3037, 2.8508, 4.8727,-1.0150,-2.2679,-3.0034,-2.5329,-0.0687,-0.8756, 1.7614, 4.1857,-2.6155, 4.7653, 2.8379,-2.6465, 3.5196,-4.8369,-3.6758,-3.6750, 4.5257,-0.4149
-4.5709,-2.7427,-2.5086,-4.7479,-0.3085, 1.2417, 2.6830, 3.3082, 0.2363, 4.5554, 3.6558, 1.6165,-4.0564, 3.6979, 4.5683, 0.7205, 2.4798, 4.5692,-1.8836, 1.0604, 2.9575,-1.6793,-4.8992, 1.1541, 0.5400, 4.5700, 0.8312, 1.9051,-2.9827, 4.8146, 3.2260,-2.5940,-3.8653,-2.3669, 1.8410, 4.6678,-1.7271,-1.4918,-3.5616, 2.7120
 1.4128,-2.5404, 3.8378,-3.9779,-1.5373,-1.7972, 1.9828, 3.0209,-4.2259,-0.2157, 1.8606, 0.8072, 2.2405,-3.9925,-3.2121, 4.2687,-0.5989,-0.7568, 2.6365,-0.0480, 4.8660, 3.1560,-2.7328, 2.7226,-3.3435, 1.8455, 3.1591, 2.4137, 1.3673, 3.9992, 3.4689,-4.5691,-3.4942, 2.4212,-1.0397,-3.1203, 3.7703, 3.0531, 1.1946,-2.5871
 2.6441,-2.1127,-0.4622,-4.0575, 2.7201, 1.6020, 4.6861,-0.1332,-1.6257,-4.1060, 4.0993,-4.6681, 1.6858, 0.4102, 1.5773,-4.8438, 3.0211,-2.6384,-4.0979,-2.9799, 2.7919,-3.3275,-0.4489, 2.5713, 0.0759,-1.5396,-4.8342, 4.2227, 2.8623, 2.4427, 1.0625,-0.0698, 2.0390,-2.9597,-1.9653,-4.1730, 4.1425, 0.3986, 2.9723,-1.5364
-1.5815, 0.6335,-3.0729,-0.9382,-4.5963,-0.4535, 4.4345,-1.0092, 4.5092, 0.7874,-0.7149, 1.4281,-1.7311,-2.1134, 3.3439,-1.4266,-1.4137, 0.9345, 0.3794,-3.4159,-3.6974,-3.1314, 1.2435, 1.9124, 2.5259, 4.3986,-2.5249, 2.5472,-4.1538, 4.4773, 1.2885,-4.1675, 4.8156, 1.7659,-1.9255,-0.7225, 0.8871, 4.3151,-2.7992, 1.6887
 4.6195, 2.6814,-3.4153,-2.0949,-1.2643,-2.9886, 1.2012,-1.7899, 0.4459, 0.4985,-0.6247,-1.2828,-4.5550,-0.1348, 1.7006, 3.3277, 4.7209,-0.8755, 0.4729, 0.5154,-2.3114,-0.0043, 0.0522, 4.8785, 0.0512, 1.4967,-1.5945,-4.1099,-1.0992, 3.8689,-4.5035,-1.1509, 2.8674,-3.2478,-0.5827,-0.4834, 4.4072,-0.4635,-4.1399, 3.6727
-1.6940, 3.2127,-4.6056,-1.7204, 1.9604,-4.0998, 1.7475, 0.7114,-2.1261,-4.7710,-1.6547,-1.3474, 0.4430,-2.0467,-4.7012,-4.9589,-3.9872,-0.4639, 4.4865, 2.6442,-3.3812,-2.1356,-1.8991, 4.1811,-3.5332, 3.3289,-4.3804,-2.1058, 0.0561,-0.5742, 4.0365, 2.3581, 2.7466,-0.4566, 2.0952,-2.1310,-3.8639, 1.6291, 4.6025,-0.5817
 2.5620, 1.3929, 0.2062,-0.0033, 2.3846,-3.4095,-0.0009,-1.0966,-1.2061,-2.6735, 2.0510, 2.2962, 3.4527,-3.8582,-4.5073, 2.9701, 2.4373,-3.7535,-4.6983,-3.7125,-0.3676, 2.8835, 2.2067, 0.2632, 3.6458,-4.8585, 4.4797,-1.7770,-2.0132,-1.5211,-0.4909,-0.5751,-2.8807,-0.3889,-1.2750, 0.4875,-1.2434, 2.2062,-0.3953,-1.8226
 3.7229,-2.6967, 1.7147, 2.0930,-2.4636,-1.0988,-2.5817,-2.3845,-2.8162, 4.7570,-2.3045,-3.7999,-1.6870, 1.5427,-2.8408, 1.9590, 0.6286,-1.8071, 1.7238, 1.6023, 2.2415,-3.6201,-1.4410, 1.6470, 3.0574, 2.1331,-4.7095,-1.8250,-1.2319, 3.4039,-2.5802,-4.8371, 3.4994,-3.0902, 0.9269, 1.6997,-2.5163, 2.5403, 0.4759, 2.1126
-4.1495, 3.2003, 2.9248,-3.8127, 0.9021, 1.5970,-2.1021, 0.1484, 1.4408, 3.0861, 3.7348,-1.4900, 2.7605, 1.7248,-0.1271,-2.0461,-2.1535, 3.9753, 1.0118, 0.0066, 4.2073,-2.6458,-2.9583, 3.5745,-2.4160,-1.8349, 1.1638, 4.7964, 0.9721,-3.5694, 4.8893, 1.3042, 0.7288, 2.4552,-2.7195,-4.3306,-1.9961,-3.0815, 1.1221,-0.5642
 3.5812, 3.2891, 0.7720,-3.0208,-3.7336,-1.7654,-1.5066, 0.8028,-2.6258, 0.0294,-4.2724,-3.5962,-2.7176,-3.0996, 4.5270,-4.9863, 3.8971,-4.3645, 0.7665,-3.6447, 2.7199, 1.1542, 0.0275,-3.3546, 4.1850,-3.3936,-2.8858,-1.0439,-3.4815, 1.3802, 3.6941, 3.6619, 0.2012, 1.9207,-1.9421,-0.9152,-2.8102, 4.6413, 1.4823,-0.3605
-2.1864,-3.3087,-4.0867,-4.3631,-2.8833, 0.3123,-3.9453,-2.6783,-2.0772, 1.7693, 2.2163, 0.7307,-2.5238,-2.1047,-4.6325,-2.9210, 3.3503,-4.1435,-0.2951, 4.4129, 4.0833, 3.4319,-0.3607,-4.0111,-3.1434,-1.6552,-3.1135, 2.1816,-1.4557, 1.1507,-1.1866,-3.2826,-0.8756,-2.6495, 0.6442,-1.7968,-2.3120, 2.6557,-0.5824, 3.6249
 3.6851, 2.6015,-1.5545,-0.8745, 0.3116, 2.6300, 0.7010,-1.8657, 4.6660, 4.1765, 4.2685, 4.6399, 3.1858,-2.6529, 0.6647, 0.7518, 2.6793, 3.7054,-0.7739, 1.2506,-1.8627, 1.3477,-3.1143,-0.0126,-0.2676,-0.4444,-4.4588, 1.3748,-1.8999,-4.9121,-2.0731,-3.5439, 0.8862, 0.4899,-3.6820, 3.5005, 3.5443,-2.1541,-1.2199,-4.6465
 0.5484, 1.0474, 0.6194,-3.4219,-0.4543,-3.5191, 1.1068,-2.2281,-4.0420,-3.2177, 0.7782,-2.2145,-4.1913, 2.2891,-1.0809, 3.9540, 1.7412, 2.7770,-3.2993, 1.3940,-0.2082,-3.5659,-2.0939, 1.9851,-0.8425,-2.2408,-3.0150,-3.9632,-3.8441, 1.7514,-3.2768, 3.3847, 2.5231, 4.1532,-3.2673, 0.6157,-2.6610, 0.9698, 3.4695, 1.4176
 1.5410, 0.0136,-0.3791, 3.5644,-0.5852,-3.5763,-2.9323,-0.8068, 4.0405, 4.1227, 4.5473,-0.4281, 2.7080, 2.5793, 2.5860,-3.3886,-0.6865,-0.4578,-3.7913, 3.7701, 2.8764,-0.8520, 3.1296,-4.7295,-2.2396,-3.5353,-1.5949, 0.1295,-1.4717,-3.5837,-4.0171,-1.9337,-0.1598, 4.3043,-2.3289, 3.4802, 3.9309,-0.1307,-0.3679,-0.4618
-2.2418, 4.9372, 0.9775,-3.4808, 4.3090,-0.1459, 1.8868, 1.7413,-1.9462,-4.6089,-4.0950,-3.2968, 3.1677, 3.3811,-3.3313,-4.4319, 2.2341, 1.2231, 3.3642, 0.2865,-1.9310, 3.1260, 1.1202, 0.2370,-3.3806, 4.5504,-0.9064,-4.4719,-0.5228, 0.7661, 3.8099, 0.7108, 1.5110, 0.9025, 0.2373,-4.0803, 4.0106, 3.1322, 0.0574,-4.4482
 1.7929,-1.5487,-1.3936,-3.3075, 2.1924,-3.6264,-1.1303,-3.4882, 0.0705,-0.7089,-0.0181,-4.9217,-0.4118,-2.4399, 4.5829,-1.3182,-0.4372, 2.8450,-1.6309,-0.1794,-1.4380,-0.9137,-0.7857,-2.5327, 0.0152, 2.2687,-4.5373,-3.1642,-3.0001,-1.4468, 2.3971, 3.6641, 4.0750, 1.2926, 2.5257,-2.1053,-2.8584, 3.2839,-0.1012, 0.7639
 2.1280,-1.7243, 0.5278, 3.6561,-2.7835,-2.2550, 0.6169,-1.0952, 3.3461,-0.9284,-3.3343, 2.5308, 1.0411,-4.8375, 1.5109,-0.2657,-2.9080,-1.0380,-2.7867,-2.8360, 1.9872, 0.3166, 4.5384,-1.5990,-4.1969,-2.7838, 0.6382, 3.4517,-2.9067, 0.4843,-0.3980, 4.1701, 2.1058,-4.3191, 4.6929, 3.9411, 0.3292,-0.4620,-1.4435,-3.4227
-1.0073, 2.1297, 1.3678,-2.3193, 3.9720,-2.3747, 0.0296, 3.5687,-2.8650,-3.7842, 1.8816,-3.9028, 1.8903,-1.0137, 2.9594, 4.1523, 2.0646, 1.1276,-3.3436,-2.4626,-2.2707,-3.3038,-1.3996, 1.0723, 2.4452, 2.3254, 4.6853, 3.8264,-3.5801, 2.7133, 3.3861, 4.3523, 0.2060, 0.6719,-2.3342, 0.5857,-3.8271, 2.6152,-2.7117, 0.3916
-4.4857, 2.1131,-4.9743, 1.6492,-2.8893,-2.6233, 4.1394, 4.3926, 3.9921, 1.7112, 4.2516,-3.2852, 2.8570,-0.3919,-2.0578, 4.6567,-2.6590, 4.5674, 0.9596, 1.4818,-1.0398, 3.2914,-1.0312,-0.8492,-3.0555,-1.0179, 0.7105,-3.6235,-3.5474, 4.9429, 4.1118,-2.2174,-3.6886, 4.0027, 3.0909,-3.6510, 1.8279, 1.6875, 0.7526,-2.9464
-0.8016, 3.6348,-2.3775,-2.8891,-3.0567, 2.7120, 3.6444, 1.5684, 2.0193,-2.5512, 3.8151, 3.3515,-2.9765, 0.6220,-0.1344,-4.7037, 1.6315,-3.5405, 2.5865, 0.1491, 1.6771,-1.4284,-0.3014, 4.3512, 4.9333, 3.6034, 0.8254,-0.6675,-4.3745,-4.2552,-0.6397,-1.5262, 3.3691, 4.9172, 4.2322,-0.1953, 4.6738, 3.1536, 0.3890, 0.1774
