-4.6563,-4.4483,-4.0336, 2.8525,-3.6859, 3.0738, 4.5815,-0.0317, 4.8865, 2.8277,-4.9528,-2.5780, 4.3400,-2.5403, 1.7771, 2.3070, 4.9830,-3.1258, 3.1734, 4.7132, 3.2588, 2.0803, 1.3457, 0.3912, 0.7259,-2.2479, 2.9172, 1.7720, 2.4425,-4.2586,-1.8796,-2.5953,-0.8129, 4.6033, 2.8446,-3.3483, 4.0793, 3.9751, 0.4881, 0.4087
-4.0631,-3.9713, 0.3114,-4.9323,-0.7133, 1.8436,-1.1221, 1.0502, 0.3273,-2.0340,-0.8806,-1.2110,-2.7933,-1.5310,-3.9824, 1.3286, 4.1468,-3.6468, 4.7448, 4.0150, 4.2273, 3.6183, 4.5865,-3.6747,-1.9382, 2.9671, 4.4285,-1.3893, 0.7929,-4.1913,-3.9304,-1.9960,-2.5645, 4.3729, 2.0582, 3.1139, 2.7208,-1.9981, 4.2458, 1.9150
-4.3817, 1.1476, 0.3170,-2.0878,-2.9123,-4.4635,-3.4053,-3.1759,-0.5387,-3.5377,-3.0452,-3.0953,-4.0475, 2.6068,-0.9043,-2.9822,-1.4452,-2.5835,-1.8603, 4.7292,-3.8875,-3.7585, 3.6861,-4.1877,-2.6588, 4.5199,-0.8051, 3.3561,-3.0036,-3.2231, 2.5666, 4.6542, 1.1604,-3.9295, 3.5034,-4.1154,-1.8312, 2.4187, 4.2460,-1.4795
-4.3514,-4.9288, 2.1485,-1.7637, 3.8445,-1.7035, 4.1559, 1.4184,-0.4173,-1.9265,-4.5256, 1.0860, 3.2595,-0.6206, 1.8706,-1.3120,-0.2548, 4.9664, 3.5274, 0.1192,-4.8055, 3.1528, 3.2666, 2.9803, 1.2502, 1.3324, 0.9206,-0.7552, 3.2958,-2.2129,-0.1788,-2.6690,-3.6204,-0.5407,-1.5498,-3.8178,-4.0937, 3.9721, 4.1463, 4.0271
 2.1453,-2.7742, 4.9107,-4.9995, 3.2871,-0.9259,-4.9252,-3.6285, 2.2117,-4.7209, 2.2119,-3.9468, 0.7342, 4.8873, 1.3520, 1.2863,-1.1489, 4.5377,-3.3661,-2.3851, 1.4460,-0.0206,-2.8855, 3.1163,-1.1131,-4.4020,-1.7901,-3.8883,-1.0108,-1.6305, 1.7704,-1.3451, 4.3368, 3.8801, 3.7267, 4.6593, 4.0471,-3.8971,-0.5889,-1.0205
 2.3332, 2.4992,-3.9722,-1.4983, 3.8810,-1.9313, 0.0525, 2.2718,-0.4027, 4.9978,-2.6033, 3.3399,-3.5647,-3.2416, 1.9831, 1.6858, 0.5342, 3.3081, 3.8828, 1.5169, 1.3398, 1.8396, 4.4590, 2.4951, 4.7709,-4.4867,-0.9856, 0.2402, 1.6370,-0.8851,-2.2035,-0.5963,-0.3330,-2.2120, 2.3905, 1.2543,-3.9516, 0.5330,-4.7659, 4.8340
 4.9586,-4.1837, 0.6932, 4.7695,-4.8052,-3.7832, 1.1930,-0.2964,-1.7528, 3.6425, 2.9425,-2.2032,-0.2213,-1.7375,-3.9597, 0.9661,-0.3465, 1.0029,-4.3971, 0.8429, 1.8536, 1.2015,-4.1996,-4.6908, 3.5202,-2.8160, 1.2541,-0.5057, 3.8725,-4.5173,-3.4908, 3.6958, 2.6479,-2.3514, 3.5411, 3.6342,-4.1741, 3.2561, 0.2066, 1.8760
-1.5658,-3.2653,-1.3907,-2.2174,-0.6870, 2.9113,-3.0027,-1.2728,-0.5309, 0.0498,-0.5702, 0.3739, 2.7207,-1.9081, 1.8961,-1.2890,-0.8231,-2.6879, 4.7932, 3.7074,-2.2373,-4.8574, 0.1755,-2.2168, 2.6937, 1.0477, 1.3877,-3.1304,-1.1564,-1.4626,-2.1397, 2.3694,-1.9759,-1.3309,-2.7711,-0.5571, 2.4387,-2.3553, 2.1139, 3.0815
 0.8683, 2.1234,-3.8699,-0.5710,-0.9925,-2.9929, 0.5354, 0.4385,-3.2234,-1.0676,-4.4969, 4.4503,-3.7757,-0.6019,-0.8634,-2.9527, 4.5562,-3.5810,-1.5796, 1.4722, 4.2774,-4.1886,-4.8855,-2.7524,-1.4004,-4.6927, 0.5275, 2.8867,-3.5000, 1.2669, 1.3049, 0.8201, 0.6646, 2.4127, 3.5315,-1.8307, 3.0849, 0.0194, 3.9170, 2.7775
-2.3661, 1.4612,-1.8569, 4.5584, 3.6333,-1.2565,-3.3914,-1.7038,-3.4898,-0.9833, 2.8597,-3.5042, 2.1759,-1.5213,-1.4625, 0.8445,-2.9649, 0.1457, 2.7824,-0.6790, 2.2031,-4.7506,-1.6862, 2.5127,-3.4702,-4.9698, 4.1781, 1.2609,-3.8526,-1.6603, 3.7597, 1.3368, 1.0001, 1.7552,-3.8938,-3.8547, 4.8386,-0.7245,-2.4686,-0.7964
-0.7910, 4.6729, 2.6564,-2.8262,-0.5545,-3.8085,-0.3915,-2.7225,-1.7472, 1.6092, 4.8285, 4.7387,-2.9491,-1.7641,-0.8098,-2.6496, 2.2713, 1.6193, 1.8031,-2.2058, 2.5570,-1.7995,-2.5664,-2.2415, 0.5394,-0.7247,-0.5936, 0.7043, 0.4519, 0.4896, 4.0915,-2.5974,-3.5782,-3.6870, 4.6685, 4.4939,-4.5757, 4.2769, 2.9659,-4.2496
-2.7140, 1.9146, 0.0109, 0.3490,-3.9939,-2.3849, 3.3740,-4.6964, 1.2978, 2.9015,-1.1014,-3.4647, 0.3035, 1.5483, 0.7279, 1.1566,-2.7540,-4.5996,-2.3157,-4.7997,-1.3545,-0.3707, 4.7735,-0.1826, 2.4970, 0.2189,-2.3987,-2.6396,-1.3959,-4.8284, 1.7017,-3.8649, 4.2178,-3.5413, 2.0214,-3.6607,-1.2682,-1.1301,-4.7039, 2.2819
-3.2391,-3.3163, 1.3531, 3.4397,-2.6397, 4.0118, 3.0841,-0.2165, 4.9723,-4.3514, 0.6811, 4.2259,-3.9910, 0.7064, 0.1086, 3.9872, 3.3226,-1.9586, 3.1813,-2.2340,-4.8720, 3.6062, 2.7701, 3.8076,-1.2570, 2.4375, 2.0296,-2.1560,-2.6285, 0.7642, 0.2892,-1.5608, 1.0721,-0.6794, 0.1434,-3.7036,-1.6140, 2.3934,-1.9516,-4.9944
-1.4478,-3.9551, 3.1131,-0.6938,-2.7412,-2.6559, 1.9180, 4.7315,-2.9429,-4.7629,-2.7140, 4.0906, 1.7787, 2.2554, 2.1571,-4.0567, 1.2084,-1.2519, 3.2656,-4.2939,-1.5086, 1.7709, 3.4333,-3.3458,-1.7953,-2.0921,-1.4795, 0.1241, 2.7389, 3.1728, 1.9037,-2.8409, 0.1829, 1.6713,-3.0293,-4.2417,-4.7607,-4.4593,-4.8053, 1.9570
 3.1163, 0.9566, 1.1298, 1.3581, 0.6466, 4.4911, 2.4481, 1.2464, 3.3566, 3.8895, 2.7362, 1.4563,-0.3117, 3.4052,-4.0172,-3.0151,-1.3647,-3.0534,-1.4572,-1.2512,-3.1028, 2.5335, 0.6813,-2.0008,-1.0338, 1.2578, 0.9602,-0.3859, 3.8789,-0.0972,-4.4561,-3.6371, 3.0991,-1.2069, 3.9061, 4.1362,-1.2690, 4.8155,-3.7340, 1.9082
 0.8188, 3.4557, 2.5404,-2.0254,-2.5277,-2.6001, 1.3112, 4.7113, 2.2571, 0.6347, 2.6785,-3.8336,-4.1785,-3.7984, 0.0291, 0.7524,-2.1024, 3.2905,-4.4907, 2.8997, 2.0786,-3.8768, 0.1527, 4.4064, 1.2401, 2.9436, 0.6713,-3.5560, 2.3566,-0.4851, 0.3866, 3.4870, 1.7795, 4.0513,-0.2942,-1.3653,-2.9650,-2.8924,-0.2055,-4.4814
 0.8163,-4.6023, 4.3536,-3.7210, 2.6399, 4.3816, 0.0788, 0.5528,-2.6812,-3.7263, 1.5906,-4.4308,-3.1243, 2.1359, 4.1771, 3.0330, 0.3564,-1.5962,-0.6991,-2.6951, 3.8398,-2.7012, 1.2158, 4.5463,-2.1256,-4.2891,-0.0818,-1.6831, 0.1299, 2.4909, 4.0617, 3.8801, 0.5191,-0.1083, 0.2905,-3.2389,-3.2450,-1.4799,-4.3659,-1.7780
 2.5488,-0.0967,-3.4934,-2.1177, 4.4511,-0.9660, 2.9215, 2.2977, 2.7900, 2.7724,-3.7808,-4.5839,-1.6416,-0.8280,-3.6199,-4.5913,-4.4859, 1.3427, 4.6936,-2.8368, 1.6850,-1.2658,-3.7735,-3.4177, 4.3936,-0.2188,-3.9347,-3.7582,-3.2737,-4.7276,-3.4951, 0.4917, 4.8425,-4.5700, 3.2398,-1.1383,-4.6658, 4.1847, 4.9749, 3.1091
-2.4650, 3.0106,-2.3534,-1.2845,-2.3673,-3.5603,-0.3351,-2.4389,-0.5179, 1.3357, 2.7035, 4.0086,-4.1002,-4.2551, 4.2912,-1.9941,-0.7740, 1.0527, 4.3423,-2.9528,-0.7794, 4.3459, 2.4552, 2.9131, 2.6792, 2.2255,-1.8631, 2.6683,-4.8818,-1.4292, 4.6471,-1.3509, 4.5303, 3.5846, 2.5183, 0.6449,-1.8486, 4.4239, 1.0140, 4.6584
-3.6880, 2.5194, 0.0128, 0.3860, 0.8107, 4.0163, 4.6286, 3.4469, 2.3149,-0.6708,-0.6923,-4.5239, 2.5804, 4.8911,-4.6807,-1.3783,-4.6018,-2.7583,-2.0128,-0.4771, 1.8000, 1.4953, 1.5074, 1.0622,-3.4391,-2.1117,-1.8892,-3.5062,-0.0241,-3.1021,-1.1381, 2.1980, 0.4123, 1.2149, 4.1517,-4.2034,-3.1451,-2.5767, 1.0123, 3.1597
-1.8653, 1.2894,-4.6757,-2.7327,-4.1403,-0.9922, 0.3155,-3.8544, 4.3972, 0.9682,-0.3143, 1.0114,-1.7502,-0.3909, 4.1612,-2.9152,-0.9414, 1.0065, 3.0571, 2.9739,-0.3069, 0.8357, 4.2708,-1.4184, 4.1974,-4.7456,-2.3302,-2.2639, 1.7999,-0.0552, 2.6321,-3.1850, 0.4023,-0.6087,-2.3321,-0.1773,-3.0901, 0.4379,-0.2819,-0.3045
