-4.0863, 1.7708,-1.9417, 3.2931, 4.3258,-1.1262,-2.5299, 2.9079,-0.9821, 1.5268,-0.8227,-3.2247, 2.7827,-0.9974, 4.3897,-2.0167,-4.7817,-0.6478, 3.3456,-1.1693, 1.4087, 2.2621, 2.7049,-4.0135, 1.9527, 3.8793, 4.7794,-1.1121, 0.0054, 2.8351, 2.5427,-2.0200,-2.2245,-0.6005,-2.0300,-4.5952, 2.9630, 1.8080,-4.3430,-3.3371
-4.9301,-0.0480, 1.3558, 3.8788, 3.5801,-0.9192, 3.9073, 4.8132,-0.4928,-0.7056, 2.7690,-4.4276, 3.7923, 2.2720, 3.3160,-3.2666,-3.8411, 2.8150,-3.2015, 3.9641,-4.3211,-0.1795, 0.2703,-4.4034,-2.5181, 2.6764, 4.5040,-4.0252, 1.4991,-4.0999,-1.0851, 0.4806,-3.2623, 0.8991,-4.5833,-4.7747, 2.7145,-0.5935,-3.2718,-3.6260
-4.5257,-0.3675,-1.2839,-1.9408, 4.9267, 3.4695, 2.9575, 4.2922,-0.6924, 3.5246, 0.7710, 2.9248,-1.2087, 3.1149, 3.5376, 4.2772,-2.9241, 2.3248,-4.1512, 3.0449, 1.5826,-0.7235,-0.5654,-2.2158, 2.6808, 4.1732, 3.2581,-0.0510,-2.3387, 3.0427, 2.0312, 4.4830, 4.3589,-0.2251,-4.6648, 3.1938, 0.7086, 1.6346,-4.3413,-3.0587
 4.2331,-3.9905,-0.6643, 1.4607, 1.1951,-2.8744,-1.0628,-0.5645,-1.6354, 4.9939, 4.0429,-2.4119,-4.2239, 0.6452, 0.4993, 0.9837, 2.5146,-0.8726,-3.5404,-0.3030,-2.4448, 0.2541, 0.4232, 4.4012,-3.5839, 4.9451, 3.1338,-0.5143,-3.7461, 4.8987, 4.9334, 1.0170,-1.9906,-2.0321, 0.3057, 0.4050,-4.4854,-0.7790, 1.0818,-3.7878
 3.2253, 4.9815, 1.5774,-2.9752,-1.4525,-1.9342, 4.5453, 1.1337,-0.6820, 0.3911, 3.2151, 4.1698,-3.1323, 2.5913,-0.6322,-0.8734,-2.8371,-4.5958, 4.4060,-2.1642, 3.7286, 1.1439,-3.6059, 0.1517,-1.1857,-2.5020, 2.3591, 3.5353,-3.5803,-0.1791,-2.3019,-4.9511, 4.7386, 3.7127, 2.0440,-1.1233, 0.9790,-1.5287, 3.8380,-3.9348
 2.6125,-1.8322,-2.8075,-0.3522,-1.2066, 4.2393,-0.2410, 3.5421,-4.3452,-3.8268, 1.1449, 0.6614,-1.3056, 0.2562,-0.0239, 1.8317, 1.9658, 1.3694,-1.3460, 0.1840,-3.0586, 3.4002, 4.9935, 1.7956,-4.6045,-4.1982,-4.8959, 2.4697, 2.8185, 2.0930, 4.1644,-1.1914, 0.1917, 1.2639,-0.7318, 0.8408,-2.3845,-4.9981,-2.4254,-3.5843
-3.9707, 0.6461, 4.4987, 1.9672,-4.1915, 0.4617, 4.9697,-3.2974,-2.9430,-3.4043,-0.4687,-4.7092,-2.7300,-1.7261, 2.1707, 1.3588, 1.6701,-3.9501,-1.9648, 3.1182, 3.3433,-0.5685, 2.4583, 4.9274,-4.7829, 3.0026,-0.5197,-0.2172,-1.6674,-4.6974,-2.3378,-4.6004,-2.0439, 1.9937,-1.2597, 2.3657,-4.3354,-4.0533, 3.1269, 0.2752
-3.4309,-4.7472, 4.1728,-4.9659,-2.4696,-3.3088,-3.9546,-4.5808,-0.7013, 2.6800, 3.9271,-1.5169,-3.4044, 0.8791,-2.4966, 4.2746,-4.3237, 1.4552, 1.6518,-4.9813,-1.1795, 1.1938,-4.7177, 3.9669, 3.5474, 4.2718,-2.3332,-0.5047, 3.4088,-2.2525, 2.9269, 2.0928,-3.2716,-2.9728,-2.3599, 2.3936, 3.5146,-2.3810,-4.4682,-1.6636
 4.5900,-4.7803,-0.2688, 0.3659, 3.0192, 4.3347, 2.5964, 1.5216,-0.3233,-2.6048, 4.7089, 2.4711, 3.2058,-2.4550, 3.8707, 4.7778,-3.5838, 0.3789, 4.6845,-4.6306,-4.0105, 1.8164,-4.4061, 2.2502, 3.2538,-0.4469,-4.0497, 0.0975,-1.1085,-3.4797,-4.5939,-0.1561,-4.1350,-3.8830,-0.7573, 1.8157,-0.4188, 1.0629, 3.7614,-3.7136
-4.9726,-4.7198,-0.3597,-2.9409, 3.3654, 0.9795,-1.5856, 1.7003, 1.9681,-2.6211,-4.5724,-2.4994,-0.4511,-4.9916,-4.5600, 4.1306, 1.8370,-1.3861,-4.8258, 4.6272, 4.1761,-2.1247,-3.4864, 4.2293,-4.6678,-4.4370, 0.7013, 3.2964,-2.4658, 4.8812, 1.2863,-3.3641,-2.0159, 2.4195, 1.8897, 1.2738, 0.7644, 4.5493,-2.7112, 2.0881
 4.6869, 0.1484,-0.1901,-3.2319,-4.8189, 1.9707, 4.9230, 0.6874,-3.8206,-4.8909,-4.3881, 4.5147,-0.1440, 4.5548, 4.6094,-1.5689,-0.1399, 4.8534, 4.8231,-1.9177,-2.9752,-2.1359,-3.1677,-1.9311, 3.6359, 2.6316, 3.0320, 4.4457, 4.8197, 3.5325,-3.1310, 1.8774,-2.3067, 1.9649,-0.9758,-3.9128, 2.4488, 4.6216,-1.6014,-0.0896
 3.7948, 0.8997, 4.5602, 1.2327, 1.1002, 2.6132,-4.5055,-3.2555, 3.6455, 4.5528,-1.5791,-2.8639,-0.4822,-4.5698,-3.6675, 0.1326, 0.6069, 3.9375, 2.4330, 4.8352,-0.9864,-4.6727, 2.6883, 4.2099, 2.5501,-1.0524, 2.0277,-4.4498,-3.0964,-4.7025,-0.7974,-0.5832,-3.0151,-1.3463, 4.2961,-3.6393, 1.0750,-0.4963,-1.1122, 0.1864
 1.6947,-4.9641,-3.9600, 1.9868, 1.3343, 0.0958,-2.0848, 3.2201,-2.2502,-0.4730, 0.8296, 1.2634, 1.5390, 2.2908,-2.2507,-3.1882,-1.0025, 2.3394, 2.5848,-4.8985, 4.2883,-0.1435,-3.8640, 4.8524, 4.5753,-0.8210, 1.9838,-2.2801,-3.4344,-4.0186,-1.6628,-2.1552,-1.7836, 3.9446, 4.7902,-3.5675,-1.5347, 1.8352,-2.3973, 0.3721
 2.0242,-3.2297, 4.1143, 3.2618, 2.7939, 3.4542, 1.3866,-1.4438, 3.7203,-3.5118,-2.7716, 2.6637, 1.8207, 2.2388, 1.0151,-0.4212,-2.9631, 3.4782,-3.6399, 1.2067, 1.7916, 3.0040, 2.0056, 4.6390,-3.4362,-1.0030,-3.7250,-3.0317,-1.3858, 3.5285,-0.6978,-0.8142,-4.9483,-2.3526, 2.2666, 3.8480,-1.0163, 1.8681,-3.0175,-2.3850
 0.5793,-3.4565,-2.8881, 1.3349,-3.8666, 1.7730, 0.0903, 0.8012, 3.1650, 1.1840,-0.4709,-1.2014, 0.5153, 2.2479,-1.2257, 2.5719,-4.3415,-0.6873, 4.2887, 3.0148, 1.7959,-3.6851,-4.6765, 4.0959,-3.2252,-4.7096,-3.8884,-3.2016, 4.0156, 2.6724, 0.6493, 1.3866, 3.4496,-4.8177,-4.3914, 0.4729,-3.5481, 2.3335,-4.0656,-0.5417
 2.2453, 1.7853,-4.1184, 1.2333,-0.7602,-4.7162,-4.8024,-0.2345, 0.4261,-2.8028,-3.9830,-2.3396, 4.8038, 2.8703,-0.4175,-3.3359, 2.3220,-0.7817,-3.3911,-3.9902, 0.0388, 2.5516,-3.4299,-4.4480,-3.9374,-0.1925, 2.3098,-4.9899,-4.1333,-0.9092,-0.8544, 2.4528,-0.2073, 0.4296, 0.7391,-3.1050, 0.7364, 2.6523, 0.6333, 1.6451
-1.9360,-2.7257,-0.5792, 1.0933, 0.0243, 0.6320,-2.2955,-2.0999, 4.3320, 1.2766,-0.5666, 4.0479,-3.4981,-3.8989, 1.3691,-3.8178, 1.7075,-4.2316,-4.7830, 2.1818,-1.2691,-2.5888,-3.0185, 2.2258,-1.8541, 0.0612,-4.0923,-1.6894,-4.1553, 0.0117, 3.5291, 2.5589,-4.9574,-2.4513, 2.7719, 4.3164,-2.4321,-4.4409, 4.1281, 3.7500
 0.4495, 2.5113,-2.9509, 2.5375, 1.4487,-0.2515,-2.0505,-2.5447,-3.9141,-1.9359, 0.0232,-4.2978,-4.0258, 4.5733, 0.1871, 1.7909,-3.6937,-4.5658,-1.1822,-4.5787,-1.1208,-3.2616,-3.9124,-1.1437, 2.2139,-2.3567, 1.1856,-2.4400,-4.7252, 1.7379,-3.6749,-2.0746,-2.8519, 0.8572,-1.1843, 0.2521, 3.5103,-4.3037, 1.5598, 2.7480
 1.1225,-3.9330, 1.3760,-1.3058, 2.4346,-4.1527,-4.9822,-1.2474,-3.8810,-3.0496,-2.4277, 1.8997,-3.4409, 3.7423, 3.7973,-4.5537, 3.9181, 0.4093,-1.2569, 2.2234, 1.0477,-1.0361,-1.3368, 1.7051, 1.3975, 2.2370, 1.5304, 0.1149, 0.0956, 1.9521,-2.8873, 4.7654,-2.0956,-3.9665,-1.7253,-3.4203,-0.2584,-1.0695,-1.6559,-4.5511
-1.4637,-3.2610,-0.7487,-3.9322,-4.0114,-4.3471,-4.1398,-1.8617,-3.6798,-2.7633,-0.1023,-0.5508,-4.0995, 1.7001, 0.7287, 2.0638,-4.5669, 0.2580, 4.1018, 1.8273,-4.7710,-2.2770, 4.2562, 0.0535, 2.0390,-0.0779,-2.0607, 1.8734, 2.4216, 0.9455,-1.6447,-3.8050,-3.5323,-4.4599,-4.0522,-2.4237, 3.8357, 0.4035,-4.4789,-1.6381
 3.8709, 0.5412, 2.6248, 1.0078,-0.9124, 0.0245,-1.1442, 2.7479,-1.5833,-2.0362,-3.2426,-3.9182,-1.1184,-3.9620,-0.8531,-0.1546, 4.5026, 2.6534,-0.8748,-4.7029, 1.4897, 1.5427,-2.6049, 0.6947, 2.0562,-3.5990, 4.3608,-4.0616, 0.4948, 4.5382,-0.5010, 3.9576, 3.2490, 0.7396,-0.7923,-3.1524,-0.8358,-4.2762, 3.3711,-3.7324
-4.4427, 1.4031,-1.2430, 4.6885,-0.8758,-4.5332,-4.3283,-2.4675,-4.8848, 1.2907, 0.1663, 2.1216, 1.3113, 2.9037,-4.6946,-1.4639,-4.5498,-0.1575,-2.8427,-4.2507,-2.6245,-2.2310, 4.7171, 0.5632,-4.4337, 4.3348,-2.5330,-2.1005,-2.0769, 1.5602, 4.4915, 1.3691, 2.6344, 0.9795, 1.3433, 2.6381, 3.1708, 0.6938,-0.1941,-0.0648
-2.7063, 2.4098,-2.1167,-1.7507,-1.4103, 3.5993,-2.1652,-4.7272, 4.4147,-0.5594,-0.7812,-1.3012, 1.4295, 1.2586,-3.3172, 4.4605, 4.2578, 2.1692,-1.5684,-3.9839,-2.7973, 0.3118,-3.1917, 4.8231,-4.2196,-1.9744,-0.9792,-3.7323, 3.7454,-4.3615,-0.9674, 1.1414, 2.6708, 4.4645,-4.1633, 2.2735, 4.4458, 2.9998, 1.4077, 0.6467
 1.1271,-1.1349, 0.9519,-2.9865, 0.4526, 2.4664, 1.8336, 4.6144,-2.8347, 1.7324,-4.0143,-2.9112, 2.7940,-1.4036, 2.3153,-3.5990,-0.9876,-2.1109, 3.4794, 1.2417, 4.5312, 4.6390, 3.1166, 0.7157,-4.8113, 0.5278,-4.1470,-4.6356, 0.2623, 2.4953, 1.5557, 4.6727, 4.4552, 0.2154, 3.2095,-1.4776,-4.2183, 4.0254, 4.2630,-2.9010
 2.3490, 0.1027, 2.9257, 1.9878,-4.0782, 4.4005, 3.3170, 0.1143, 1.9841,-3.6837, 0.4461, 3.3574, 3.6030, 3.4105, 4.9012, 3.8228, 1.9363,-0.8032,-2.9544,-2.8825,-0.8252,-1.2849, 4.5987,-4.4952,-2.2185, 4.8039,-2.1277,-2.7783,-4.3575,-2.8164, 3.9391, 4.5274,-4.6449,-1.3827, 1.4674,-4.5988,-4.1897,-4.2733, 0.9303,-1.1053
-2.0925,-3.8582, 2.7157,-4.9231, 4.8989, 1.6057,-1.4035, 2.0986,-2.7038,-4.4004,-0.3335, 0.9638, 3.9232,-1.4200, 2.1123, 3.5821,-4.3479,-2.4920,-4.6427,-4.2481,-3.7881,-2.9036,-3.7814, 1.1612, 2.9670,-4.9223,-3.1748,-0.2866,-4.5356,-1.2101,-3.6204, 4.5116,-2.4264,-4.7674,-3.4418,-2.9284,-4.7868,-3.4366, 1.5943, 3.1314
-1.6179, 4.3870,-1.3279, 2.5034, 4.6199,-1.3912,-1.7744, 0.0391, 2.4042, 3.6457, 1.6524,-3.7880,-2.6218, 0.8753, 3.6178,-1.0794, 4.9414,-0.7593,-3.5647,-1.0944, 0.5080,-0.3800, 3.1409,-1.6274, 3.8842, 4.6630,-2.2171,-0.2333, 2.4308, 4.8232,-4.7785,-2.2153, 1.5985,-0.3022,-3.1605, 1.0586, 0.3940, 2.6556,-4.2762, 1.6267
-0.9724,-2.8035,-4.0998, 4.4200,-2.3716, 3.7695,-0.7708,-3.6112,-3.4060, 1.0245, 2.2479,-4.9868, 1.1961,-4.0051,-0.7643, 2.6169, 2.6883, 4.7158, 0.1199, 0.2762,-0.6107,-1.5621, 0.8497,-0.5865,-2.0670, 4.4869, 3.9301,-4.0629, 0.8214,-3.8120,-2.4842,-1.5361,-0.2305,-4.9840,-3.1550, 2.5820,-2.5629, 4.9472,-0.8721,-4.9607
-0.6148, 0.0804, 4.0080, 2.5502,-3.3191, 1.2272, 1.1601, 4.3150,-2.1059, 0.5855,-0.5352,-3.2873, 0.3887, 3.2836,-0.7984, 0.4512,-1.9632, 0.2706,-1.0127,-1.1788, 1.3702,-2.3763,-3.6362,-3.9199,-0.6143, 4.8593,-2.9523, 4.9501, 2.4422,-0.3064, 4.2470, 4.6546, 3.6311,-4.4184, 3.7499, 3.8605, 1.0708, 2.2551, 2.2160,-3.6194
-1.8631, 4.7752,-2.1370, 0.5454, 3.9710,-1.1547,-0.0496, 2.4001,-0.8347, 2.1655, 0.9037,-1.7351, 4.6283,-3.8199, 4.7771,-0.5636, 4.5889, 3.3173,-4.9315, 4.2154, 3.8221, 4.3981, 0.3230, 1.3583,-0.9929, 1.6013, 3.7253,-2.0841,-0.8281, 3.5308, 0.2120, 4.2352,-1.2280, 3.5555,-1.2211,-2.7803,-4.0954,-2.8643, 0.4941, 0.3757
 4.4726, 3.8461, 4.0508, 2.8643, 3.5130,-2.2770, 2.5396, 0.0123, 1.2251,-3.0957,-0.2904, 1.8808, 1.9092,-0.0670,-0.0804,-4.0312,-3.8005,-3.3150,-4.5752, 3.2987, 3.6280,-1.0505,-3.4764,-0.7234, 1.0400, 3.8373,-1.9758, 0.4527, 3.8446, 4.2865,-2.0419,-2.8106, 2.6169, 0.4028,-3.4125, 3.7845,-2.1535,-3.5055, 1.9397, 2.9650
-2.6172,-1.1276,-1.7869,-2.6744,-4.5838, 1.4856, 4.5311,-2.5389,-2.7134,-3.4871,-1.6830,-4.6751, 0.0982,-1.0815, 4.0503, 4.0701, 3.5488, 2.0353,-3.6117, 0.8756,-2.0002,-4.1872, 4.9483, 4.5742,-2.9764,-0.8489,-1.7220, 2.1863, 2.2266, 0.7175,-3.5547,-0.7910, 0.0351,-1.8248, 2.8624,-4.6953, 4.9161,-2.1059, 1.6864, 1.2570
 1.6600, 2.1652,-3.3450,-1.8032,-4.4399, 2.2799, 1.4847, 3.2698,-3.5592, 3.5736, 3.6824,-2.7110,-0.0582,-1.2632, 3.8525,-0.7687, 1.4854, 2.5449,-2.9249,-1.0669,-1.2228, 1.3324,-3.3873, 4.9506,-3.4211,-2.0251,-0.7462,-1.2336, 2.8062, 2.4022,-0.7858, 0.9451, 2.8336, 2.6547,-3.2239, 4.2627, 4.4463,-2.3981,-2.0557, 3.1276
 0.8166,-0.2498, 1.8847,-3.4760,-3.9677, 2.1271, 3.4279,-1.6190, 3.9283,-2.9674, 1.2925, 2.3869,-3.7699,-3.0547, 3.4430,-4.4514, 2.1579, 3.6481, 3.4128, 0.5760,-3.5884, 2.1529, 0.8198, 0.9913, 1.7840,-4.3063, 2.0026, 0.5931, 4.3345, 4.5291, 4.1309, 4.6941, 0.0354, 4.5127,-2.4240,-4.6677,-2.5559, 1.2823,-0.2156,-1.0355
 1.8743, 0.0141, 0.0205, 2.6376, 4.6754,-4.7610, 4.1151, 3.3650, 0.9979,-0.9398,-3.0578, 1.5103,-0.2464, 2.0006,-3.0322,-1.0217,-1.2838, 4.7313, 0.7950,-0.0484, 2.6810,-4.3963,-3.1870,-0.8003,-4.8158, 0.3735,-2.6940, 0.9618,-4.0258, 0.4760,-1.1466, 1.0467,-2.7446,-0.8342, 2.5074, 2.6305, 3.5609,-4.8616,-0.0157,-2.2523
-3.8925, 1.8598,-2.9776,-0.8981,-0.7978, 0.2777,-0.3567,-0.5318,-4.6260,-1.3363,-1.5629,-4.0011, 2.6128, 3.0006,-3.2219, 2.2294, 1.7194, 1.2999,-1.5281, 2.3063, 0.1464, 4.7465,-0.3310, 3.2699, 0.5371, 0.5518,-0.5057,-4.1059, 0.1548, 0.5507, 1.4471,-1.7191,-0.4738, 0.8230, 4.6273, 2.0632,-0.9254, 2.5032, 3.1158, 1.1488
 3.3670,-3.8801, 1.0647,-0.8964, 0.6890,-2.4910,-0.2277,-3.0108, 4.6601,-2.6246,-0.2446, 1.4420,-1.4502,-2.2440, 4.9186, 3.7299, 1.7513, 1.7488,-0.0210,-0.1954, 3.2081,-2.5673,-1.2889,-4.1685, 4.5877, 3.3334,-4.4934,-1.3511, 0.5902,-0.5510,-3.7769,-1.3894,-3.6089, 0.4172, 0.0023, 2.1112, 1.2731,-4.6783, 3.5935,-0.0343
 1.0671,-1.6760,-2.3315, 2.6357, 2.6009,-4.3568,-2.0043,-2.0453,-0.2961, 4.1258,-2.5417,-3.1446,-2.8220,-2.5039,-0.1325,-3.8001, 4.9172, 4.8512, 4.4468,-1.9243,-0.1622,-4.6596, 1.9183,-1.1244, 2.5127,-1.8431,-4.9938, 0.3994, 1.5484, 0.4090, 0.8876,-4.9283, 1.7843, 2.5323, 1.9916, 1.4790,-4.2158,-4.0351, 2.7535,-1.2748
-2.6531,-3.6977,-1.8394,-4.9568, 3.0500,-1.2092,-0.9549,-1.2177, 0.7076, 1.1914,-1.4632,-0.6424, 1.0424, 0.7881, 0.5885, 0.9733,-0.7546,-4.0744, 1.8087,-2.5635, 3.9987, 3.0533,-2.1899,-3.2702, 1.4166,-3.7049,-2.7024, 0.2073, 2.7527,-2.1550,-2.7614,-3.6891, 4.5772, 0.5120, 0.8589,-1.1056,-0.8764,-0.0452, 2.3020, 3.2320
-1.4454,-3.8315, 4.5594,-3.4845, 2.7852, 1.5603, 1.8586,-3.7045,-1.7300, 1.7060,-3.3976,-3.9091,-0.2339, 2.4239, 4.0799,-4.3512, 3.1727, 2.4424,-1.3458,-3.3064,-4.9238,-0.0542,-3.6895, 0.2243,-0.5540,-0.8807,-4.6997,-0.9297, 4.1245,-3.8002,-0.7042,-0.5307,-3.0991,-0.5108, 4.3951, 1.8468, 0.4557,-2.5746, 0.2774, 1.8366
 0.5126, 1.3058, 0.5010,-0.6847,-2.1448, 1.2843, 3.8408,-1.9338,-1.3306,-0.0484, 0.1763,-0.1702,-2.0616,-0.3756, 0.9635, 3.2287,-3.3390, 0.2441,-2.8067, 1.5596,-1.2936, 3.5940,-4.1188,-0.9832,-2.1829, 4.7991,-3.0860, 1.7846, 3.5507,-2.0269,-3.0454, 4.8342, 1.5227, 4.2568,-1.3870, 0.7057, 1.1140, 3.8495, 0.1617,-3.5201
-1.6051,-0.3959,-0.3366, 2.3002,-4.0869,-3.5554, 4.5403, 1.3377,-0.9775,-2.7437, 2.3092, 3.5491,-0.4831,-3.0045, 4.5982,-2.9352, 2.7689, 3.1015, 2.5167,-1.0116,-3.9859, 4.0765,-0.0871, 1.8703, 3.9763, 3.6344, 0.6819,-4.0239,-3.2739, 3.0576, 1.0553,-0.4059, 2.2767, 3.6060, 2.6076,-3.9441,-4.3888,-4.1259, 3.1522,-3.2317
 4.7139,-2.2740,-0.5430,-3.0597,-0.8115,-3.3596, 1.3338,-1.1049,-3.5386,-1.6967,-1.3311,-0.4632,-1.0099, 3.2622, 4.0783,-4.9046, 0.0124, 1.0481,-0.9818,-0.3486, 0.5143,-0.9855, 2.3253, 4.6644,-3.6629,-4.6437, 1.3181,-1.8768, 3.8048, 4.5795, 1.3291, 0.2397, 3.7076, 1.0469, 1.6312,-4.5838,-0.2367, 1.3450,-0.7037,-3.8735
-4.8580,-1.6974, 3.0794,-4.9102,-0.5983,-1.5780, 3.0436, 3.9766,-0.1170, 4.3241, 1.7254, 3.8802,-4.9219, 0.7639,-2.7211, 1.2076, 2.6585, 1.4183,-4.5068,-3.4091,-4.7583,-0.3264, 3.8370,-0.2647,-4.3905, 1.2848,-3.6550,-4.4381,-2.0096,-2.7492,-0.3947, 0.7329, 2.5054,-4.5051, 1.8903,-3.4839,-2.6082, 3.9258,-0.6816,-0.3567
 4.3005, 1.3608,-3.3158, 3.0747, 2.4858, 3.5731,-4.2900, 4.3546,-1.3099,-2.2599, 0.1711, 3.7308, 3.6925, 0.6532,-3.2171, 1.4091,-0.1621, 3.1216, 4.4432,-2.9342, 0.0131, 2.1801, 1.4374,-3.0269,-1.7401, 2.0064,-3.5647,-3.1110,-1.5536,-1.3640,-2.6979, 4.3368, 0.0707, 1.9399, 2.2887,-4.4100,-4.4412, 4.6783,-4.8090, 2.0089
 4.0605, 3.5969, 2.3581,-3.9129, 1.3350, 0.7906, 2.9515, 1.4261, 1.8941,-3.9160,-1.1149,-2.5397,-3.2343, 0.3082,-2.5340,-4.1132,-3.6847, 3.5461, 0.8348, 3.8738,-2.6265,-4.7898, 3.0089, 4.7737, 0.6169,-1.7751, 1.8034, 0.6411,-0.6001,-4.3546,-1.6989,-0.7726,-2.9650,-2.7010,-0.8978, 0.2954, 3.7569, 0.5276,-1.6919, 0.8569
-3.7277,-1.1923, 4.9943, 2.4172, 2.2745,-1.0771,-0.6224,-4.4471,-2.6045, 2.4408, 1.2065, 4.7325, 0.9543,-2.7485,-4.5082,-3.7064,-1.2704,-2.9953, 1.6979,-0.2811,-2.2612, 0.4493, 4.9659,-4.3057, 0.3583,-3.7517, 2.2561,-0.0699,-1.9980,-2.4186,-2.0561,-0.8255, 4.4890, 1.0070,-1.3762,-2.7082,-0.6498, 1.3085, 2.5778,-1.9690
 4.5121, 4.9304, 2.0409, 1.3631, 4.3936, 3.2274,-0.2856, 4.1525,-4.6126, 2.7279, 1.4719,-3.4828, 4.4365, 4.5137,-3.9633, 3.3296,-2.8425,-2.5079,-4.7081,-0.6229, 3.6754, 0.0731,-1.8814, 1.1411,-3.0676, 4.8289, 4.7757,-0.2434, 4.8113, 3.0791,-3.0800,-2.5129,-1.3934,-3.2031, 3.1990, 1.2623,-0.7211, 4.7801,-3.6056,-1.1867
 4.0806, 4.2617, 2.4699,-0.0105,-1.7732, 0.0853,-3.2531,-0.1581,-0.3842, 3.1506,-0.8136, 0.2384,-3.3836,-0.9289, 3.7297, 2.6471, 0.9476,-4.7326,-3.9988,-0.5704,-0.1785,-4.4077, 3.6923, 0.6404, 3.2368,-3.7122,-1.4338,-3.2378, 3.3979, 4.2507,-0.1856,-3.2791, 0.6402, 1.3984, 3.3384, 0.3470, 1.0401,-1.4584, 3.8178,-4.5133
-0.2053, 1.7269, 1.7054,-4.7379, 1.0646,-1.7827,-3.3643, 3.1213, 2.9389, 3.4613, 2.7159,-0.6730,-4.9171,-2.9641, 1.2611,-1.1966,-1.2021,-2.2009, 4.3102,-1.2869, 2.3912,-3.6881, 1.7420,-2.0747,-3.4948,-0.0568,-4.4086, 2.4338, 3.0049, 1.6412,-0.6269,-0.0972,-0.4653, 4.3461,-3.1588, 0.7808, 1.4009,-1.6945,-1.8920, 2.0252
 2.7111, 2.6070, 2.2109,-3.6410, 2.4820,-4.0593,-4.7809, 1.5370,-2.3921,-1.4839, 1.0342, 2.1666,-4.0986,-0.0934,-4.0021, 1.5603, 3.5804,-1.0468,-2.9905, 1.5999, 1.6096, 1.2780,-2.1104,-3.8607, 1.3797, 2.8340,-2.6463, 2.4312, 1.9154,-3.6299, 2.1080,-4.8175, 0.9631,-4.9388, 2.4753, 2.1625, 4.2229, 2.9085,-2.1036, 4.8840
 2.7287, 3.1324, 2.9274, 3.2538,-0.6702,-0.4627,-2.5782,-0.4501, 4.4795, 1.9746, 1.6983, 0.9737, 4.9656, 0.2055, 4.2217,-4.3510,-3.9037, 0.0970, 2.9116,-4.0669, 2.8217, 3.0734,-2.8199,-4.9887,-3.3436, 3.6786, 0.5135, 4.9221,-2.7827, 4.7968,-3.6861,-1.2358, 2.4761, 0.4050, 3.8283, 4.7020, 3.2981,-4.7648,-4.7724, 2.7596
 2.2047, 3.4719,-1.6922,-4.3287,-4.2566,-2.5351, 3.5911,-4.1743, 1.3181, 2.1023,-3.0009,-2.2869,-0.5619, 3.7070, 4.7993,-4.1374, 1.6704,-2.0509, 4.6622,-1.0553, 4.6945,-0.3874,-2.1647, 1.2382, 2.9981,-2.9202,-4.2854, 4.7260, 0.8852, 0.4593,-3.9906,-2.4549, 4.6052, 0.4896, 0.8451,-2.4196, 4.8853,-4.2355, 2.5341, 4.1485
-3.8180,-2.7980,-2.7099,-4.8574,-1.3795,-4.8471,-2.0941,-1.7812,-0.9174, 3.0063,-2.1533,-0.2315, 1.7270,-2.8103,-0.7165,-0.9961,-0.8692,-3.2018, 0.6696, 1.9978, 3.0708,-0.5953, 2.4677, 3.1659, 1.2263, 2.2231,-0.8691, 4.5329, 0.8297, 2.4862,-2.9271, 4.8244, 4.8225,-1.3009, 2.9697, 4.1970, 1.7966,-3.2857,-0.9157,-4.7699
-4.4597,-3.3483, 0.6734,-0.4431,-3.5813, 3.4496, 1.4919, 0.9002, 4.3700,-0.3795,-3.0011, 4.4721,-2.6833, 4.1299,-2.8139, 2.0515,-4.7747,-4.3112, 3.0607,-0.0473, 3.4073,-0.6893, 2.5388,-3.2568,-1.4792,-0.4146, 0.1886, 2.2061, 0.5474,-0.0834,-3.1615,-3.4377, 3.1889, 1.5785,-1.0654, 2.9218, 4.8688, 0.6209, 4.8734, 3.5850
 4.2182, 1.7216, 2.2897,-1.3072, 2.6021, 0.1109,-0.3635,-3.6772,-2.3466,-0.0461, 0.2798,-3.3836, 2.6692, 0.4432,-4.6683,-1.6688,-3.7341,-0.4947,-0.2105,-1.2218,-4.2578,-2.3898, 3.8938,-3.2172, 1.0437, 3.4855,-0.5840, 2.8904,-2.6285, 2.0012, 3.7513, 1.7593,-4.4521,-0.3386, 0.7051,-0.7779, 0.7145,-0.5999, 1.5380,-4.7198
 0.1391, 3.4337,-4.0402,-0.6176, 4.1718, 2.5281, 2.0696,-2.5152, 4.4934, 0.7754, 4.5085, 4.6678, 1.1983,-1.6481, 1.1987, 2.4133,-3.4105, 2.3439, 1.0835,-4.2880,-3.2782, 0.4430, 1.7868, 1.7021,-2.1021, 2.2742, 1.7905, 2.9593, 0.0497,-3.7526,-1.1790, 3.8227,-0.6224,-3.3006,-1.7288,-1.3421, 0.0416,-3.0717, 4.9311,-2.3969
-1.9304,-4.2314,-4.1386,-4.9245,-1.7227,-4.6313,-2.0987,-3.4930, 4.6092,-0.1185,-2.7445,-4.6686,-1.0307,-1.8512, 1.7719,-4.4645, 4.0460,-4.5660, 4.4901, 2.5223, 2.6771,-1.3493, 2.7588, 4.9484, 4.8869,-2.4053, 0.9692,-4.6467,-0.1962,-4.3322,-0.5924, 1.7106, 1.2183,-2.8052,-4.5011, 3.7386, 4.4864,-1.3456, 1.6859, 0.1938
-1.1042, 3.6300,-3.4460, 3.6934, 4.8049, 4.9441, 1.1510,-2.8610,-1.3420,-2.4953,-3.5964, 3.5005,-4.7392, 0.8332, 3.1356, 0.1438, 4.0983,-3.9969,-3.8139,-3.1678,-3.4619,-4.0889,-3.4995, 3.3857, 1.0662,-4.4704,-3.2590,-1.5245, 0.6761, 4.7142, 0.0334, 0.8938,-2.3115, 0.5944,-3.1777,-0.9073,-3.7478, 4.9711,-3.8049,-2.3467
 1.3529,-1.8786, 3.3285, 4.3257,-2.9090, 3.5162, 0.0328, 1.5854, 4.5504,-3.5644,-3.7852, 3.3472,-4.0579,-0.5263, 4.5727, 3.8898,-2.7714, 2.1494,-2.5703, 3.1723, 2.7192, 1.8401,-2.7134,-3.7118,-3.8295,-4.6638, 1.8287, 1.8462,-4.9024,-0.5765, 4.2840,-2.2627,-4.2051, 3.9632, 4.2996,-2.6185,-4.3742,-0.6767, 2.9620,-4.7314
-4.1151,-1.1025, 3.4682, 4.4587, 3.8462, 4.8848, 4.0150, 1.9326,-0.2145,-1.3587,-0.2169, 0.1355,-1.2759, 3.2531, 4.3529, 1.3767, 2.4378, 1.9950, 2.9949,-4.6653,-2.0468, 1.7732,-0.1925,-2.3969,-2.4713,-0.9800, 0.4064, 0.2880, 3.0060, 2.9810,-4.7147,-4.6017, 3.0383,-2.4635,-2.7005, 0.5134,-0.9417, 1.2026, 3.7839, 4.9448
-1.3691,-2.7024,-1.0220,-1.0157,-1.4494,-0.1977, 0.3558, 4.7299,-4.3188, 0.1314,-2.3731,-3.2512,-1.6210,-4.9749,-4.6321, 2.7715,-2.9784, 3.6204, 0.4369,-1.2096,-1.0514,-1.7078, 2.3080, 2.9351,-0.1494, 2.5407,-2.2526,-3.1785,-2.6051, 0.3074, 1.8610,-2.6807, 0.8842, 1.3656,-3.2598, 3.6501,-4.1187,-4.2757, 0.5753, 3.3186
-0.2039, 1.5535, 2.2342, 4.9657, 0.2716, 0.6214,-4.2943,-0.0413, 4.0950,-4.6272, 2.8226,-2.9745,-4.1931, 4.9152, 1.6105, 1.1192, 2.2528, 2.1075, 1.8742,-0.3085,-4.4358,-2.2192, 0.7117, 1.7945,-3.3369, 3.6637,-0.0436,-0.8008,-1.7953,-2.7910,-4.4629, 2.0078,-2.8511, 0.5444,-3.1596, 1.3293,-2.6294,-0.3039, 4.5373, 3.4249
-3.3467,-0.4973,-2.4324,-3.7627, 0.9008, 2.3447,-2.0406,-3.0932, 1.6082, 0.7981, 3.5534, 2.4524,-1.0970,-3.8837,-2.6866,-0.1723, 0.2897,-0.0229,-4.8270,-4.0169, 3.3455, 1.3890, 2.1472, 3.9380,-2.4364,-0.5409, 0.8272,-1.7142,-1.7984,-2.8669, 2.7844, 2.9717, 0.7729, 4.8405, 0.4817, 4.4299, 0.4330, 3.9230,-1.7019, 2.5255
-1.9472,-3.2096,-0.7743,-3.1597,-1.6131, 1.2506,-0.6024, 3.0983, 0.2952,-4.5317, 0.6581, 3.6532,-1.6386,-1.1979,-1.8115,-2.3916, 4.5021,-2.8102, 3.1747,-4.8451, 3.0219, 3.8838, 4.9867,-2.0588,-3.3217, 1.5890, 4.0865,-2.2394,-4.2353, 4.1787,-3.5881,-0.6890, 4.3416, 2.0013, 2.2903, 0.4061, 0.5433, 3.3735, 1.1862, 0.9577
 0.7186,-3.3531, 3.8265, 1.7321, 2.8716, 4.5582, 4.7434, 0.6558, 0.6961, 1.0855,-0.9298,-1.8690,-2.9265,-0.2099, 4.5774, 0.1134, 3.9362,-3.0566, 4.1811, 1.9304,-3.3044,-3.2292,-1.8219,-4.8670,-4.5650,-3.5806,-1.2585, 0.9122, 1.9016, 4.6042, 0.5326,-4.7436, 2.2528,-3.1886,-3.6891, 0.2779, 0.8037,-1.0824,-0.8259,-2.5409
-0.0077,-0.6982, 3.5097, 0.4050,-4.5188, 2.8342,-4.1975,-0.3224, 4.1114,-0.7497,-1.4343, 0.9554,-1.7892,-0.1031,-3.5666, 1.3771,-2.7255,-3.4593, 3.2508,-1.4706,-2.5268,-2.2362, 1.7858, 1.9932, 4.0128,-3.2418, 1.0386,-1.1301,-0.2082,-1.2815,-1.8899, 3.2878, 1.1830,-3.8958,-4.5478,-0.1127,-2.0892,-4.5753, 3.4635,-2.0370
-3.0455,-2.0944,-4.2054,-1.9484, 4.3799,-2.6469,-0.2697, 1.5548,-0.6647,-1.3689, 4.3642,-2.7752,-0.2965, 3.0984, 2.2450, 0.6513,-4.1325, 3.4646,-2.4472,-3.4106, 0.7955,-3.7967,-1.9644, 4.7680,-2.3085, 2.7639,-1.7432,-0.4453, 0.8629,-1.5203,-0.7145,-0.7777,-1.5799,-4.2967, 0.1237,-4.8049, 3.0049,-4.2993, 1.8466,-4.8653
-0.4423, 1.4494, 2.6826,-0.8359, 0.4471,-3.1095, 0.6307, 1.7476, 0.8988,-3.1214,-0.1492,-4.0401,-3.0923, 1.7005,-3.7624, 4.0471,-4.5792, 0.8139,-3.5433,-3.6885, 3.1097,-1.5439, 1.5746, 0.8340,-0.3294,-0.0976,-3.6363, 1.8913,-3.2717, 2.3119, 3.1073, 4.0628,-3.1202, 3.3728, 1.7024,-2.2938, 4.9145, 2.1770,-4.1781, 2.8533
-1.4634,-1.9793,-2.2728,-2.2363, 1.5301, 3.7062,-4.7818, 4.0949, 4.6169, 3.8483,-3.0130,-4.7691, 4.1322, 2.3845, 3.5980,-2.2831,-3.9977,-1.1129,-4.1862,-3.6252, 3.4139, 2.4079,-4.2129,-1.3631,-3.1339,-0.3077, 1.2684,-2.3268,-4.7392, 4.2127, 2.5704, 0.3886, 3.9234,-4.4833,-3.9892,-0.7838, 4.8645, 4.1092, 2.4072, 0.5103
 4.9087, 1.6617, 4.5490, 4.2668, 0.1713,-3.2041, 1.9876, 0.7349,-1.5869, 1.5790, 0.9747,-1.5589, 2.5305, 2.6343, 2.8589, 2.1176,-3.7784,-3.5667,-0.0840, 1.7658, 3.6381, 4.9250, 4.1846, 1.6689,-2.5836, 2.9256,-0.1933, 1.2246,-0.9587,-2.9634, 4.5933,-1.0604,-2.9473, 4.2383,-0.7644,-0.5577, 0.3491,-3.5085,-3.3274, 2.6125
-0.0164, 3.5796, 1.0079, 3.0416,-3.9803,-3.7948, 1.8989,-0.4399, 1.2099,-2.7789,-2.0677, 2.5108, 3.5190,-1.2343,-3.7612,-0.9054, 0.8840, 0.7896,-0.0788, 4.3232, 1.4044,-4.5250, 2.1721, 1.5843,-3.8690,-4.6682,-0.1748,-2.6185, 2.8002,-3.7691, 3.4265, 3.9059,-0.0083,-4.3432,-3.4656,-4.1919,-1.7500, 2.7910, 3.1476, 0.7197
-3.1821, 2.2120,-2.2207,-2.9309,-0.8821, 1.5356,-3.3433, 1.0197, 2.1993, 2.7626, 3.9307,-1.2217, 4.9914,-4.3829, 4.0005, 1.3492, 1.4090, 0.9714,-0.6548, 4.2741,-1.4030, 1.3075,-4.4634,-1.0848, 4.3066, 4.3165, 1.2007,-4.8045,-3.7264, 1.9525, 4.4233,-3.0650,-2.7425,-4.5556,-1.0594, 2.3152,-0.6358,-4.0509, 2.1100, 3.0469
 0.1926, 2.5965,-0.0999,-2.6213, 4.8627, 4.7332,-2.8780, 1.6931,-1.4834,-2.6532,-3.3539, 1.1779, 3.6159,-2.2437, 1.6400,-0.9060, 2.1894,-3.3798, 1.0495, 2.2511, 0.7583, 1.2934, 2.1929,-1.0925, 1.9880,-3.3659,-3.1276,-1.3081, 1.5207,-4.2426,-2.5145, 2.9830,-2.9575,-4.3611,-4.5463, 3.5625,-3.5666, 0.2338,-2.6172, 0.2024
-4.4664, 2.3744,-2.5847, 1.0333, 3.2269, 0.7700, 3.9977,-2.2731, 1.3282,-4.8959, 2.3051,-0.7986, 0.9502,-0.3595,-3.1414, 3.5348,-3.9013,-1.4716,-3.7512,-4.0102,-0.1528,-4.5074, 3.6264, 1.5103, 3.6581, 0.1431, 4.2800, 1.7034, 2.3378,-0.9375, 3.7525, 2.4681, 1.8391,-1.7294, 1.9589,-3.4632, 3.5905,-1.3086, 4.6937,-2.8547
 4.2318,-2.5337, 0.1341,-2.6587, 1.8873,-3.9720, 4.2518,-1.7186,-2.6846,-3.6351, 3.4172, 0.2714, 1.7793, 2.4639, 1.3012,-3.0104, 4.8996, 0.9178, 1.7582, 2.4280,-3.3038,-4.6230,-4.7811, 1.9368, 1.5477, 4.8767,-0.3730,-4.0911, 3.9356, 0.7638, 3.7126, 0.7513,-4.8322, 4.2894,-1.5531,-2.7634,-2.5083, 3.5794, 3.4723,-0.8971
 0.5403, 2.2670, 1.6414, 0.0370, 3.3703,-3.8817,-1.2378, 1.0752,-1.3948,-4.7173,-0.9329, 2.2245,-4.6091,-3.7827, 3.7757, 4.0129, 2.7648, 1.2194,-2.5323,-1.6079,-0.0192, 2.1302,-4.0594,-1.2676,-4.8983, 3.0628, 0.9934, 0.6093, 2.1299,-4.2308, 1.2017,-4.7490, 0.4784,-3.1029, 2.2119,-1.0495, 3.7343, 3.2102,-1.9108, 4.6574
 3.6802, 0.3655,-0.3387, 0.7177, 2.5672, 2.2269, 4.4316, 2.4896,-1.6261, 4.1374,-3.7011,-1.3949, 4.4208,-3.8538, 2.9068,-3.2588, 2.4800, 0.3989, 1.9822, 0.5819, 2.2706, 0.6793,-1.5931,-3.6216,-0.7868,-0.1147, 1.3956, 0.1016,-2.7865, 2.3043,-3.0899,-2.7115,-1.7178, 4.4721,-2.7528,-4.1506,-3.8926, 4.3030, 2.7676, 2.5986
-1.0524,-1.5360, 3.3102,-1.6605, 1.1754,-2.9032,-1.9444, 3.0003,-1.2838,-3.3539, 2.1751,-1.3192,-3.4601, 1.3001, 4.0927, 3.1934, 2.4232, 0.1369,-0.2001,-4.3505,-1.3395,-0.6059,-3.4985, 4.8946,-4.6198, 0.2994, 2.7901, 3.6405,-4.0652, 4.7684,-2.9570, 3.1680,-2.6548, 0.8984,-1.3567,-3.6794,-2.8890, 2.0033, 0.3736,-3.4002
-2.6846,-1.0345,-3.5709, 0.1552, 1.4690,-3.1523, 0.7006, 4.6831,-2.1838,-1.8468,-0.4328, 4.2175,-4.6365,-0.2828,-4.0841,-2.6291,-3.3426,-3.6575,-2.0441,-0.7875, 1.1911, 1.9975,-2.9622, 1.6016,-1.5713,-0.7022, 2.0014,-3.6101,-3.2422,-1.3603, 1.4601, 1.1979,-0.6624,-4.5990, 2.9770,-3.5837,-2.3795,-3.1780, 3.3591,-0.7118
 4.9762, 3.8985, 4.7603, 1.5070, 1.8474, 2.1864, 3.9948,-0.1900,-0.2196,-1.3165,-2.4113, 3.0242, 1.9610, 2.9844, 3.8360, 1.2889, 0.6611, 2.8310,-2.7921,-2.6532,-0.5766, 2.0811, 4.8115,-2.1622,-1.6864,-3.2638,-1.0320, 2.4052,-0.0098,-3.7543,-4.2504, 0.2960, 0.1730,-4.6232,-2.0870, 3.5377,-4.7638,-0.3796, 3.7771, 2.2311
 4.6484,-0.9075, 4.0792,-0.0704, 1.1473,-3.3523,-1.8380, 2.4190,-2.3385, 1.7485,-3.2699, 3.7898, 1.7935, 1.3520, 0.5005, 3.9292, 0.9925,-2.2751,-1.7942, 1.6387,-1.1316,-2.0645, 3.7960,-0.7826,-1.0152, 1.0404,-2.0777,-4.9210, 2.9320, 4.8641, 1.8726, 1.3505,-0.2931,-2.3231,-1.3229,-3.4428,-1.4894, 4.9618,-1.6028, 3.7253
-3.9120, 1.6990,-0.9129, 1.3077, 0.3755, 1.4996,-1.6289,-1.1845,-1.6901, 3.0448,-1.5758, 1.9109,-3.3674, 2.0002,-0.3501,-3.7711, 4.7962, 3.9343, 1.6907, 0.5641,-0.3328,-4.2467,-4.0950,-3.0332, 3.6363,-3.6167,-2.6062,-0.9317,-2.9688,-2.1195,-0.5592, 4.4342, 0.4840, 2.0138, 2.9507,-0.3592,-2.4145,-0.2243,-2.2463, 2.9132
 1.2344,-1.7439, 4.1127, 1.7373,-4.4590, 4.3330,-3.1803, 0.6474,-3.2007, 2.9217, 3.6777,-3.0066,-1.3631, 2.4789, 4.0238,-3.8022,-2.4882,-1.4273, 4.2798,-3.2329, 2.7426, 2.6037,-2.4523,-1.9806,-4.0660, 4.4221, 2.5565,-3.7385,-2.1456, 2.2559,-1.9940,-2.5345, 4.1959, 3.1590,-0.6934,-0.9105, 2.9142, 4.8229,-0.6689, 0.9514
-3.2575, 4.4604, 4.3666,-0.3474, 0.5563,-0.1525, 1.7574,-0.6966,-0.9701, 0.3172, 3.5984, 0.6864,-2.4470, 3.0892,-0.1835, 1.2024, 2.3953, 1.2307,-2.1899,-3.3062,-2.1159, 1.7686,-1.3010,-0.2736, 4.3504, 4.8130,-4.4935,-0.6416,-2.6432,-2.5181, 2.7688,-4.7782,-2.8551, 2.6644,-2.4246,-4.7528,-3.0505, 3.7891, 0.2364, 4.3713
