-4.0098, 1.4373,-1.9397,-2.2023, 3.4916, 0.2826, 2.1579, 1.2036,-2.4694, 1.5375,-1.2202, 2.1718,-2.3385, 0.7060,-2.3412, 0.5400,-2.5768, 2.3415, 1.3536, 4.2477,-4.7226, 0.4106, 1.8397, 0.0970, 0.4095,-0.7943,-2.5588, 2.3778, 2.4158,-2.6173,-2.7220,-4.5737,-3.5661, 1.7824,-2.5261, 1.1471,-0.1231,-2.9711, 3.0164, 0.7915, 2.1475,-2.9250, 2.1536, 3.2474, 0.5910, 4.2112,-2.7893, 0.7200, 3.2260,-2.5362
-0.4255, 4.7572,-2.0027,-1.7096, 1.6764, 1.1646, 4.4419, 1.4082,-3.7530,-3.5080,-4.7450,-1.6466,-1.9144,-3.2865,-3.9639,-2.2906, 1.4756, 1.0535,-4.3306,-1.1493,-0.7579,-3.4358,-1.6312,-0.3390, 1.1058, 0.0159, 4.4487, 3.1984,-4.8484, 4.8423,-2.7139, 4.3826,-4.8131, 1.8509, 2.7891, 4.7081, 4.9486,-1.6816,-4.9513, 4.3584,-3.6383, 2.9709, 4.6091,-0.9830,-1.4703, 4.0169, 2.1220, 0.5925, 4.7324, 4.1051
 1.7185,-4.9728, 3.0961,-3.1123, 2.7211, 1.2302, 4.7616, 1.1216,-2.7928, 4.3414,-4.5689, 4.4317,-2.4514, 1.2278,-0.4772,-0.7171,-1.1634,-3.9233,-3.1256, 3.2366, 3.8866, 4.5109, 3.9654, 2.0153,-1.9886,-3.7623,-0.1848,-1.3224, 0.8543,-1.4128,-0.4578,-2.0577, 2.2150, 4.7768,-3.9355,-0.8313, 3.4954,-0.7879, 0.3047, 3.9044, 3.0021, 2.9472,-3.3451,-3.1101,-2.4680, 3.1935, 1.4926,-0.6049, 4.8519, 1.2387
 2.0139, 1.9040,-0.8540,-0.1329, 4.0996, 2.1406,-2.2462,-0.5743, 3.4224, 2.3035, 4.4407, 1.4740,-3.7922, 2.8373, 1.8386, 3.0605,-0.4217,-3.1970, 0.8965,-2.2382, 2.9997, 0.5697,-3.8659,-2.8103,-2.4278, 1.5026,-3.6029, 1.7476, 0.9524, 0.7845,-4.7754,-4.6945, 0.0886,-1.9460,-0.4037,-1.3378, 3.8531, 2.2683, 3.4350, 1.9515,-3.6469,-2.0567, 2.1071,-1.0187,-4.4786, 0.4139, 0.7063, 2.5121, 4.3824, 1.4105
-0.5848, 3.1085,-3.3813,-1.0821, 4.3979, 0.6705, 1.2989,-2.7208,-0.7642, 2.9874,-2.2809,-2.4426, 0.5692, 3.4051,-2.9169, 0.2401, 4.2367,-3.8357, 0.5094, 1.1954, 4.1120,-0.3195,-0.9046, 2.6367,-0.7060, 4.0528, 4.5278,-0.2208,-0.6411, 1.9353,-0.0493,-0.1156, 4.5151,-0.9147,-0.1035,-0.8139, 1.9845,-1.5805, 0.2786, 3.5704,-2.6488,-2.3895,-1.1243, 3.0687, 4.0157, 3.6292,-2.9395,-2.3874,-2.1010,-0.4863
-2.4456,-2.0212,-3.3571, 2.6626,-2.1658, 4.4880, 3.4082, 3.2260,-1.5683, 3.3237, 0.2176, 3.2645,-4.5988, 2.3019, 2.3684, 3.3033,-4.3560, 0.9452, 1.3148,-3.3988,-1.9795,-0.3489, 2.1677, 0.6170, 0.9393,-1.9866, 1.8706, 4.0778,-4.4452, 1.1612, 0.0125, 1.4297,-4.7648, 4.0020,-4.3177,-4.5402, 4.9724, 3.6515, 3.5742, 2.9171,-0.4119, 4.6460, 3.6876,-1.7360,-1.9113, 3.0001,-2.1795, 2.4135, 3.8560, 2.6207
-4.7251, 3.8740,-1.4661, 0.2729, 2.3921, 0.1848,-3.8785, 4.7397, 4.4390,-1.4963,-2.7627,-3.2896,-4.0024,-1.6122,-3.1929,-3.5800, 0.9970,-3.9390, 1.6522,-2.8950, 0.5047,-2.2905,-4.5635,-0.0346,-3.1555, 1.1393, 2.6874, 4.4223, 3.3048, 3.1824, 3.8815,-2.1133,-1.8436, 2.5955,-1.5086,-4.4347,-4.8641,-2.4160,-0.3515,-2.3586,-3.8791,-3.3178,-2.5627, 1.6575, 3.6391, 4.9215,-3.5577,-4.6124, 4.0009,-0.5197
-3.8665, 0.5875,-4.0781,-1.3480, 3.8668,-0.4226,-2.5703,-0.5514,-0.5554,-0.9083,-3.2784, 2.6587, 4.5040, 4.7969,-0.4148, 4.2788,-1.3789,-4.6691, 4.6624, 1.8118, 2.1941, 4.0720,-3.8269,-2.4782, 3.2590,-2.0983, 3.2664, 0.1426,-4.6085, 0.0476,-4.2182, 0.3210, 0.9323,-2.5263, 1.3589, 1.3888,-3.0056, 2.1835,-4.9067,-2.3909, 3.0850,-4.9395, 1.1654, 3.4000, 3.5779, 4.3509, 1.3422, 1.5795,-3.8878,-1.0887
 1.6198, 0.0871,-0.4199, 1.5251, 1.5524, 4.1647, 3.0693, 0.7385,-4.9658, 2.6236, 2.7649, 2.3969, 4.2531,-1.7302,-0.6951,-2.3412,-0.7686, 4.9110, 1.5574,-4.5877, 3.7673, 2.0107,-1.0105,-0.6599,-1.8439, 4.4288, 2.8302, 1.9568, 4.7317,-2.2720, 4.7891,-0.8599, 4.3192, 3.2609,-2.2228,-1.5454, 1.4394, 3.4636,-4.0976, 2.4414,-0.1138,-0.8849,-1.0813, 2.5699,-0.7523, 4.8935, 0.6905, 3.3988, 1.9773, 4.5704
-3.4246, 3.2735,-3.6037, 2.1589, 4.1230,-1.0155, 4.1237,-2.3238,-3.0946,-0.1663, 1.0839,-1.4344, 1.3749, 0.3952, 2.6968, 3.3925, 4.9247,-1.6577, 0.9983,-2.2221, 3.4666, 1.7441, 0.4238,-3.1848,-3.8108,-3.9004, 2.1796, 0.6507,-4.6917, 4.5399, 1.7693, 2.0050,-4.5595,-0.8901,-0.0350,-0.5208, 2.5447,-0.1785, 3.3973,-1.9275,-1.7862, 0.9997,-0.4764,-2.4737, 2.5033, 4.3864,-2.5399, 3.2522,-4.0316,-3.6845
-0.6494, 4.9234, 1.2853,-2.3633, 2.8138,-4.7673,-1.6265, 2.0258, 3.3094, 4.3936, 3.7636,-4.8488, 1.2458,-3.1249, 3.5949, 4.8917, 4.5642, 4.4778,-1.7144, 2.9975,-3.8399,-3.5841,-2.0195,-3.1073, 1.4422, 0.1352, 0.5822, 1.8211, 3.3781,-4.1086, 0.2006, 1.2095, 1.2760, 1.8173,-3.7085, 4.5165, 3.7239,-1.0314,-4.2617, 0.0115, 1.8454,-1.4037, 0.6006, 0.3122, 3.6808, 2.1063, 2.8068, 1.7413,-4.2730, 3.9939
-0.1547,-2.8147,-4.8444, 1.1028, 1.0758,-3.7663, 3.7966, 3.5138,-3.0698, 4.1358, 4.9181,-2.3481,-2.1965, 4.6365, 1.3227,-3.0328, 2.9748, 1.1598, 1.0596, 3.3310, 4.6751, 1.1840, 0.1218, 4.6635,-3.8182, 0.0742,-3.6424,-2.4300, 0.6281,-4.4023,-3.3317,-2.4201, 1.5937,-3.9377, 4.5621, 3.4236, 2.2763, 2.5902,-2.6205, 1.0031, 3.0556,-0.0447, 3.3257, 2.2152,-1.2567,-0.6152,-4.3562,-2.4398,-3.3329,-4.8759
 0.4364, 2.4576, 0.9863,-1.3060, 2.9378, 4.3839,-2.5439, 1.6810, 2.1855,-0.0023, 2.0490, 0.3841,-2.7357,-4.2837,-4.5066, 0.3932,-2.2070, 4.5105, 3.3134, 1.3345,-3.0468,-1.1122,-0.0745, 1.0265,-1.9004, 3.0400, 3.6556, 0.7573, 0.0926,-1.9803, 2.7103,-1.2685, 3.7726, 4.5489, 2.7667,-2.9864, 1.6500, 1.2347, 3.2052,-4.3645,-0.2315,-0.6882, 3.2737,-2.4736,-1.3646, 1.0921, 3.8259, 3.3582, 2.0369, 4.5496
-3.6573, 1.2776,-1.5642, 3.5318,-2.5179, 0.2454, 1.4080, 3.1823, 4.4733, 1.6623, 4.6013, 4.3517, 0.2272,-0.3660,-4.9995, 1.1764,-4.5322,-0.1673,-0.9838, 1.3967,-4.8130, 2.3235,-4.1347, 2.5954,-0.7795,-3.2658, 0.0842,-4.1179, 1.8504, 4.8522, 2.0392,-3.6145,-3.3047, 1.5088,-0.6317,-1.3141,-3.8466, 0.5803, 2.1669,-0.2318,-1.4324,-2.3416, 0.1527,-3.6923, 0.6417, 4.2638, 4.4630, 1.5593,-0.9254,-3.1872
-2.8641,-4.8617,-1.9062,-1.0890,-4.0822,-4.8526, 2.7602,-3.8672, 1.1306, 4.1487,-2.8706,-0.4278, 1.0074, 4.4800,-3.4583,-3.8385,-4.5850, 0.8219,-0.9070, 1.3268, 1.9298, 4.1628,-0.7268,-3.9967, 4.4799,-4.0780,-4.7032, 1.8877,-2.8186,-3.6721,-4.1895, 4.4545, 1.1075, 4.9128, 3.9273,-2.4580, 3.6195, 1.4702,-0.9961,-4.0245, 1.9646, 4.3337,-3.4280,-1.8638,-2.4670, 3.8051, 3.0475, 0.0987,-1.6895,-0.8218
 1.0271,-2.0324,-0.8778,-2.9179,-1.3158,-0.4928,-1.5402,-1.1841,-2.8436, 3.5869, 4.3107,-4.2423, 4.0440,-4.7150, 3.0631, 1.2376,-4.8554, 3.1416, 1.7573, 1.6039,-2.0087, 2.1851, 3.3989, 3.3859,-4.4376, 0.5985,-2.6953, 3.0159,-4.9156,-3.9732, 2.7186,-4.5304, 2.9025,-3.8968, 4.8258, 4.9203,-0.4594, 0.6848, 2.9470, 3.2701, 3.6064,-2.2382, 4.7958, 2.9749,-2.2207,-4.9823, 2.9850, 4.4142, 3.1495, 0.4047
 0.7956, 3.5361,-0.5515, 2.3124,-4.5322, 3.4213,-1.8286,-4.5392, 1.7130,-0.1721,-1.1546,-4.3257,-1.0864, 0.7622,-0.4859,-3.7198, 0.0209,-4.3392, 1.2663, 2.6099,-0.6840, 0.9781,-0.6617,-3.1451,-1.3158,-1.9838, 2.5321, 4.2772,-1.0164,-0.8704, 1.8981,-4.3481, 2.4922, 4.6442, 3.8710,-1.0695,-3.4911,-2.9966,-0.7686,-0.7545,-4.4317,-0.7072, 1.4604, 0.6559,-0.5887, 2.5214, 2.5310, 1.1743, 0.8623,-4.7714
-2.6371,-3.5700,-2.8326, 1.8940, 4.9124, 3.9812, 2.8659, 1.7533, 1.3638,-4.7652,-3.5889, 0.0513,-3.8354,-2.2141,-1.1993, 1.9657,-4.3852,-4.3139,-0.5721, 3.4369,-2.3041, 4.2423,-3.5994, 4.0620,-4.2257,-1.9077,-0.5277,-1.2683,-0.7284,-4.9335, 0.7568,-4.9382, 2.7757, 3.6951, 2.7273,-0.8115, 1.1162,-0.3114, 2.7674,-3.1119,-3.5831,-0.3294,-4.5984, 3.5740,-0.5733,-3.8645, 1.9111,-0.3983, 3.7144,-1.6137
-4.1834,-4.4091, 3.1525,-4.9148, 0.9961,-3.2486,-3.5614, 0.6733, 4.4329, 1.6693, 4.5480,-4.3641, 3.1856, 1.5749, 1.0261,-4.9961, 1.4668,-0.6697,-3.4763,-2.7597,-1.6694, 0.3721, 3.2153, 1.2858,-4.5737,-3.1221,-0.6108, 0.7665, 2.0672,-2.9762,-1.4331, 3.3448,-4.5117, 1.4391, 0.2501, 1.1419, 3.3267, 1.0365,-1.3216, 3.5467,-0.5338, 4.5278, 1.5037,-0.6645,-1.3481,-4.8248, 0.6253, 2.7337, 0.6744,-4.4911
-0.2799,-0.6259,-2.2369, 4.9754, 3.1763, 0.2569,-4.4760, 3.8216, 4.6646, 2.1104,-3.5618, 2.0741,-4.8835,-0.3193,-0.4307,-1.2530, 1.9283,-2.9575,-1.5465, 1.8041,-0.6251,-2.6037, 0.5674, 2.2463,-1.7759, 1.3848,-2.9139, 3.1262, 0.2523, 3.7447, 4.8791,-3.2056,-3.0144,-4.7465, 3.2764, 4.3357, 4.2538,-2.5677, 2.2130, 4.3645, 2.4056,-1.3256, 2.5895, 1.3340, 4.8984, 0.5452,-4.3777, 2.0043, 0.2874,-0.5420
-4.6356,-4.5780, 1.9652, 2.3869,-3.3157,-1.4069,-2.7054,-4.5860,-4.8711,-4.2522,-0.6167, 2.9495,-4.9944,-0.8736,-0.3459,-4.6405,-3.1911, 4.2959,-3.3661,-4.6600, 1.6209, 1.3235, 1.0787,-2.6084, 4.0812,-0.3183,-0.1751, 0.9859, 3.2879,-0.5154,-1.6351, 2.5690,-3.0832,-3.4167, 3.0614, 3.8170,-0.2013, 0.2997,-2.3630, 4.6833,-2.1512, 1.9323,-3.2589,-2.7823,-0.5294,-1.0607, 0.5528, 0.2069, 0.6544, 3.4789
 0.0955,-0.9968, 4.9547, 0.1725,-2.2136,-4.5672,-0.3835, 4.1761, 3.4636, 4.8035, 4.3726,-3.0729, 2.9197,-0.8150, 4.5115,-4.8260,-0.2371,-1.8443,-2.6583, 1.7315,-3.5043, 2.1377, 1.2223, 1.5835,-3.9478, 1.8542,-0.0604, 4.8702, 3.5868, 1.1465,-3.6885,-4.9745, 3.8027,-3.5038, 0.6172, 4.1313,-3.7352, 2.4518,-3.1688,-3.4627, 1.9718, 1.1117, 1.7495, 4.7063,-1.3819,-0.9067,-1.0877,-4.2278, 0.0504, 0.1429
 0.2617, 2.2670, 4.2120, 2.2144, 3.8834, 0.6082, 0.1233, 1.5898,-0.9943,-1.9488, 1.5559, 0.7550, 3.9654, 2.2259, 2.0778,-4.9742,-0.8037, 1.5818,-0.9651,-1.3939,-1.1744, 0.6109, 1.2923, 3.5369,-3.7624, 1.0209,-4.8310,-1.4948, 1.9768, 0.3331, 1.8619,-3.9555, 3.4624,-2.3582,-3.9639,-4.6320,-1.0891,-4.5965, 3.5457, 4.7517, 0.6280,-1.3863, 1.8458,-2.5701,-1.6561, 3.8449, 3.2755,-3.7927,-3.7017,-0.8438
-1.3367, 4.7672,-3.6294,-1.1671,-2.1677,-2.6597,-0.8143, 2.7571, 4.2495, 1.6828, 0.3168, 3.8934, 0.8460, 0.0471, 4.5942,-2.3153,-4.8828,-4.0316,-4.2651, 1.7533,-4.1174,-1.7577,-0.8859, 1.0115,-1.7038, 0.7722,-3.5456,-2.6139, 0.0787, 0.7495, 1.3965,-0.3661,-4.3000, 1.1989, 2.8012,-3.4949, 4.1129,-1.2145,-3.6705,-3.4815, 0.4019, 3.4643, 4.2833,-1.5810,-4.5704,-1.6228, 2.2013,-2.6613,-1.1218,-0.7586
 1.4007,-4.5578,-4.0620,-4.3088, 0.1914,-0.7202, 3.8638, 2.9680,-1.8123,-1.9931,-2.4527, 1.1969, 3.9991, 4.1131, 0.4957, 1.9525,-1.1497, 2.5450,-0.3486,-0.5566,-3.9322, 3.0366,-4.5271,-4.5876, 0.9124, 2.7093, 1.1602, 0.5310, 4.9894, 0.2423,-2.3211,-2.0251,-2.3831,-2.2620, 2.8598, 3.8605,-2.9920,-0.4984,-3.4585, 1.9351,-4.9067,-3.5637, 1.1234,-3.0350, 1.7986,-4.0559, 4.7544,-2.6279,-1.1130,-0.3498
 3.9178, 2.2155, 0.3826, 3.4374, 3.0022,-4.8883, 0.0330,-4.1725, 0.8523, 1.7135, 3.4829, 4.8435, 0.1554, 4.5987,-1.4843, 3.3888, 0.9252,-4.9088, 4.1473, 1.8325,-0.0333, 1.2557, 1.4327, 1.3586, 0.1464,-1.1607,-2.2675,-3.0655,-0.9628, 0.3468,-3.4954, 0.5606, 4.0617,-4.2045, 0.7618, 0.0228, 3.5458, 1.9648,-2.3731,-3.0993,-3.0493, 4.9597,-1.2157,-4.4418,-2.6945,-3.0559,-3.8006,-4.3523, 2.1640, 3.9919
-4.9425,-4.5174,-2.1079, 3.2023,-1.5954, 0.9688, 1.6576,-0.0460,-0.3269, 0.1443,-4.4739, 4.5042,-0.8743, 2.3970, 3.8669,-4.3419, 2.0510, 0.1707,-2.2040, 1.3198, 4.9877,-4.5651,-2.6382, 1.0608,-1.5088, 0.2498, 2.6942,-4.6521,-1.0664, 2.5610,-4.7109, 3.5400,-2.6399,-3.7543, 4.7725, 2.8993,-3.0190, 2.8746,-1.5794, 3.9417,-1.4894, 0.4044,-0.0417, 0.6803,-1.4733, 1.3698, 0.3449, 0.9071,-3.3587, 4.3846
-2.1749,-4.7633, 1.5855,-1.5727,-0.3375,-0.5192,-0.3457, 0.0309, 4.5039, 1.2547, 4.9817, 2.0856, 1.5564,-0.1125,-1.8793,-0.8515,-1.3707,-3.7830, 2.3273,-1.5319,-1.4170,-3.1728,-1.0999, 0.9319, 2.9311,-0.3221,-1.0251, 4.9965,-2.4998, 4.2582,-1.1421, 4.1596,-3.3571,-1.2396,-1.0754,-0.6567, 4.1345, 0.3216, 3.8793, 3.5621, 3.1867,-2.0532, 4.8082,-2.0995, 1.5153, 3.2744, 3.4372,-2.4237,-4.5910, 1.6316
 2.2279, 0.3098, 1.4752, 1.2821, 0.7582,-3.8980,-4.1091,-4.1459,-1.5739, 4.8736, 4.4356,-3.6088,-1.8338,-0.2819,-3.9906, 2.0260, 4.8600, 1.1770, 0.2148, 1.3612,-1.5624,-3.5188,-2.5146,-0.6940,-0.8806,-3.1822, 0.1503,-1.4585, 3.8191, 3.5569,-2.6736, 3.4391, 1.8184, 4.4079, 1.0684,-4.2077,-2.7989,-4.4203, 0.6135,-2.9822, 0.8584,-2.9895,-3.4919, 3.3009,-3.0511,-2.7020,-1.1690,-4.8270, 4.2018,-1.4024
-3.2086,-0.0398,-2.9585, 3.4884,-0.6983,-4.3981, 4.3963,-3.2050,-2.7059, 4.2115,-4.8630,-4.9437, 2.2692,-0.5252,-2.2696, 4.2480, 3.0651, 3.5451, 4.4452,-4.3827,-3.6266, 2.7780,-3.1072, 3.5907,-4.5067, 2.5911, 0.5378,-3.5417, 0.5539, 1.0061, 2.8555, 1.2210, 1.4435, 2.5706,-0.3256, 1.8509,-1.2252, 1.2512, 3.6531,-0.3868, 3.9925,-2.1389,-4.0994, 3.9947,-0.3034,-0.7735,-4.8321, 3.0865, 1.1994,-1.7404
-1.0449,-4.1972,-1.2607, 1.8228,-0.8888,-3.7374, 2.2818, 1.6142, 2.1943,-3.7034, 2.8265, 0.8897,-2.0417, 3.8496,-4.2064, 1.6565,-0.9743, 3.5667,-3.9469,-3.3037,-3.2143, 3.8127, 4.1247,-4.2813,-1.6771,-4.0348,-2.0201, 3.5903, 2.1043,-0.7240, 3.5716,-3.7114,-4.7258, 4.1253,-2.2931, 3.8147, 2.1839, 3.4752, 1.4273,-4.9434,-0.1986, 0.1144, 3.1810, 1.3598,-4.0693,-0.9067,-1.9760, 3.0323,-1.3881,-3.2860
 3.4719,-3.6395, 2.5778,-0.2915, 3.7270, 0.3106,-0.1167,-3.8140,-0.3648,-4.4871, 4.1624,-4.3980, 2.9048,-0.4476,-2.0111,-4.4103,-0.1787,-2.9426,-2.6869,-1.3763,-2.0658,-3.6785, 1.4543, 4.2780,-2.9861,-1.4981, 1.0003,-4.8809,-1.5663,-0.5807, 3.1559, 2.8750, 0.1084,-2.2666, 1.3320,-1.2291,-1.8163,-2.8213, 3.1354, 4.3952, 4.9862,-3.0043, 1.6136, 0.3495, 0.7246,-4.4240, 2.5845,-1.1797,-1.6827,-4.1004
-4.9956,-4.2986,-4.1549,-0.9775,-3.5923,-4.0069,-4.9140, 0.8911,-3.6685, 2.3136,-2.0067, 3.2430, 2.5818,-0.3071, 4.8717, 2.6290,-3.6780, 4.0401, 4.8220,-4.2216, 4.0435, 1.0491,-0.2267, 4.4859, 4.1560, 4.1811,-3.0007, 2.4262, 2.6127, 0.8387, 4.2888, 2.9578,-2.6483, 1.0959,-1.1048,-0.1308, 4.5704,-2.0017, 1.8428,-1.2783, 4.0446, 2.3308, 1.4592,-3.1255, 1.4271, 2.1627,-0.1857, 3.8399,-3.2500,-4.2909
-4.6158, 2.3759, 0.8742, 0.7892,-3.4260,-3.8017,-2.1193, 1.3082,-3.3123, 0.2358, 4.2731, 0.5219,-0.2291,-4.9365,-0.9640,-3.6524,-4.2880,-2.4594,-4.9558, 2.8913, 4.6000,-2.6680, 4.4101,-3.0341,-0.5819,-1.9477,-2.2004,-0.5838, 1.0629, 4.7963,-4.8416,-0.6789, 4.7313, 4.1999, 0.7757, 2.0380,-1.2974,-4.7530, 4.9757,-2.4716, 3.8302, 2.3067, 0.4402,-3.6382, 2.4254,-1.9735,-0.3738,-1.5895, 1.2340,-0.2121
-2.2104,-3.7927,-2.6395,-1.2992, 0.9730,-1.0635,-1.7756,-2.1699, 1.6051, 2.1752,-2.8389,-2.5779,-3.2426,-0.3138, 3.5538,-4.3855, 1.1168, 1.6895, 3.3542,-3.6491, 4.3543,-0.0208,-0.6898,-3.2733, 1.3730, 2.8535,-3.4231, 0.9926,-0.1389, 0.5659, 1.4363, 4.9659,-1.8420, 3.0357, 1.0348,-3.4662,-2.4444, 2.2380, 3.6360,-4.4674,-3.5912,-2.4053,-2.7818, 0.2275, 1.8419, 1.9025,-3.7032, 1.0775, 1.6180,-3.1794
 4.6684, 2.1118,-1.1744,-0.2267, 3.2154, 2.3549, 4.4491, 2.0683,-0.6622,-3.8944, 4.6966, 2.2745,-1.5606,-2.2750, 2.1964,-0.1696, 1.6290,-3.7079,-3.2310,-3.3804, 3.1454,-1.8693, 0.1905,-1.8556,-2.2779,-2.4827,-0.0105,-1.3898, 3.8888,-1.7116,-2.2825, 3.7237,-0.3603,-1.8558,-1.6311,-4.9394,-3.8459,-0.1538,-4.4655,-2.3287, 1.0192, 0.5138, 1.3270,-3.5307,-2.6719, 0.0468, 0.1608,-2.8163,-0.0388,-2.4655
 1.7166,-4.2949, 3.1283, 0.5137, 0.8183, 1.9044,-4.0202,-2.9378, 1.1194, 1.7010,-1.4465,-2.9729,-1.0796, 0.0879, 4.0487, 0.8979, 4.9991, 1.6770,-2.4179, 2.6487, 4.8649, 0.6925,-4.1848,-2.6301,-4.4008,-4.5325, 4.1636, 2.4962, 1.9799,-4.4024,-0.8285,-0.3215,-2.3100,-1.8183, 1.1858, 0.9843,-0.4505, 1.0850, 3.8035,-2.0120,-3.8269, 1.7601, 1.6602,-2.2960, 1.6778, 2.6477, 0.0645, 3.1043,-1.5486,-1.6208
 2.3198,-1.2716,-3.9091,-4.6643, 0.5468, 2.6384,-0.0633,-3.3838, 4.1560,-3.5318,-2.9923,-1.4273,-0.9289, 1.1218, 2.1778,-1.9036, 2.7452, 0.5281, 1.3321,-1.5855, 1.1927,-2.5367, 0.2998,-3.5311,-4.0088, 1.5987, 1.8287, 2.5991,-2.7348,-0.4518,-0.7890, 0.0271,-2.3430,-4.0531, 3.1046,-2.4845,-2.3100,-1.6852,-2.3515,-3.1573,-2.0607,-4.4450,-4.3338,-4.5509, 2.9691,-4.9142,-1.2810,-4.6163,-1.6407, 2.5315
-3.1041,-2.7990,-4.6756,-1.1923,-0.0402,-0.3567, 2.7633,-0.1918,-1.7458, 0.0893,-4.1390,-4.4610, 3.3183,-3.7060,-3.7556, 1.3297,-4.0087,-0.1316, 2.3131,-4.5294, 4.9527,-0.6222, 3.9449,-0.0405,-4.7115,-0.7872,-0.9664, 0.0306, 4.5444, 0.3949, 4.6375, 3.2283,-4.6836, 0.2932,-1.8024,-0.5372,-1.0554,-1.8446,-4.1963, 1.1579,-0.0191, 4.7004,-0.9215, 4.1325,-4.0275,-4.3195, 0.9620,-1.7667,-0.3396, 4.1347
-3.6420,-3.2511,-1.1237, 2.4395, 4.1362, 2.1877,-3.5350,-0.2819, 2.2972, 2.6616, 1.8868, 2.0802, 2.4726, 2.5540, 0.8970, 3.5758, 1.4791,-1.0951, 2.6450, 3.8812, 0.0819, 0.6886,-0.6838, 4.5990, 2.6382,-2.2654,-2.3429,-3.6544,-4.2206,-0.3468,-1.0480, 1.7850,-2.0119,-4.1039,-2.3616, 3.0908, 2.0968, 4.0769, 4.6717, 2.1375,-3.6959,-3.4210, 3.8268,-3.8400,-2.8745, 0.6234, 4.4880, 1.2139, 0.3872,-3.9543
-4.2507, 0.7635, 3.2826,-2.7473,-2.3715,-4.2727,-4.3084,-2.6620,-1.2311, 2.4366, 0.2915, 3.6170,-3.3862,-4.5730, 4.4788,-1.3829, 0.6548,-1.4495,-0.5966, 2.7437,-0.9539,-0.2465,-4.2622,-1.7478,-3.9709, 1.9095,-1.1040, 2.8643, 1.5907,-3.5805,-2.3491,-1.6430, 0.6158, 2.9746,-3.3531,-3.8521,-2.9714, 3.5963,-0.1408, 0.0461,-1.1952,-3.1894, 3.5820, 1.5909, 0.6906, 1.7808,-2.9743, 0.6691, 3.6171, 1.8517
-2.3406, 3.7134, 2.7398,-0.9081, 4.0367, 2.9595,-2.5835,-3.9453,-2.3040, 0.1668,-2.4081, 2.6920, 2.4290, 3.0875,-4.8222, 0.3742, 1.7896, 4.7746, 0.2852, 4.5967,-4.2636,-3.7132,-4.3996,-0.8982, 3.8026, 0.9872,-1.5533, 0.7579, 1.7380,-3.8629,-0.6382,-1.2471, 3.2908, 4.5252, 2.9024, 2.4694,-2.2944, 4.6918, 0.6671,-2.4111,-3.8781,-2.3246,-1.7483,-4.2891, 4.0926,-4.2311,-3.3997, 2.4318,-0.3423,-3.3461
-2.4361,-4.7957,-1.8314, 0.9745, 0.7196, 2.2190,-0.5353, 4.1300,-0.2589, 0.1701,-4.6571,-1.7916,-2.0941, 2.2007,-4.5888,-4.5186,-4.5172, 4.4609,-3.9545, 3.8006,-2.4996,-4.4863, 0.6334, 4.4413,-4.3015,-3.0440,-0.3616, 4.6722,-2.6647, 3.8673, 3.7524, 1.6382,-4.7745,-2.9056,-4.0859, 4.9796, 3.4571, 3.9810, 2.7405, 0.0458, 0.6261,-0.1044, 3.9937, 1.9533, 4.4545,-1.3609,-1.0806,-4.1229, 1.2216,-1.9027
 0.3709,-3.5854,-4.0316, 2.2095, 3.2758, 0.5383,-2.7720,-3.1030,-4.9768,-0.2425, 0.8323, 0.3305, 2.8336,-0.2348,-4.1353, 0.8432,-3.9750, 0.6394, 3.1526,-3.7738,-4.5488, 3.3525,-4.0408,-2.5325,-1.6425, 0.2457,-2.3438,-1.2296, 4.9223, 0.9614, 4.4591,-3.0310, 3.3034, 1.3863,-2.7280, 0.5340,-3.9088,-4.0534,-2.3859, 3.6112,-2.2332, 0.9001,-1.0255,-0.2726, 2.4692, 4.5909,-0.5409, 2.5253, 4.4107, 1.1258
 1.1348, 0.7782,-0.5687,-4.7703, 4.0129, 2.7487,-1.9362, 2.1898, 0.3370,-0.0355, 0.0659,-2.1792, 0.5372, 4.7090, 4.4899,-1.0982,-3.7971, 3.6954, 4.7465, 0.4297, 2.8681, 0.9248, 2.3720, 2.1064, 1.6350,-3.7632,-0.1768, 0.0584,-3.0309,-0.7131,-0.3775,-0.2877,-1.1014,-1.7147,-2.8416,-3.1344, 4.0712, 2.4203,-0.2589,-3.4224, 3.3938,-1.1043,-3.3471,-4.2001,-2.6111,-0.8654,-2.4511,-1.3940, 1.1195,-2.7076
-3.9841, 1.0572, 3.2145,-4.9895, 3.8721,-1.8827, 2.3109, 3.2093, 4.3249,-3.5399, 4.3030,-4.1014, 1.4186, 3.8704,-3.3290,-3.1708, 3.7527,-0.5734,-1.6605, 1.2068, 4.7757,-1.4095,-4.6837,-1.1298, 3.9631,-0.3801,-4.4804,-4.6405,-2.0109,-0.4422,-0.4242,-0.1709,-1.3951, 1.5318, 3.4059,-1.8283, 4.8716, 3.7851, 3.1976, 1.6261, 0.5820, 4.1446, 2.9578,-2.5375,-4.0562,-0.2285,-0.4759,-1.9050,-0.2764, 0.9890
-1.3203,-3.8413,-2.7793,-2.2406, 1.7943,-1.9273,-0.8781, 0.6169,-3.5054,-0.9789,-4.0025, 4.1199,-3.4403, 1.0698,-0.9534, 2.0703, 2.4624, 0.7060,-4.3319, 3.2533, 4.3286,-1.1537,-3.4976, 3.3802,-3.8857,-3.4656, 4.5710, 1.7864,-3.8147,-0.8281, 1.4999,-1.0608, 2.7163, 0.1943,-0.2482,-4.0372,-3.3167, 2.1775, 4.1298, 2.3790, 2.5078,-2.6639,-1.9770,-0.8584,-4.1432,-3.3075,-2.3881, 4.5695,-3.7678, 3.2540
 3.5024, 3.5412, 3.1679,-4.8283,-4.3549,-3.2504, 2.9629,-2.5803,-4.2920, 0.7669, 3.3520,-4.5267,-3.7204,-1.7966, 0.9047, 2.3934,-1.1181,-1.3362,-1.1984, 3.6946,-1.8342, 0.1544,-3.9167, 0.3414,-3.3711,-0.1323,-3.7507, 3.2327, 1.5992,-1.4950,-4.4185, 1.4649, 0.5196, 2.2264, 2.9909, 0.6339, 2.3748,-3.9685, 0.5486,-2.7854, 2.0492,-0.1603, 0.8457, 4.4697, 3.5809, 0.2628, 3.0374,-3.5801, 1.4600,-2.2201
-4.3880,-0.6402, 4.9008, 3.9544,-3.2430,-4.7737, 2.1096, 3.8488, 3.9673, 4.6930, 2.5359, 0.2130,-2.8539, 0.8381,-3.6458, 4.7719, 3.2106, 2.0181, 3.7661,-3.7971, 0.9617, 3.3089, 3.0550,-3.2107, 0.8905,-3.6705,-2.8991,-4.2147,-1.8132,-0.7702, 1.1147,-0.2570,-3.8674,-0.4467, 2.1494, 2.6133, 2.7399,-3.8162, 0.6458,-1.9695, 4.1190, 1.3270, 3.9901,-0.9281, 4.1390, 0.7469,-4.8288,-4.3282,-2.7704, 1.3665
-3.7461,-3.6691, 2.8339,-3.5893,-2.7801, 1.8601,-3.2382, 0.0436,-3.2314, 4.0462,-4.1651,-3.7938,-3.1470,-4.6160,-4.8498, 4.4564, 2.5436, 1.6556, 0.8585,-2.4852,-2.5047, 1.8362, 2.2690,-1.1046, 3.1656, 0.7601,-3.9985,-1.2029, 2.1061,-3.6088, 4.9338,-4.6515,-1.8296, 3.8234,-4.5568,-4.0791, 4.6050,-2.7417, 2.2684, 0.7412, 3.7939,-1.9847, 3.0810, 2.0652,-3.5883, 4.1329, 1.0593, 1.5827, 3.8733,-0.6378
-3.9551, 1.4861,-3.9579,-3.6697, 3.8868, 2.1119, 1.9484,-4.5873, 2.8748,-0.3924, 1.0228,-2.1475,-1.8294,-1.5542,-2.9034,-4.5446,-4.7336, 4.7513, 2.0912, 4.2332, 4.9561, 4.1275, 2.8582,-2.7561, 3.8606,-0.3626,-4.6365,-0.1251, 2.4344, 3.6621, 1.2227,-0.3667,-1.2119,-3.4877,-3.1865,-3.0742,-3.8384, 1.2178, 1.8874,-4.2430,-2.5783,-2.1753,-2.6593, 1.4563,-1.9881, 1.1507,-0.2574,-2.8776,-2.4897,-2.8355
-2.1055, 2.7365, 4.7209, 0.9913,-1.4514,-1.8198,-4.2302,-3.8155,-1.8291,-0.6530,-4.5115,-4.2791, 2.9853,-3.7639,-2.8698,-1.1054,-3.0752,-2.4231, 1.4581,-0.9964,-2.5711,-1.9810,-4.8347, 1.4428,-4.8612,-3.3701,-0.3336, 1.5097,-0.1721, 1.8553,-1.4398,-1.5456,-2.8491, 2.8666, 1.5220, 2.2532,-1.3639, 0.0607,-3.4047,-1.3416,-3.6790, 3.2135,-3.5968,-4.3742, 3.4114,-1.5089,-0.6579,-3.9811,-4.1406, 3.0744
 1.3015,-2.1404,-2.7235, 1.6168,-0.7217, 4.4018, 4.1106, 2.6109,-4.3946,-2.7897,-2.3487,-4.2939,-3.5203,-1.2506, 4.6640,-3.3661,-1.6047, 2.2103,-3.7218, 4.6616,-0.9147,-2.3803,-4.4129, 2.8774,-2.3787, 1.6185, 3.0520, 2.9599, 4.6689,-2.9960,-3.0023,-0.6919,-0.6159, 4.7048, 2.3859, 4.5347, 2.1280,-2.9268, 2.1130, 0.3479, 0.9175,-0.5763, 4.9142,-3.4857, 0.6868,-1.1405,-3.4789, 2.7360,-4.0237, 0.0045
 1.5031,-4.9086, 1.2359, 0.6559,-0.5274,-2.6499,-0.1052, 3.1304,-4.7033, 1.6222,-2.5029, 2.9939,-1.7128, 4.6516,-2.4643, 0.3051, 4.6630, 3.6649, 2.7647, 4.0074,-4.5998,-3.1794, 3.8625,-1.4119,-2.0210,-2.7357,-0.3028, 1.3042, 0.4705, 1.6190, 0.8625, 0.6758,-3.2786, 1.7568, 2.5372,-0.8705, 2.8729, 4.6980, 2.0885,-1.4864, 3.3786, 2.4715,-1.9601,-3.4776, 4.8673,-3.6297, 4.7661,-3.5543, 1.5375,-2.7548
 2.4925, 2.8101,-3.8270,-4.7654,-3.2480,-4.8121,-0.7574,-1.7286, 0.4478, 2.1257,-0.8423, 1.2054,-2.6787,-1.2999,-4.4302,-1.1517, 2.6643,-1.4356,-3.1226, 3.7208,-0.8464,-0.2816,-4.3340,-4.2711,-2.4385, 2.0428,-0.8230, 0.7115,-4.6573,-1.4659,-0.0427,-4.3622,-2.4480,-0.9797,-4.2815, 2.3623, 1.2281,-3.8795, 1.2308,-1.2485, 1.1542,-4.5419,-0.7231, 3.4729, 4.7028,-3.4645, 4.2491, 0.8190,-0.2167, 3.3602
 4.3889, 0.7732,-3.3665,-2.1016, 0.1186, 0.1670, 4.0505, 2.3450, 0.6397,-4.0575,-3.4411,-4.8977, 4.1931, 3.8891, 1.3292, 2.7414, 2.7766, 4.6229, 0.7392,-4.7850,-2.8594,-3.1401, 0.6746,-0.7110, 2.2009,-1.0085, 2.6025, 3.2444, 4.8329, 0.4704, 2.8612,-4.6161,-2.4611,-2.8674, 4.8375,-2.5450,-0.1684, 2.9851, 3.7939, 3.8696, 3.6086,-3.2042, 3.4546, 4.6246, 1.0747, 1.0018,-1.6983,-0.9719, 2.2132, 3.1964
-4.6078, 4.3934, 0.2791, 1.6492, 1.1340,-4.5327,-0.7896, 2.5500, 2.3007, 3.0978, 3.0274, 1.8566,-3.3384,-1.1522, 0.2448, 2.5762, 1.0349, 3.1235,-4.7821,-1.8185, 3.3999,-1.5056,-4.7897,-0.4306, 1.2341,-3.4197,-3.7192, 0.4784, 2.6182,-2.0840, 3.3848, 0.3621,-4.2062,-4.7306, 3.2695,-1.9405, 4.6609, 3.8101, 4.6585, 4.5662,-1.2202, 2.0438, 3.4904, 1.3291, 4.0993, 2.5212,-2.3479,-0.9878, 0.6813,-2.5360
 4.8643, 2.7301,-2.1196,-3.7429, 3.3120, 2.7975,-2.9138, 0.3132, 2.1956,-3.2632, 1.7303, 4.1329,-1.2603,-2.6930,-2.1047,-0.7965, 3.9630, 1.3934,-1.0975,-2.9221, 1.5904, 3.5410,-4.2481,-2.7976, 4.8241, 1.0475, 3.1437,-3.5524, 4.5684,-2.6628,-1.2451, 3.3451, 1.6833, 3.1096, 3.6796, 4.4341,-0.7573,-4.5580, 4.3208,-0.2230, 4.7997, 0.5156, 4.9162, 3.9258,-3.6271, 2.6331,-2.8840,-2.4388,-2.9946,-1.6061
 1.3437,-3.1914, 2.3750,-1.0227, 0.4565, 4.2835, 3.9351,-2.0338,-1.1798,-4.4420, 2.7908,-2.1092, 0.8767,-0.6587, 3.1274, 0.5476,-0.9729,-4.0971, 2.7220,-0.7549, 1.9561, 1.7782,-3.1572,-4.3421, 2.0128,-1.9360, 1.9016, 0.4714, 1.8420,-4.6788, 1.0731, 4.8053,-2.8472, 0.9997, 1.1225,-4.2156,-4.0286,-2.0272,-1.1478, 2.4995, 2.9519, 4.1538,-4.0528, 0.5900,-2.2668,-0.1446, 3.9040, 0.1236,-2.0373, 3.7170
-2.9111,-2.8719, 2.5828, 1.4031,-4.0403,-1.2132, 2.3287, 4.2376, 0.4842,-3.9510,-2.5776, 1.1531,-2.4027, 4.9558, 0.0543, 4.9854, 4.6812,-0.1854, 3.6636, 0.4716,-4.0041,-4.5300, 0.2748, 1.0412, 3.6582, 3.5204,-1.4473, 4.2435, 4.8453, 1.8758, 2.4627, 1.2763,-2.9615,-1.9233,-1.0216,-2.6702,-3.5599,-4.1538,-1.6579, 3.0724,-4.3058, 1.9033,-4.9695,-2.5620,-1.5118,-0.2700, 2.2112,-0.4503, 0.6980, 4.8284
 1.7595,-1.5123,-3.7436,-3.6249,-3.8426,-3.8779,-1.3001, 4.3046,-3.1454, 1.4867,-2.8274,-1.0830, 3.1215,-4.0311,-1.8865, 1.6862,-0.1528, 3.8228,-3.0805, 0.0764,-2.3832,-1.8111,-1.0307, 2.3030,-0.9797, 3.1948, 0.4631,-0.0601, 4.2340, 0.9871,-0.0778, 4.4946, 3.4366,-3.5503, 3.1604, 3.9806,-2.3841,-2.7704,-1.8697,-0.2182,-2.2582,-1.1730,-2.7664, 1.0089, 4.3864,-2.6073, 3.0893, 3.7236, 1.9282, 4.1661
 2.7421, 4.0000,-3.0032, 4.9310, 2.9462, 3.7865,-0.1136, 1.2306, 0.1220, 3.7538, 2.4950, 1.4248, 4.3114,-3.9709,-0.7018, 2.3061,-0.7373, 4.8055,-4.2738,-4.8812, 1.5957,-3.3883,-0.7748,-3.6346, 2.9421, 1.6619, 3.0030,-1.2057,-1.5224, 0.2732,-2.2396,-3.3231,-3.2632,-2.6036,-3.4671,-1.6847,-2.5154, 1.0454,-4.8278,-3.6519,-4.8757,-3.6794,-1.3433,-3.1889,-0.4558, 0.2276,-0.0982,-4.9651, 2.7471, 3.6299
-3.0125, 0.8041,-2.2191, 3.8928,-2.1299, 1.0498, 4.0426, 0.9952,-2.0087, 3.5175, 0.8828,-3.2856,-4.0502, 0.0143,-2.3857, 0.8111,-3.1566, 2.2419, 3.8427,-3.7293, 4.6367, 2.4772,-0.1950, 4.0768,-4.0764, 1.8468, 0.5528, 0.9014,-2.5986, 4.4007, 0.0778, 4.0406, 1.5151, 3.5108, 1.2021,-1.0093, 1.8567,-1.9701,-3.7886, 3.0189, 0.7475,-0.7010,-0.8267, 4.0241,-0.4864, 2.9534,-1.8542,-3.7388,-0.8997,-2.4561
 2.7166,-0.8863,-3.9181,-2.0327, 4.6273, 4.8668,-1.6319,-4.4367, 0.6406,-1.0376,-2.6924,-2.7813, 2.3350,-0.1589,-2.6184, 1.1268, 3.0916, 0.3800,-0.8709,-4.2972,-2.6701, 0.6763, 0.9857, 3.3286,-1.0440,-1.5222,-1.0064,-1.2917, 1.5073,-4.8699,-4.9160,-4.5417, 0.1819,-3.8822, 0.6906,-3.7688,-1.3819,-2.8456, 2.0523, 0.2511, 0.1581,-1.3698, 0.2946,-4.5021, 1.1839,-4.8005,-2.7467, 1.3638,-4.4015, 0.8296
-0.9201,-4.4098, 2.4128, 0.8068, 1.5727,-1.2432, 0.7543, 4.6106, 2.3117, 3.0998,-1.5874, 1.8157,-1.9970,-1.5333, 4.6784,-1.4676, 4.9919, 0.2464, 1.5823,-1.7297, 2.8111, 0.3929, 1.4461, 0.2921,-4.1904, 3.5724, 2.0386, 1.2854,-1.6286, 0.4705, 2.0781,-3.0977, 1.9609, 4.2906,-1.9690, 4.4132,-0.4394, 2.8885,-3.5075, 2.1889,-3.3791,-2.7488, 2.3218, 1.2466, 3.9537, 3.6460,-0.4114,-4.3415, 3.0978, 4.9472
-2.0511,-4.0080, 3.6242, 0.8789, 0.7742, 1.4992,-0.8751, 2.3814, 2.7874,-0.7241, 4.9509,-0.7203, 0.4539,-1.2456,-2.8020, 2.2717, 1.9555, 1.5357,-2.5450, 1.7321,-4.1728,-4.1302, 3.1626, 0.9572, 1.3931,-0.7220, 1.5086,-1.0332, 2.4419,-1.6585,-0.1872,-2.0692, 1.4355, 3.1494,-4.3824,-4.2494,-0.2411, 3.4611, 2.6303, 3.9351, 3.2788,-1.4435, 2.0124,-3.6392,-4.2071, 0.9335,-0.8503, 3.4653,-2.2841,-1.2051
-2.2258, 4.4891, 1.7653,-4.4963,-1.5387, 4.5072, 3.4742, 0.4681, 3.0517,-2.3728, 2.7525,-3.3862, 4.5649, 0.7931,-1.9341,-0.1969,-3.2517, 4.9472, 3.5552,-3.3727,-2.6997, 0.0395, 3.1846, 3.5704,-0.8608,-2.5809,-4.2689, 1.2923, 2.9110,-4.8132, 0.9153,-4.8328,-3.8490,-2.0362, 4.0005, 3.7165, 3.8361,-2.2581, 3.7248,-3.7860, 4.9919, 3.0831, 2.6236,-4.1135, 2.3030,-0.8048,-1.1909,-0.3128,-1.4556,-3.4814
 4.7067,-1.7658,-0.0127,-0.0265,-1.7745,-0.8364,-3.7212, 1.9459, 4.1058, 4.1246, 3.6965, 3.0974, 4.1220, 4.1463,-1.9202, 0.3982, 0.6678, 1.4386,-3.3079,-1.0305,-0.3745, 2.8226,-0.8995, 0.5345,-1.4664,-3.4623,-0.3284,-0.0293,-2.3168, 0.7119,-3.5062,-3.4678, 1.4029,-2.3722,-2.1386, 1.0501, 3.6659,-3.3831,-2.2821,-3.2702,-3.8971, 3.0510, 0.3414,-3.5003, 3.0227,-0.5907, 1.9552, 0.8756, 1.7415, 3.8101
 1.9620,-0.7955, 3.5698, 0.6814, 2.8516, 4.3122, 2.0716,-4.5107,-4.6671,-4.6896, 0.2598, 3.5700, 3.6081, 0.8066,-2.9318,-3.8097, 4.5106, 1.7898, 0.7512, 3.6571, 3.1829,-3.8489, 4.4226, 3.6591,-0.8818,-0.5220,-3.6372,-3.6908, 2.1164, 0.0548, 2.5361,-0.4567,-0.3160,-0.4971,-2.5926, 0.9809, 4.9339, 3.2365,-1.6496,-3.6183,-4.4399,-2.8155,-2.0493,-2.8063,-1.8550, 4.7222, 0.7814,-4.9096,-4.4304,-0.2390
-2.5564, 0.1408,-0.0098, 1.2870, 3.6130,-1.3399,-2.8781, 2.4617, 0.9734, 2.8403, 3.0573, 3.2559, 2.3824,-4.7965, 4.0020,-4.3134, 1.8496,-0.9369,-1.7393,-4.8426, 1.4957,-4.4801,-4.6929,-1.3041, 2.1805,-1.1877, 4.0899, 2.3824,-0.9924,-2.7855,-0.3518, 2.9187, 1.1394, 0.8048,-1.0205,-1.2128, 3.1687,-4.6837,-0.1373, 2.2219,-4.2132,-4.9451,-4.4157,-4.2740,-1.3408,-0.2756, 4.1622,-3.9534, 4.2227,-3.9827
-4.7835, 3.8893, 0.5986,-2.4551, 4.5656, 0.5791, 2.7414, 3.7008, 2.4599, 3.8147, 4.3617,-3.4140, 3.5192, 1.7549,-2.0712,-2.2450, 2.7305,-0.9161,-0.9675,-4.3522,-1.3655, 0.8969, 0.5498, 2.9270,-2.1529, 1.9029, 4.5974, 0.2248,-2.0258, 1.9963, 4.5945, 1.0511,-2.6481, 2.3572,-1.1711, 2.4202, 3.2414, 1.0743,-1.3299, 0.4978, 0.0645, 0.4229, 0.3115,-0.3952, 0.6844, 3.1995, 3.5901,-2.3873, 1.2658,-0.9927
-0.7363, 2.5220,-3.6689, 0.2479, 4.1256, 2.4849, 3.4995,-4.3692, 3.6420, 1.6484,-1.4063, 1.3209, 3.9280,-4.9375,-0.9453,-1.2102, 3.2913,-0.6066,-0.3559,-1.0755,-4.8830,-2.5889, 0.2092, 0.4005,-4.4154, 0.3357,-3.6884, 2.4490,-1.9472,-0.0645, 3.8065,-4.1165,-3.5090,-1.1601, 1.9869,-4.8961,-0.4104,-0.9973,-0.0014, 1.8554,-4.8961, 3.5287,-2.5846, 1.8411, 1.7198,-0.2849, 2.9410, 1.4563, 4.7707,-3.2834
-0.1175,-4.2920,-2.7807,-0.4784, 1.9481, 0.4722,-1.3469,-2.6582,-3.2722, 0.4554, 4.6306,-2.6409,-4.5401,-2.5061,-1.5396, 4.8793,-4.4651,-3.8439,-1.3563,-0.1655, 1.2530,-2.1375,-4.8636, 2.5970, 2.4609,-4.2991, 3.7840, 0.2732,-0.0129,-1.0992, 4.4589, 2.2634, 4.9164, 1.5639, 1.8650,-2.8524,-0.0437, 0.9339,-0.0930,-0.8048, 0.8231,-0.4048,-3.2081, 1.9660,-4.6909,-4.9152,-3.3828, 2.9734,-1.9309, 2.8665
 2.5366, 2.1153, 2.7852, 1.5065,-1.8985,-0.6940,-4.6131, 4.3580, 0.3189,-4.9890, 2.2239, 2.7178, 4.2061,-4.1772, 0.8498, 1.1395,-4.4716,-4.5884,-1.8607,-1.5982, 0.8342, 1.4925,-1.5108,-0.5018,-1.8110,-0.5471,-1.6745, 1.0792, 3.1759,-3.4785, 0.5421, 4.0962, 4.2152, 2.3868,-4.8169, 3.5241,-2.1541, 0.0355,-4.7591, 3.7976,-2.9685, 1.3659,-1.2468,-0.4759, 2.1534,-2.8759, 1.4888,-2.6822,-2.3239,-1.8090
-3.6193,-0.2230,-3.7415, 3.0859, 0.8201, 2.9045, 3.9294, 2.7319, 2.1201,-0.6694,-0.8229,-3.8506,-1.5770, 1.7149,-3.9158,-0.7131,-3.6666, 0.3071, 0.4773,-1.7495, 0.2099, 2.9592,-0.0163, 0.8169, 4.1086,-4.9539,-3.6859,-3.5149,-2.3309, 2.4228,-3.1036,-3.9605, 2.9040,-2.6669,-4.9047, 3.6216, 0.5462,-1.9521,-4.4876, 0.4748,-0.0733,-3.7968, 4.5401, 2.5627,-1.4844,-3.3121, 4.2506,-1.7823, 4.6261, 3.8882
-4.7561,-2.0471, 0.5689, 4.9974,-1.1937,-4.8709,-0.5834,-3.8412, 4.1631, 2.7763, 3.9523,-1.1716, 1.3535,-3.2644, 0.5077,-0.3482, 1.5408, 4.6386, 2.1493,-2.8876,-4.0839, 3.2848,-3.2493,-3.1325, 4.8345, 4.7748, 3.0667, 1.1753, 0.0014, 1.6227,-2.4776,-4.8716, 3.0053,-0.9578, 0.8184,-2.9949, 4.0783,-1.8723, 4.2749,-0.5933, 1.2546, 4.7091, 3.3599,-3.4312,-2.6752,-2.4120, 4.6143,-2.6860, 1.4854,-3.1265
-3.7466, 1.7254,-4.2810,-0.5784, 4.4552,-2.2365, 4.2230,-3.6290, 3.5405,-4.6972,-0.0078, 1.8005, 1.5753,-1.1391,-4.1965, 2.3663, 3.2477, 2.3328, 2.3807,-3.6730,-2.1164,-2.4619, 2.4453,-0.3984,-3.6856, 3.2735, 0.7386,-2.9355, 4.5190, 3.7252,-3.1153, 4.8573, 4.0054,-2.5192,-2.5824,-3.2773,-3.4266, 0.6328, 1.1091,-0.4589,-0.1922,-2.9501, 0.8201, 1.1462, 3.2832,-4.0062, 3.2861,-3.2505,-4.2490, 4.0650
 1.8194, 4.2382,-4.4605,-3.7712, 3.8625,-4.9459, 0.0105, 0.3302, 1.0112,-4.1021, 3.4962, 2.6802, 0.7867,-3.2630,-4.3562, 1.7391, 0.9429, 1.3485, 3.8481,-3.9589,-2.2032,-1.7431,-0.3480,-2.7711, 4.3540, 2.0090, 1.0696,-2.1292,-4.3928, 0.1395, 1.6778, 0.4411, 2.2613,-3.7384,-0.8962, 3.5212, 0.4301,-4.1494, 3.6765, 3.0986,-3.0405, 2.2225, 4.1588, 2.0928,-3.7426, 1.4243,-0.2808, 4.3051, 1.5548,-4.6724
-3.9335, 3.4009,-0.6068,-3.5180, 3.9891,-3.4820, 2.2614,-2.8712, 4.2224, 4.5872, 4.7063, 1.8238,-1.4097,-1.1025, 0.0053, 2.8109,-2.5462, 3.3845, 2.2121, 0.2445,-2.0585,-1.2896,-2.1572,-1.5928,-4.3383, 2.3654,-2.4582, 3.7456,-2.2293, 3.4540, 2.3623, 2.5038,-2.4069, 1.8364, 4.7904,-2.6411,-2.1107,-2.7184, 4.1731, 0.0855, 2.0373,-1.6561, 3.2274, 3.3592,-0.0033,-3.2672,-3.0322,-0.7290, 2.6672, 3.6565
 1.8182,-1.9459, 0.1232,-4.1987, 2.9536, 1.2582,-3.0869,-3.0973,-1.0298, 3.8029,-1.9882,-4.9030, 3.4184,-4.6289, 4.6627,-3.1034,-4.3282, 1.6562, 3.6561, 4.9107, 0.0408,-4.9686,-1.6818,-4.6936, 0.7263, 0.1050,-1.3566,-4.9371,-1.0815, 2.7036, 0.0054, 4.0446,-4.1655, 3.1206,-0.7414, 1.0074, 4.9302, 1.1353, 3.1612,-3.6662, 0.3213, 4.5055, 0.7772,-1.9646,-0.9379, 2.2729, 0.7513, 0.5720, 2.1290,-0.9019
 0.5115,-4.5732,-2.0092,-3.4892, 3.2109,-3.3689, 4.8788,-1.3306,-2.5512,-1.8038,-3.6663, 1.0268, 1.9838, 0.7015,-3.2712,-2.0932,-3.5352, 1.9820, 3.3313,-0.2868,-2.6250,-3.6599, 0.1841, 4.0445, 1.4584,-0.3208,-3.7286, 1.3998,-0.4137,-1.4191, 3.5863, 2.1069, 0.9270, 2.1460, 3.4114,-4.7707,-3.3455, 2.4169,-3.2091, 1.4682, 3.1991,-3.8406,-4.7601,-2.4840, 2.0119, 0.2140, 4.2895,-2.7625,-4.7447, 1.4302
 0.6326,-0.1656,-2.6140,-3.0065, 1.8751, 3.1155, 3.7171, 2.4101, 0.7579,-4.7616,-1.2404, 1.3080,-1.0959, 4.9435,-1.2894, 2.6594, 3.4444, 4.2134,-3.4467,-2.8064, 0.2953, 2.4016, 2.3150,-2.8395, 4.3216, 4.1308,-2.5908,-2.6146, 0.7543,-3.9769,-4.2204,-0.2657, 3.6567,-0.0594,-2.9960, 1.0785,-4.5435,-2.8856, 1.2927, 3.2550, 0.9361,-1.4190, 0.3026,-2.5018, 1.1462, 3.5574,-1.2820, 0.7540,-3.3034,-0.0070
-4.4101, 1.8703,-0.1638, 2.7740, 4.6253, 2.6947, 4.0732,-1.5830,-0.0343, 4.2938, 1.4310, 0.8986,-1.8733,-3.4370,-4.9098,-4.8075,-4.4539,-4.5863, 1.0728, 3.3094,-4.4028, 2.4742,-1.1333, 2.3800, 0.9118, 4.0291, 3.7017, 1.2697, 4.8647, 1.2271,-0.7844,-4.0802, 3.9378, 2.7507, 2.1057, 4.0286, 0.9169,-1.6583, 4.2522, 3.8615,-0.2384, 3.0001,-1.7354,-1.4997,-0.0888,-3.6003,-0.4830,-2.9840, 2.7683, 4.9105
 4.6515,-3.7582, 4.7648,-0.9145, 0.6882, 0.8332,-4.7788, 3.4011, 2.5657, 2.0578,-4.1669, 2.7728, 0.8339, 0.5754, 3.7325, 3.0403, 4.2223,-2.0851, 4.6233,-3.6084, 0.9880,-1.3677, 4.4134,-0.0402,-3.4563, 4.5734, 4.0299,-0.1634,-3.7104, 3.9556,-1.1908, 3.8886, 2.0471,-4.9041,-1.1761,-3.4270, 2.6261, 2.3646, 1.1272, 2.9438,-0.0054, 0.6266, 1.5836,-2.2918, 3.0256, 3.3910, 2.8221,-4.6543,-3.8988, 1.6238
-4.5804,-3.6772, 1.9691, 0.3887, 2.6205, 3.7008,-2.4198, 2.0682, 4.8325, 3.1996, 3.1702, 3.8777, 3.0857, 1.2194, 0.7297,-4.6025,-4.2258, 0.5679,-2.6968,-2.7019, 2.8580,-0.0994, 1.8591,-0.5699, 1.4251, 2.2661, 1.7080, 1.5069,-4.0213, 1.5594,-1.0617,-3.2130,-4.6567, 0.2839, 1.5395,-2.5164, 4.7493, 2.2687, 2.4489, 2.1291,-3.0785,-2.7383,-0.4140,-2.0663, 0.3174, 2.2543, 1.1785,-4.1240,-3.2535, 2.9872
