 0.6345, 0.8449, 2.1366,-2.5783,-1.5280,-1.4290, 3.1128, 4.2625, 0.4625, 4.2816,-2.3066, 0.7502,-1.0007,-2.5704,-0.2079,-0.4956,-4.9023, 4.9138, 2.0726, 2.0179, 3.3491,-3.1062,-4.0108, 2.0679,-4.1586, 4.7440,-1.2707, 1.0970,-4.3187,-1.6734, 1.2578, 4.0175, 2.1496,-3.4441, 2.4861,-3.2062,-1.8263,-0.1254,-1.5256,-3.6546,-2.4150, 4.2083,-4.6780,-1.4142,-0.9519,-2.7074, 3.4585,-1.2953,-3.9583,-1.9137
-3.5083, 3.3360, 2.5280,-0.8364, 3.9979,-0.6001,-2.3286,-2.1750,-0.9864, 2.6184,-4.8166,-1.1270,-1.8712,-3.7445, 3.9224, 1.6936,-0.4881, 0.1977,-2.8119,-0.7582,-1.4475, 2.7355, 1.6972,-0.7918,-2.5505,-0.9933, 0.4511,-4.9537, 1.7743,-0.5478, 1.7911, 1.4697, 3.8214,-1.2858, 1.0164, 3.3624, 2.8282, 0.7581,-1.4662,-3.0542, 2.9480, 4.7127, 2.2837, 2.4998, 3.9164,-3.6411,-0.2755, 0.9222, 0.8852,-1.4902
 1.1112, 4.3388,-2.3743, 2.4258, 2.8930,-4.5084, 0.4579,-2.3189,-0.8405,-3.6990, 3.3057,-0.0576, 4.0620,-0.3922,-1.3451,-4.7918,-4.6244, 2.3559,-0.3841,-1.2528,-1.8109, 2.3684, 2.4709,-3.0070,-0.9920, 0.8319, 4.1402, 3.6728,-3.6854,-4.8186, 2.7794, 4.1934,-0.1668, 4.7083, 0.1382, 4.6852,-0.3441, 1.9045,-2.0342, 0.8863,-4.1226,-4.5968, 4.4854,-3.0864,-4.1005,-3.7390, 2.2722,-0.2865, 1.6114, 0.4633
 3.8499,-2.9791,-0.4716,-0.0120,-1.9855,-1.0298, 2.1343,-4.3905,-4.8990, 0.1817, 1.6766,-4.1114,-1.2996,-2.8482, 0.5663, 0.9318,-1.1378, 1.8647,-2.9624, 3.5131,-1.3651,-4.4112,-4.4043,-1.5369, 0.4158,-3.9820,-1.8718,-2.8230, 0.7580, 2.5843, 3.4924,-4.0705,-1.7102,-0.2631,-3.2757, 0.4264,-4.6443,-2.2971, 2.8136, 0.7552,-3.1963, 1.3675, 1.5839, 1.9152, 1.5980,-1.9544,-0.4022, 0.3505,-3.5031,-4.9203
 0.5333,-3.8116,-1.1896, 3.9173, 2.8309, 1.4989,-3.2672,-4.9215, 2.7989, 3.7042,-1.8869,-2.1428,-2.6398,-4.8447,-4.9788, 4.9716, 4.1829,-4.4091, 1.2947,-2.6716, 0.9447, 2.5683,-4.9625, 1.8293,-2.0318, 2.6517,-0.5984,-3.2965,-3.3910, 3.9323,-2.5339, 1.3761,-2.3986,-3.1179, 4.3470,-0.7925,-0.5563,-4.5578, 4.7645, 0.0009,-0.3931, 0.2780,-0.4788, 3.2739,-3.8989, 2.6068,-3.9818,-3.6297,-2.9064,-0.5533
-0.9858,-0.3825,-2.2985,-2.6487, 4.5419,-4.1362, 1.4356,-4.7830,-1.4623, 4.9210, 0.7112, 1.2487,-4.1704,-4.5997, 1.0390,-2.3548,-4.0902, 2.4464,-3.8168, 1.4536, 2.0902,-1.9371, 4.3362,-4.3031, 3.4652,-4.2930, 0.7125,-4.3822, 2.3452,-0.5817, 0.1207,-4.6634, 3.1307,-0.3079,-1.1421, 4.4220, 4.3972, 2.8429, 1.2532,-4.0346,-1.7096,-3.9575,-4.2419,-4.3224, 1.3983,-4.4108,-0.5903,-4.2793,-4.8280, 3.7539
 1.3162, 2.9754, 4.4030, 2.1206, 0.7216, 3.3286, 4.1155,-0.8990, 2.0259,-2.4895, 2.0823, 1.3456,-2.6536,-2.9947, 3.8639, 2.5008, 1.9483,-2.8209, 3.4390,-4.5107, 2.0466,-4.3313,-2.5034, 4.4501, 1.5714, 4.0960,-0.7251,-1.6884, 3.4158,-0.4223,-1.2489, 3.5541,-1.8502, 1.0342,-2.6761, 0.5718,-1.2727,-1.1683, 0.6053,-1.5004,-1.6856,-0.0400,-1.2548,-0.2799, 3.3140, 3.0150,-3.6155,-2.7471, 0.6842, 4.9228
 4.4740, 0.1123, 2.6406, 2.4127,-0.5350, 4.3415,-4.6778, 0.6384,-3.9897,-3.9738,-3.0229, 3.3848, 1.6175, 0.5760, 2.8435, 3.6366,-1.0882,-0.5839, 1.4071,-4.9672, 0.5541, 3.4748,-4.5583, 1.2973, 3.3917,-1.1190, 4.1587, 0.7344,-4.1470,-3.8208,-2.4682,-1.7562, 3.7971,-0.3803, 0.6433,-2.6902,-4.4684, 4.8014, 1.8527,-1.7183, 0.4663, 1.9145, 3.2468,-2.2860,-0.0846,-2.0235,-0.1166, 2.1354, 3.2949, 1.6561
 3.1143,-0.6230, 0.4903,-0.7823, 2.2393,-2.5969, 3.7699,-1.3253,-0.9913, 2.1043, 2.9239,-3.1180,-3.8560,-3.9723,-4.1438,-0.5175,-2.0843, 4.3927, 0.0914,-3.5362,-4.9651, 1.3056,-4.5761, 1.9263,-4.6760,-2.7680,-0.3469,-1.2704, 3.6162, 3.6547,-3.5843, 0.6876,-3.9590, 3.0847, 1.9974, 4.6289, 4.1959, 3.9619,-2.7202,-2.5102, 1.0492, 1.1989, 2.5551, 1.0409, 4.8045, 3.6148,-2.0961, 1.9485,-4.7470,-1.3864
-2.2396,-4.1826,-4.0559,-3.7175, 3.7081,-1.8569,-0.9003, 2.6500,-4.0851,-2.3116,-3.2210,-4.8513, 1.4481,-0.3059,-0.6898,-3.1790,-3.6355, 0.1145, 2.8094, 4.3234,-4.3161, 0.2050, 0.9533,-0.5372, 0.5928, 2.3081, 2.2747,-3.9998,-4.6340,-0.7161, 3.9185,-0.4788, 3.7102,-1.5551,-3.4110, 3.7790,-2.2596, 2.0229, 4.7711, 2.7344, 3.7435,-0.9111,-2.3185,-2.2286, 0.9525, 4.6772, 1.4586, 2.2547,-3.2538, 2.2407
 0.4379, 3.5964,-4.9074,-0.3417,-3.1667, 1.3923, 0.3190,-4.5493, 3.9142,-2.8509,-1.6142,-3.7825,-0.8268, 4.6154, 3.1560,-0.6806, 3.9587, 2.4514,-4.9033,-2.5118, 0.0073,-3.5795, 2.5614, 3.7833, 0.8008,-3.9515, 0.2742, 0.6629,-0.2345, 4.5783,-0.8576,-4.6291, 0.4324, 2.0971,-0.4511, 1.7840, 0.9723,-1.6366, 1.3076,-2.0600, 3.5011, 4.8763,-3.9640,-4.8306,-4.6289,-0.7188,-3.9008, 4.1369, 4.4240, 1.3055
 4.6719,-1.1346,-0.9299,-1.9711, 2.4671,-2.0819,-3.3272, 4.4554,-4.4810, 0.3416,-2.5252, 3.8790,-1.7122,-3.3508,-0.0642, 4.5785,-4.0464, 1.8663, 4.6823, 0.5462,-1.7453, 1.7896, 2.5887,-0.8332, 0.4309,-2.9984,-4.8506,-1.7888, 4.0354,-4.2177,-0.4971, 3.4543,-2.4598, 0.3279,-0.1271,-0.5842,-3.0579,-0.7591,-0.7779, 3.1133, 0.4830, 4.5223, 2.7564, 2.0775,-4.1934, 1.4749,-3.9245, 4.6134, 0.9275,-0.3810
 2.8877, 4.8682,-3.3391, 0.1690,-0.4370,-4.6753,-2.4077, 0.0947,-0.6312,-3.9006,-4.4387,-0.0204, 4.6382, 1.2383, 1.8085, 2.3915, 1.7720, 3.6357,-1.0426,-4.6924,-4.4358, 4.8139,-1.5973,-1.2588, 4.0807, 1.3877,-1.6041,-2.2052, 2.8311,-2.0826, 4.3889, 4.4583, 1.7950, 3.7947, 1.4127, 2.0902,-3.3118, 4.5112,-0.2713,-2.7423, 3.3809, 4.1065,-0.3727, 4.8199, 4.4928,-4.1265,-1.8293, 3.3411,-2.2239,-1.8691
-2.0762,-1.2870, 1.6705, 2.8395,-4.8793,-0.8001, 4.1249, 0.7292,-0.1523,-2.0734,-0.3531, 1.8008, 4.0400, 2.3588,-0.7989,-3.9755, 1.4512,-4.0473,-3.9628,-4.9837,-3.8567, 4.0589,-0.3574,-3.0727, 3.2721,-4.5979,-3.8819, 0.0470,-1.3817,-3.2697,-2.0403,-2.7161,-1.1770, 0.3200, 4.6350,-3.8148, 2.8311, 3.3840,-2.8122, 0.1341, 1.1776, 4.1032,-1.3654,-3.4946, 3.4249,-3.2804,-1.0187,-1.0669, 1.4377,-0.2734
 2.1670,-4.3920,-3.4836, 4.6722, 3.3042, 3.0146, 3.4162,-1.2938, 0.0333, 1.2200, 4.6702,-0.7951, 1.3730,-0.9800, 2.7635, 4.3336, 1.0614, 4.7237,-3.7799,-2.1224,-4.2241,-1.1183,-1.2635, 3.4438,-1.0506,-3.3322,-3.4668,-4.6290, 2.3132,-0.0570,-1.5899, 0.5951, 3.7679, 3.0176,-4.3596,-1.0963,-3.9101,-1.4765, 3.2176,-0.5790, 0.1050,-0.7552, 0.6858,-2.4189, 1.0528, 0.8709, 4.6169,-2.0496, 2.8486,-3.1758
 0.8584, 0.4509,-1.6879,-3.9948,-3.8579, 0.6624, 1.3346,-2.7534, 1.8414, 0.1547,-4.7185,-0.4955, 1.3622,-4.6040,-1.2030, 4.1404,-1.3440, 4.3880,-0.7791, 1.2904,-2.0040,-2.4546, 3.6898,-1.5584,-4.9261,-3.0234,-2.8124, 4.9920,-0.3449,-3.6341,-1.4548,-0.1883,-0.1092, 2.4073, 4.8632,-0.3187,-2.5661,-3.0803,-1.1014, 3.0085, 0.4170, 3.6576, 3.3096, 4.5108,-4.9031,-0.1752, 3.3711,-1.7045, 3.5387, 1.9550
-0.4477, 4.9078,-2.9555,-1.0907,-0.3230,-0.4144,-4.0695,-3.2352,-4.2237, 0.8064, 4.4723, 1.1312,-2.5109, 1.8810,-1.8319,-3.1933,-2.9893,-2.6656, 4.1589,-4.8465,-0.2364, 1.2024,-0.1626,-1.9762, 1.4631,-2.8395,-1.1029,-1.0169, 4.6616, 3.2637, 1.2032, 2.2518, 1.8512,-2.0586, 4.3628,-1.1345, 3.8404, 0.3090, 4.2977,-3.2190, 3.0933,-2.3722, 0.0962,-1.7377, 3.9749,-3.2690, 2.3612, 3.8672,-3.2923,-4.6913
 2.3139, 4.3839, 3.5468, 4.8886,-0.0616, 1.6239,-4.4485, 0.2505, 3.4176, 1.5087,-4.0715,-1.1231,-4.8428, 1.2422,-3.3184, 1.1068, 3.7589, 0.7228,-4.5241, 2.1672, 2.1919,-4.4863, 0.4687,-2.9659, 3.6727,-4.5937, 1.4646, 3.6536, 0.1349, 0.5411, 3.7654,-4.0163, 2.3629, 2.7795,-1.5054, 2.7842,-0.3339, 1.6416, 4.2656, 1.5942,-1.7226,-4.0649, 2.9252,-3.3000, 2.4575,-2.6427, 4.5081,-3.8857, 2.5701, 4.3165
 4.0624,-1.6506,-0.5806,-2.2008, 0.7023, 1.8517,-0.8062,-0.2590,-4.1421, 0.5412,-0.5315, 1.8507, 0.7912, 4.8424,-4.5677,-2.7532,-0.8464,-3.5238, 1.5230, 3.6607,-4.7546,-4.5119,-1.7177,-4.1762,-1.5686, 4.1998, 4.6020,-4.3574, 0.8122,-0.7922,-4.3350, 4.6587, 3.6156,-2.8942, 1.0879, 1.1402,-1.5822, 0.5730, 3.3619,-1.7401,-1.8990, 3.3385,-4.4008, 0.4867, 0.5099,-0.9389, 1.9458, 2.2975,-0.2160,-0.2609
 1.6870, 0.3913,-0.6592,-0.3995,-4.0658, 0.6147,-0.8542,-0.6781,-3.3355, 3.5017,-1.6194,-4.5905,-0.2503, 4.3421,-1.7488,-0.0966,-2.5566,-3.9245,-0.7937,-1.3321, 1.6937,-1.6748,-2.6686, 2.0473, 1.8219,-2.6148,-3.9892, 4.7397, 2.2359,-1.1208,-4.4922, 4.1542,-4.1809, 2.0060,-4.8004, 2.4936, 1.6412,-3.4207, 1.8073,-3.5736,-3.9363,-2.5642, 4.9831,-3.1843,-0.7935,-3.1679, 1.1107, 0.4534, 0.7213, 4.8291
 1.4617,-4.9703, 2.9415,-4.0016,-1.7873, 3.0100,-4.0718, 4.8551,-2.0225,-1.5532,-2.7703,-4.7855,-2.7778, 0.5541, 4.8258, 0.4586, 0.8396,-0.4569, 0.5680, 1.0918,-4.6360,-4.6624,-3.0014,-0.5753,-3.3892, 0.2454, 4.1714,-4.3653, 2.7696, 1.5917, 0.0810, 2.2301,-3.7271, 3.3978, 0.5948,-2.8832, 4.3867, 2.0650, 0.7109, 2.4020, 2.6657, 0.8336, 4.4685, 2.2241, 1.4025,-3.4402, 1.5794,-4.1502,-0.1526,-2.5665
 2.1167, 1.0027, 3.5246, 4.3827, 0.6777, 3.6388, 0.2316, 4.8577, 3.9553, 3.5790,-3.9600,-3.5754, 2.5011, 4.0024,-4.7009, 4.2875, 0.2153, 3.5314,-4.0043, 2.9151, 2.4286, 0.5156, 2.3856,-0.4283, 3.7894, 3.1645,-3.3154,-1.2896, 1.4399,-2.4942,-2.6408,-4.2534,-3.3408,-1.3566, 2.0223,-2.7020,-0.3993, 2.5759,-2.6078,-2.1126, 0.2292,-3.1574,-2.1423, 4.2982,-1.9252, 2.2180,-4.9262,-4.6492,-2.2005, 4.7419
 2.1669, 3.0728, 0.2547,-2.3386,-3.1560, 3.9449,-0.0541, 3.5555, 1.2849, 4.0383, 1.1395,-4.9036,-0.8075,-4.2204,-2.3761,-2.4017,-2.9919, 4.1009,-4.5519,-4.1008, 0.6349,-0.5901, 4.3823,-1.7604,-4.3874, 4.3591,-1.3593,-0.5644, 3.4293,-0.4246, 1.3790, 2.6913, 3.2438, 0.7885, 3.8110, 4.2807, 1.1288,-3.8744,-3.1856,-0.4154,-2.1216,-1.1610,-2.7215,-4.8561,-4.2543,-2.3247,-0.4597, 0.2071, 1.7848,-3.2969
 0.9936, 3.9378, 1.5047,-2.9953, 1.7598, 3.8929,-2.9743, 3.7821,-4.0227,-3.0590,-0.9856, 0.5731,-3.6941, 0.3777, 2.4592,-4.7804,-4.9727, 0.9370, 1.1610,-4.7555, 3.3441,-0.4968,-4.4602, 2.8863,-1.9281,-1.4351, 1.2501,-0.0262,-0.5957, 0.2695, 3.3240,-1.9697, 3.3851,-2.8504,-3.3207,-0.4488, 3.0054, 4.1214,-4.2793, 2.3191, 2.2683,-3.1886, 4.5980, 0.9571, 0.9152,-3.3398,-2.3284,-1.8907, 0.2033, 3.7035
 2.7220, 4.7005,-2.9203,-1.5303, 4.9413, 1.4569,-1.1269,-3.1981, 0.0965, 4.0815,-3.8004,-2.9334,-4.4695,-0.5521, 0.9893,-4.9290, 2.3558, 1.3397, 3.5316,-1.4810,-0.1351,-0.7603, 4.5857, 3.4274, 1.8889,-3.1152, 4.7035, 2.1707, 2.2021, 2.8831,-1.2452, 2.7456,-3.5959, 1.8871,-3.6214, 3.1423, 3.6654, 3.5259,-4.1880, 2.4452, 1.0464, 2.6175, 4.1982,-2.3362, 4.2097,-0.4402, 1.6405,-0.5434,-1.8159, 2.9340
-2.8591, 0.1277,-2.6127,-1.3484,-3.0254, 2.2533, 4.0330,-4.4730, 2.1715,-3.8980, 2.9915, 0.3293, 3.5391,-1.0348, 0.7538, 4.7545, 1.2028, 4.9853,-2.5763, 4.9929, 4.5504, 4.0592,-0.0757,-0.1898,-0.0489, 2.6353,-4.1283, 0.4702, 0.4726,-3.1220,-3.9547, 2.0217, 1.0549,-3.3780,-0.6030, 4.9227, 3.5803,-2.7676,-2.0302,-3.1327,-4.7387,-3.3450,-1.6762,-4.9794, 1.2650, 2.7386,-4.2126, 2.5827,-1.3243, 2.2834
 3.2825,-3.2524,-3.2645,-2.4620, 3.8412,-1.7661, 3.5887,-3.4805,-3.2763,-3.4039, 1.5615, 0.7369,-2.1830,-1.1556,-1.0524,-4.1452, 0.3214, 3.7306,-0.0108,-1.8003, 3.4252,-0.9381,-1.8190,-4.2791,-2.8154, 2.0017, 3.9134,-2.9024,-2.9155, 2.7214,-3.5145, 2.2839,-0.6728, 0.9225,-3.4137,-4.7510,-2.3555,-1.2821, 4.0905, 3.4667, 4.2020, 4.4942, 2.3567, 2.6922, 0.7940,-3.2536, 0.4184, 4.3618,-4.0985,-1.3252
-0.2308,-1.9501, 3.9723, 4.5126,-0.6261,-4.8502,-3.7501, 3.9166, 2.8580,-0.2270, 4.6054,-2.5849, 3.0436,-3.8462,-1.0999,-3.7236, 3.0638,-3.3534,-2.7412, 4.4561,-4.2703, 3.7414, 0.2415, 0.6484, 1.1850,-4.6681, 0.5106, 2.9107, 1.8238, 2.3885,-1.6837, 4.7684,-2.5781, 4.2787,-4.1542,-4.2330, 2.7726, 0.3825, 2.6037,-2.3241,-1.4173, 2.9010,-0.9909,-3.4157,-0.0864,-2.6484,-0.4532, 1.7097, 2.0197, 3.5602
-4.5033,-2.8943,-4.7350,-0.0405, 3.2755,-3.2347, 4.6267, 3.7038, 3.2952, 4.5602, 1.8883, 4.6231,-4.3861,-0.0750,-1.7246, 0.9377,-2.3201, 2.3131,-2.0944,-3.0736, 1.3621,-1.3537,-4.2800,-3.2117,-1.9174,-0.4860,-3.5040,-3.2751, 2.0844, 3.5807, 1.9607,-0.1437,-1.6683,-2.9953, 1.3375,-3.0067, 0.0227, 2.7149,-4.0978, 1.8841, 1.4078,-2.2231,-4.3571, 4.0757,-1.3885,-0.4780,-4.8221, 2.0856,-4.2375, 0.1806
-4.5231,-2.5072,-1.8011,-3.4126,-2.9811,-4.2494, 2.6345,-0.4540, 4.6128,-3.7149, 2.3779,-3.1288,-4.6203,-2.1445, 2.7241,-3.1351,-0.2397,-4.5803, 3.7423, 1.3419,-2.5790, 1.7370, 1.5360,-1.6327, 0.6409, 3.8730,-3.4013, 3.4816, 0.3069, 1.6305, 2.4049,-4.7061, 3.6994, 4.1916,-0.7901,-2.5340,-4.2950,-1.1280,-3.2752, 2.1520, 3.7291,-1.5908,-1.6212, 4.8170,-2.7456,-2.4320,-2.3397, 0.5968,-3.3546,-2.7969
-0.7165,-4.4785, 3.4320, 1.3242, 0.7996, 4.8781,-1.7628, 0.6635,-3.1257,-4.3853, 1.2649,-1.6875,-3.1090, 4.0609,-1.6658, 4.4410,-2.2247,-1.1863,-0.7805,-2.4443,-1.5291,-4.0158,-1.3345,-1.2418,-0.2525,-0.9122,-2.8603,-0.2363, 0.1758,-0.9900, 1.3296, 0.3245,-0.1582, 3.8760, 3.0812,-1.6136,-2.9500,-4.3563,-0.4294, 4.2684,-3.0958,-2.7961, 4.5764,-3.3406, 0.4837,-4.3060,-0.5125,-3.3859,-3.7711,-4.7421
 3.7030,-4.3339, 2.0707, 3.9867, 0.8507, 4.1269, 3.2616, 0.0167, 1.6203,-2.0448, 1.5987,-4.7312,-3.4390,-2.3253, 4.7177,-1.6979, 1.3876,-2.5738, 3.5213, 0.3327, 1.8129, 3.4239,-4.6774, 0.7896,-4.2047, 3.2836,-1.6314, 2.6916, 1.7410, 3.5147,-2.7569, 0.6862,-3.6932, 3.2003, 1.8813, 3.8820, 2.8631,-1.7708, 2.5666, 4.2070, 0.3820,-0.9326, 4.6449,-4.0452,-1.7257,-3.0638,-4.8817, 1.4838, 4.7405,-4.3095
 0.3703,-1.8430, 2.1714, 3.8002,-2.3581, 1.6394,-0.3000, 2.2601,-2.0357, 4.4367, 1.8752,-3.3770, 3.3423, 4.5550, 3.5621,-4.2889,-0.6670,-2.6214,-2.5512, 4.8617, 4.2928, 3.2357,-3.5810, 3.1061, 3.6343, 1.0109, 1.3078, 0.3458, 2.6337, 1.8869,-1.2729, 3.6332,-0.8225,-1.9836, 2.7706,-2.2241,-2.8190,-0.2704, 2.5719, 1.6978, 0.7269, 0.9594, 3.4639,-0.6492,-4.6640, 0.1969,-4.3299, 1.4329,-2.8309, 0.7408
-1.0988,-3.6382,-4.4715,-3.0498, 0.8997,-1.7508,-3.7723, 3.0763, 2.2317,-2.7673, 4.1089, 3.5032, 4.6416, 1.6868, 1.3449, 3.2385,-0.1577,-4.2243,-1.2089, 1.0734,-0.8792, 0.0193,-2.7880, 2.9998, 2.6667,-3.0614, 2.8944,-0.1622,-2.2156, 4.7995,-2.5412, 2.5664, 3.5659, 4.0359,-0.8542,-0.8202,-0.2427,-4.3052, 4.5727, 1.0392, 2.4586,-2.6396, 1.4504, 0.6293,-2.6335,-1.5713, 2.0472,-1.3133,-4.3639,-0.3447
-1.3073, 1.6907,-0.9615, 1.2556, 3.8457, 4.8914, 3.2380,-0.7217, 3.4355,-3.8409, 3.8914, 1.3192,-2.0926,-3.8234, 4.4243,-1.0165, 1.0279,-1.8336,-1.6667, 1.0756, 3.9367, 1.3058, 1.2440,-0.0208,-3.3337, 3.5387,-2.5718,-1.2346,-1.7693,-0.0002, 1.8638, 4.1691,-1.5197, 2.0252, 4.6129,-2.3989, 3.0461, 3.1563, 2.7308,-0.2295,-3.5571,-4.4083, 1.9898, 1.9785, 0.3713, 1.2449, 1.0246,-1.1955,-4.0274, 0.7684
-0.5759, 4.4334, 0.7540,-2.5669,-2.3189, 3.1440, 1.4420, 2.3358,-3.8294,-0.3098, 1.4820,-2.8805, 4.3744,-4.0635,-3.5009,-3.1119,-2.8665,-1.5835,-0.5882,-2.3411, 1.1020,-4.9735,-1.6023,-1.0874, 1.2785,-2.7489, 0.6300, 0.3945, 3.2275,-1.5362,-2.0293, 4.0056, 1.0830, 2.2649,-1.2086, 3.2420, 0.9678,-4.9393,-0.0504, 1.0369, 1.0760,-4.5486,-3.8635, 3.8051,-1.7455, 0.7643,-2.6647, 2.0301, 1.6449,-1.9787
 3.4646, 4.0352, 2.5755, 2.7524,-3.3568, 2.0776, 2.0591, 1.0234, 1.4118, 0.4563,-4.2151, 0.9040,-3.3982,-0.4285, 0.3069,-1.7961,-0.5663,-1.0913, 2.4224,-1.3593,-2.9871, 3.7122,-0.3813,-1.1426,-1.9148, 3.2110, 0.5454,-2.1481,-0.9810,-1.0583, 4.4020, 4.8036, 3.8746, 0.6080,-1.9754,-1.2174,-2.0126, 2.6320,-1.4002, 4.6795,-3.6903,-2.2786, 2.2179,-2.8650,-2.2210,-0.8093,-1.2387, 2.1102, 2.9275,-1.3595
-4.8617,-1.3931,-4.4824,-3.4645,-2.6373, 4.2384, 4.4319,-4.7491,-4.8315,-3.8397,-3.7665, 0.5952,-2.9644,-4.9634,-1.8762,-4.4408,-1.0643, 1.1659, 3.7862,-1.2744,-1.0922, 0.7377,-1.1661,-3.9434,-1.1469, 2.5431,-4.8501,-1.8915,-3.8729, 2.0661, 3.3986, 2.6004, 3.6747, 2.9514, 4.3463, 1.7992,-4.0201,-4.6602, 2.2752, 1.6475,-2.9384,-2.8962, 4.0569, 0.3529,-2.1149, 0.6154, 3.7416,-2.3747,-4.1468, 1.1197
-4.7332,-2.0322, 4.0878,-3.6308,-3.8963,-1.2953,-1.5607, 3.7890,-1.0722,-3.9485,-2.4792,-0.1930,-2.9326, 4.8491,-0.8721,-0.7130, 1.5108, 2.3246,-4.2583,-2.7561, 2.4282,-4.7391, 2.7763, 4.1882,-1.8998, 3.5600,-3.5045, 4.7441,-1.5064,-1.8918, 1.9616, 2.6732,-4.9380, 1.2124, 4.5062,-2.1283,-1.0195,-2.1250, 2.7840, 1.0862, 3.6650, 4.0373, 4.0631,-0.3399,-2.4863, 1.8655,-3.1426, 3.8468, 4.4218, 0.9968
-1.4648, 4.0209, 3.8590,-0.4394, 4.6415,-2.9586,-0.7093, 1.6907,-0.6147, 3.8938,-2.2805, 0.7396,-0.0810, 0.9356, 0.0825, 1.5123, 3.6975, 1.1309,-2.1956, 1.2622, 2.3498,-4.3677,-3.8968,-0.7155,-1.1412,-3.8917,-1.2076, 1.4290, 3.0538, 2.5846,-3.3059, 4.1257,-2.4050, 2.3120,-4.3304,-1.8484,-4.0305, 0.4138, 3.6253,-2.8214, 3.7198, 4.4906, 2.3773, 4.6991, 3.7266, 3.1675,-0.1639,-4.8241, 3.0250, 4.4478
-2.8199, 2.9240, 1.0631,-3.6474, 1.1490, 0.7780,-4.1934,-1.7745, 0.4372,-1.8689, 4.4783,-2.3682, 0.4254,-0.4541, 2.8167, 0.2000,-3.1891,-3.1748, 3.8823, 1.2980,-0.9526, 1.2894, 3.3731, 0.2670, 1.7672, 1.4908, 3.6240, 4.7014,-4.9466,-4.4965,-2.0445, 1.0242,-1.6766,-1.2603,-3.9499, 0.9987, 0.5022,-1.6718,-1.1714,-0.2620,-0.0672, 2.1676, 1.5416, 1.2576,-4.2113, 1.2014, 3.4576,-0.4882, 0.6509, 2.7262
-4.7183,-3.8267,-4.3785,-4.9673, 2.3036,-1.2392,-3.5997,-4.1096, 4.1671,-3.9535,-1.2400, 3.5218, 0.8321, 1.3945, 2.0118, 2.2778,-4.3793,-1.1509, 3.1436,-2.5617, 1.9716, 1.9208, 1.3908,-2.8214,-2.6006, 0.8549, 2.4129, 4.2797,-3.1811, 4.8019,-2.5047,-4.4473,-0.4581,-4.8951,-4.9617,-4.7434, 1.7070,-0.5303,-0.7602, 1.5145,-0.3433,-3.0063, 1.0712,-0.4321, 4.1904,-1.5972,-1.0637, 1.4854,-0.0273,-3.6879
-2.0308, 4.0400,-3.7048,-0.4095,-4.1885,-2.7495, 0.0674, 4.2593,-4.2212, 1.7762,-2.1207, 3.7810,-1.9256, 4.6407,-0.3254,-0.6700,-4.8515, 4.2554,-1.6772,-1.4581,-2.6219,-1.3504,-4.7357,-2.0278, 1.6660,-4.0024, 3.5195,-1.1101, 2.9358,-1.6423,-3.1355, 1.4416, 0.7827,-4.4451, 4.2895,-0.2130, 2.1018,-4.4489, 0.5992,-4.7101,-2.3036,-0.2056,-0.5837,-2.4457, 4.8687,-2.7955, 4.0408,-1.8535, 1.8943,-4.6844
-1.4255, 3.8923,-4.3865,-0.9874,-3.7434,-2.7200,-0.0563, 3.0733,-1.9696, 4.2024, 1.5552, 4.4882, 4.5620, 4.7416,-0.9774, 3.5998,-4.5232, 1.8601,-0.2956, 4.2229,-2.6788, 0.3867,-2.3012, 3.4684, 4.7519,-2.4348,-3.8870,-3.8369,-0.0130,-1.6488, 3.5966,-3.2048,-1.6498, 3.4207,-0.8728,-1.9509, 3.1034,-3.9652,-1.7819,-3.8673,-3.0006, 2.4139,-1.8077, 4.3208,-0.6460,-2.4558, 0.1160,-3.5022,-2.8663,-3.3016
-0.5143, 0.3239, 4.1980,-3.3506,-0.7656, 2.6175,-0.3641, 1.3277, 3.1214,-2.3144, 4.3423,-3.5866,-3.2855, 3.9759, 3.0627,-1.7263, 1.6787, 3.7198, 0.0742, 1.6340, 2.6909, 0.6093,-4.7511,-4.1030,-3.8932,-0.6919, 1.9385, 3.9506,-4.8842, 2.7089,-3.3051,-4.5500, 3.7889,-0.1705,-1.7080,-3.5397, 0.4303,-3.5580, 0.7912, 1.9740,-0.3357, 0.2532, 3.0694,-2.9407, 4.2576, 2.1190, 0.8241, 0.8983, 0.8990,-1.2443
-3.3973,-1.7284, 3.4530,-1.1047,-2.1056, 2.8657,-4.2498, 0.2859,-2.0033, 0.6046, 2.4031, 3.4522,-4.3085,-3.7198,-1.2636, 4.2995,-3.2041,-3.8801,-4.1566, 1.3709,-3.0411,-2.0770,-3.3677,-1.5244,-0.5638, 3.3694,-4.2833,-1.8184,-3.6096,-0.6281, 3.8506, 3.8506,-0.5150, 1.0682,-2.4211, 1.0831, 1.1763, 4.8490,-3.8855,-3.0187, 0.5336,-1.1106,-4.9520, 3.3025, 3.1692,-3.9707,-0.9626,-4.6133,-4.9827, 0.5575
 1.3262,-0.7939,-4.7076, 1.8995, 4.8259,-3.9808, 4.4159, 4.6969,-2.9881, 4.5988,-3.8965, 0.4865, 2.2087,-0.4805,-4.7568,-3.8788, 3.7396, 0.0119, 2.9584, 1.3299, 2.4284,-3.7576,-3.4511,-2.7800,-3.7727, 4.6800, 3.0153, 3.9567,-4.6512,-1.9972,-1.0327, 1.2199,-1.2817,-0.0547,-2.4497,-4.6062,-2.4105,-0.5240, 4.6435,-1.2046, 1.8691, 1.5240,-3.4812, 4.5055, 3.7009, 1.1335,-2.7753, 3.2819, 2.8176, 4.7280
 1.3610, 1.3172, 0.0071,-2.8684, 4.4635,-0.2530,-4.7988, 0.9373, 3.9844, 2.4495, 4.1641,-4.0406,-0.2545,-2.5380, 1.1462,-1.3222,-1.1139,-1.4278,-3.1744, 2.7687,-2.9899, 3.3642, 4.1164, 1.8454, 4.6664, 3.7260, 0.3776,-0.2234, 0.4579, 3.7931,-4.4687,-2.6125, 0.7454,-4.5286,-0.9342,-1.6575, 3.5873, 2.2926,-2.6113, 1.5984,-0.6169,-3.1511, 2.3000, 1.7557,-4.1690, 4.2195, 2.8486,-2.6953,-0.7046, 1.5877
 1.7537,-1.6710, 3.6995, 4.4114,-1.2191,-2.5873,-2.7231,-1.5085, 1.8162, 4.6014,-3.8562,-4.0898, 1.7988, 1.2716, 2.8077, 4.1003, 3.9781,-3.9664, 0.8396,-3.6060, 1.3414,-1.6576,-1.8734,-1.7943,-3.6656, 0.9682, 3.1098,-3.6602, 0.3001,-1.7629,-1.7867,-1.0536, 3.4511,-4.3497, 2.9655,-2.0869, 3.2155,-0.2195,-4.0583,-1.9044,-0.9425,-3.9134, 1.7029, 4.4558,-4.4389,-2.6985,-4.5592, 1.9589,-3.6653, 1.6359
 1.8073,-0.6920,-3.0468,-1.3760, 0.2861, 2.5364,-2.2522, 4.8493,-3.3301, 1.7497,-4.8547, 3.6315,-3.2995, 0.2406, 1.6159, 2.4320, 2.4225, 1.0535,-0.2020, 1.4046, 2.1013,-1.5454,-4.5108, 4.3131,-4.5241, 1.2251, 2.3197,-0.2986,-0.4171,-4.0584, 2.9021,-3.7494, 1.8579,-4.4380, 1.3277,-4.7229, 1.3526, 3.8554, 4.8294, 1.3245, 0.3550, 4.7644, 4.5079, 1.4967, 1.5563,-3.4754,-4.4467,-3.7168,-3.8586, 1.7746
-0.3461, 1.3306,-4.5005, 4.9276, 0.6383, 2.5711, 1.6508,-4.9404, 0.1718, 0.7708, 0.8695,-3.0327, 2.9072, 4.4315,-4.3871,-1.8805, 2.7279, 3.8174, 4.5305,-4.3458, 3.4562,-2.8551,-1.9893,-1.4635, 4.6186, 1.2331, 1.3394,-1.3904,-4.8690,-1.4209,-3.7160,-4.7106, 3.4564, 0.1272,-3.2369, 1.5017,-2.4456, 1.8886,-0.0969,-1.6355,-3.7598, 0.3240,-4.1456,-0.3197, 2.4940, 0.0545,-3.8942,-2.3983,-4.1803, 2.5341
 3.5945,-1.4206, 2.2990, 4.5502, 1.6042,-4.0374,-0.3884, 0.2505, 4.0801, 1.7304,-2.1901,-3.5087,-3.9317, 1.6059,-1.1557,-1.5094,-4.2834, 4.9068, 0.6876,-4.6677, 0.0695,-0.0146, 1.0847,-0.8516, 4.5684, 2.2995, 3.2619,-4.0537,-0.4822,-2.9352, 1.2960,-2.2858,-3.7353,-0.6301,-3.8614, 4.3117, 2.2704,-3.7102, 2.9421, 1.1116,-1.5331,-2.3828,-2.6682, 2.0866,-1.3594,-4.9256,-4.2296,-4.3161,-2.6349,-0.3744
-3.7218,-2.0057,-3.3868, 0.1766, 4.2075, 2.1056, 2.7412,-1.4750,-4.8324, 2.6295, 0.6233, 2.4504, 2.2347,-1.1112, 0.7260,-4.4164,-2.2876, 4.0370, 2.2254, 2.4218,-0.2509, 2.4402,-2.9084,-0.2261, 2.0915, 1.9110,-0.7624, 1.6755,-2.4710,-1.4161,-3.6853, 1.5353,-4.8926,-2.1312, 4.1078, 3.3019, 3.2854, 2.7580, 0.3646, 0.7048, 1.2730, 4.2101, 4.6767, 4.4213,-3.8076, 2.7098,-0.3987, 4.9356, 4.3386,-4.5373
-1.6647, 0.2833, 3.9235,-4.6912,-4.5238,-4.1832,-3.9497, 3.9998, 0.3263, 0.3494, 1.5288,-2.0226,-0.0137,-4.8126, 3.7515, 0.5773, 2.2478, 1.3765,-2.4492,-1.1856, 3.9465, 4.0663, 1.3765,-4.1999, 4.2471, 3.4755,-3.8750, 3.0457, 2.5982,-4.5539, 1.2840, 0.4282,-2.6176,-1.7653, 0.2965, 4.7544,-0.0831,-4.9900, 4.4476,-4.2542,-3.2566,-4.9158, 0.3509, 3.2569,-4.8992,-1.8281,-0.4052,-0.6168, 4.0045, 4.6152
 0.1728, 3.3124, 4.8800,-3.3517,-4.5622,-3.4464,-2.9437,-4.1520, 3.4598,-1.3942,-1.5664, 0.8076,-4.4436,-3.3930,-2.4200,-0.7987,-2.9950, 3.8561,-4.6583, 3.6871,-1.3575,-0.6103,-2.9119, 1.9752,-2.5495,-2.5382,-0.1711, 0.2557,-0.8459,-1.0548,-4.2315,-0.4218, 2.3853,-1.6757, 2.2429, 0.4031,-1.9000,-1.2686, 1.6874, 3.9443,-3.1246,-2.3080,-2.4649, 0.3992, 1.9608, 4.1761,-2.9856,-0.2878,-3.0713, 2.5704
 1.3101, 4.6757,-1.7965,-4.8793,-2.0122,-2.5821,-0.1795, 2.6376, 3.7417,-4.1516,-3.2917, 3.7689,-1.1788,-0.2737,-0.2849,-0.6496, 1.9112,-0.2588,-2.8503,-0.6191, 4.7953,-3.9538,-0.7963, 3.7075,-0.7536, 1.2174, 4.0495, 0.9986, 2.9330,-2.3009,-3.3237,-2.6279,-4.2919,-0.7061, 4.2403, 3.9188,-3.8626,-2.4079, 2.5978,-3.3706,-3.1683,-4.8206,-4.9073,-3.6026, 2.4549, 0.3419,-2.8241, 3.6721, 0.2978, 0.2241
-1.0832,-3.2005,-4.3634, 1.5442,-2.9807,-1.0437,-4.2789,-0.1949, 0.2476,-1.3985,-2.7638,-2.3297,-4.5301,-0.5243,-0.8966,-2.0512,-0.2329,-0.4963,-3.8148,-1.1620,-1.6764, 4.3838, 4.4569,-1.8820,-1.0975, 4.1284, 3.3197,-0.6406, 2.4184,-3.9703,-1.8608,-1.4672,-2.5207, 1.0699,-0.4163,-2.2709,-4.9799,-2.5258,-3.3858,-0.3585,-2.5998, 0.8337, 2.5475,-4.9061,-2.7477,-0.3640, 2.3288,-2.1345,-4.0645,-0.0479
-3.2696,-1.6936, 3.0012,-0.1065,-4.2337, 2.7855, 1.0569,-0.9717,-3.6874, 3.4068, 4.7190,-3.8172,-2.2970, 1.6406, 1.9668,-3.1311, 3.3925,-4.4682,-1.6249,-3.2408,-1.5811,-0.9226, 2.0565, 1.6963, 2.6192, 1.7716,-0.8433, 0.5219, 1.3870, 4.7870,-4.3813, 0.1289,-0.6561,-3.6366, 1.7627, 3.8693,-0.9641,-0.1245,-3.5557, 4.4203,-3.5053,-0.1680, 4.5661,-1.6645, 4.3874,-3.4934,-2.9572, 4.0936, 0.2991,-0.3275
 0.2732, 4.4178,-1.6665, 0.7966, 2.1806,-2.8132,-1.2527, 2.8960,-0.9197, 4.1675, 1.2534, 1.6707, 3.0388,-3.7338, 0.3148,-2.8579,-0.3009, 3.0590,-3.8291,-3.2222, 0.3459,-4.4570,-2.1132,-2.0728, 4.6998,-3.2631, 1.0320, 4.9334,-0.2542, 0.5755, 0.9740, 1.3801, 0.5032, 3.6325, 3.5306, 4.1467,-1.3344,-2.0177, 1.6100,-0.3788, 0.2525, 4.5075, 0.1031,-0.6504, 2.3839,-0.4263,-1.9700, 0.9415, 1.2169, 4.8752
 1.9151,-3.2482,-4.0790, 0.8294,-2.9442,-0.9005,-3.4907, 4.0495,-0.1800,-3.5236, 1.5600,-1.2449,-1.0376,-0.2379,-0.0301,-1.5602,-1.1991, 0.1094, 1.1860,-0.3868, 4.6963,-3.7130, 2.8837, 4.8873,-2.1505,-3.0212,-2.7197,-2.5385, 2.0823,-0.5902, 4.1656,-0.7373, 3.6988,-0.8713, 1.3187,-4.3393, 4.1431, 2.4303, 0.7992, 3.0896, 0.1575,-1.5869,-0.7392, 0.4020,-0.4992, 2.3985, 3.6448,-3.6500,-4.2208,-1.7219
 0.8161, 0.8649, 2.7396, 2.8304, 3.4218, 3.3358,-1.6263,-3.8249, 3.4651,-0.5466,-1.2808, 3.2250, 3.7600, 1.3062,-2.0912, 4.3843, 0.7653,-0.9483, 4.4141,-3.1473, 4.9194, 1.7840,-1.9651,-2.3121, 1.3016,-0.3467,-3.1195,-3.2694, 3.6488,-2.3102, 4.2855, 1.5002,-0.9830,-1.6624,-4.7917, 0.3214, 3.7405, 3.2640,-2.5546, 2.5068, 3.1917,-2.0487,-1.6027,-4.9109, 0.9799,-0.6451, 0.4334, 4.8268,-1.1401, 2.5317
-3.1726, 2.6077, 2.8644,-2.0306,-0.8828,-3.8177, 4.3552,-3.8016, 4.9012,-0.7863, 1.3930, 1.2639,-4.0219, 1.1867,-1.2957,-0.7662, 3.6646, 4.6108,-0.7143,-3.0821, 3.5077,-1.3007, 2.0047,-2.5427,-0.2914,-0.6261,-1.5552, 2.0157, 0.4531, 2.7064,-2.8892, 1.9051,-4.2628,-4.8061,-0.0349,-4.9651, 2.4809,-3.5535,-4.8513,-1.6092, 0.2589,-1.7478, 1.7629, 0.9553,-0.6095,-3.7388,-0.2597, 3.0502, 2.5820, 1.0660
 0.4286, 1.2732,-3.9028,-1.0954, 2.0931,-1.8784,-0.5186, 1.3670, 4.3250,-4.3031,-1.4787, 2.6884, 0.1601, 4.1805,-3.9194, 4.0393,-4.2639, 3.9384,-0.6536, 4.8316, 1.0706,-1.9136, 2.6670, 0.4591, 4.9071, 3.7155,-1.5090,-3.1572,-1.4251,-1.6112, 2.4650,-1.9180, 1.5467,-0.8339,-4.3911,-2.6778, 0.3009, 0.3132, 3.4628, 2.3251, 0.2724, 2.4897,-0.2342,-4.8739, 2.2354, 2.9477, 0.3336,-1.5612,-0.8636,-2.3581
 4.3566,-2.6858,-2.8166,-0.9755,-4.1119,-3.3598, 3.5152, 0.6190, 1.6394,-3.6528,-3.6090, 4.4740,-0.7065, 2.1746,-4.3629,-2.1784,-0.8149, 2.7641, 2.6273, 1.5450, 2.3083, 3.5032,-3.0039, 2.3035,-3.2826,-2.6244, 4.3807, 3.4929, 4.9490, 4.3868, 3.2987,-0.8580, 0.2818,-0.2016,-1.8463,-4.5596, 0.6061, 3.4018, 1.9939,-4.3972, 4.0550,-0.0155,-4.2588, 3.9608,-1.5474,-2.7843, 2.1307, 3.2988,-0.4528, 0.6903
-1.3782, 4.8213,-2.6982,-4.1629, 0.4692, 1.5375, 1.6520, 0.1399, 2.3813, 2.7925,-2.4676, 3.0447, 2.5755, 1.5394, 0.5213,-2.1400, 4.2637,-3.3174,-3.0472,-0.7520,-3.6630, 2.6576, 1.7036,-4.0967, 4.5580, 0.8125,-1.0866, 2.3052,-0.2962, 0.7581, 0.3211,-0.2130, 0.2450,-4.9780,-0.0660, 4.0127, 3.3539, 4.0057,-1.3500,-2.5148, 4.3100,-1.7497,-1.0592,-4.0049, 1.7165, 1.7099,-1.2896, 1.1164,-2.4260,-0.6210
 4.7318, 0.8979,-3.4772, 1.0609,-3.7507, 1.4544, 2.7028,-4.1224, 3.8788, 4.0836,-2.8676, 1.0015, 4.7215,-2.2537,-0.3538, 0.1395,-1.9905,-1.3161, 4.7435, 1.0927,-0.8236,-2.1119, 3.1101, 3.2429, 3.6556,-1.2489, 4.6482, 3.4439, 2.1067,-3.0850,-4.6257,-2.5568,-3.5848, 2.8345,-0.6766,-1.6623, 0.4713, 0.4013, 2.9689, 0.0692,-0.8163, 0.3459,-2.8803, 0.1883, 2.3461,-4.5147, 3.0394, 3.1273,-3.6316, 4.0081
-2.7906, 1.0892, 2.4254, 1.4604, 3.3475, 4.7812, 3.6402, 0.3264,-4.2307, 3.1460,-2.4464,-2.9558,-0.5689,-4.4453,-1.5153,-4.4206,-1.2200, 0.6448, 4.8074,-0.4342, 0.4021, 4.2343,-1.5309,-2.3821, 0.7002, 0.4373,-1.4563,-4.9169, 1.4992, 0.7168,-0.0669, 3.4529, 1.0464, 0.1394,-4.1916,-1.7520, 0.8861,-1.4937, 2.1960, 4.7069,-0.0559,-0.7009, 0.1240, 2.5134,-4.1246,-0.6885,-2.3049,-1.8530,-0.5077, 3.6336
-2.7127, 0.9077,-2.9562,-1.8631,-0.3305,-4.6355, 1.5669, 2.0943, 4.1327, 4.0632, 0.7549, 1.3698, 1.4401,-3.2819, 2.2717, 4.9859,-0.9878, 1.3877, 2.0156,-3.9961, 4.5168,-1.2988,-4.3821, 3.8839,-2.6564, 1.3656,-4.7688, 0.9399,-1.2540,-4.8260,-0.9097, 2.0246,-0.2399, 4.1332, 2.9855,-4.0515, 1.4121, 3.0160, 3.9014, 1.4464, 2.7868, 0.9914,-2.9565,-1.4962, 1.8598, 1.8123,-0.8400,-2.2073, 3.9645, 2.2651
 0.6988, 3.5335,-0.8790,-0.1845, 2.1393,-1.0536,-3.0139,-2.7798,-1.0474, 4.5358,-3.6855, 3.6039, 0.7298, 1.5797, 3.4112, 2.6673, 4.1490, 2.0341, 4.1190, 4.1482, 3.1363,-0.4893,-1.8683,-4.8509, 1.8537,-3.6668, 1.5368, 0.3574,-3.3066, 0.0040, 0.4314, 4.3120, 3.4781,-0.0902,-1.8981,-3.9757, 2.3079, 4.8127,-3.6793,-2.4483, 0.9304, 2.6906,-4.2301, 1.8844,-0.3534,-3.5923,-2.4638,-3.3551, 4.4566,-4.2364
