-3.9941, 4.9390,-1.0102, 2.3049,-0.3933, 4.9116,-3.6353,-4.7156,-1.3686, 4.5716,-2.3243, 0.7213, 0.0416,-0.8722, 1.2613, 3.5441,-0.5031, 1.1966,-1.2296,-4.8895, 4.1375,-4.0646, 4.4485, 4.1646, 0.2837, 4.2719,-3.4685,-4.9156, 3.4541, 4.8477,-2.0540, 3.3801,-0.9782, 0.5005,-1.8404,-1.0475,-1.3750, 0.5753, 2.9865,-0.6776, 1.4662,-2.1671,-4.4705,-2.0463, 1.6202, 1.2100,-3.8185,-3.5674, 0.0933,-1.1086
-2.1215, 0.4970, 1.3971, 0.1574,-4.3592,-3.2077, 2.1708, 4.7373, 0.8774, 3.5372, 3.5377, 2.0730, 1.8670, 3.8243,-1.5338, 0.2214,-0.7517, 3.9158, 4.4344,-2.8791,-4.5553,-3.8738,-1.7020, 2.8659, 2.0994,-3.6403, 2.1576, 0.2786, 1.0526,-2.2971, 0.1223,-3.6530,-2.8323, 1.4994, 2.6760,-4.2674, 4.7744,-0.9175, 4.6651, 1.6088, 2.9882, 4.8473,-2.1102,-4.8644,-0.8650, 4.3536, 4.0975,-0.0750,-1.2731,-1.3800
-2.2528,-0.0136,-4.5182,-1.2322, 3.9357, 4.5833,-1.6285, 1.1410, 0.5404, 4.7782, 3.0647,-4.5351, 4.9418,-3.4307,-1.5678,-2.4903, 4.0741, 1.5157,-4.8171,-3.6993,-2.1986,-0.5081, 2.4136, 3.1451,-2.7608,-2.9790, 0.6366, 4.9477, 1.3353,-2.0942,-2.3514, 1.0479, 3.7512,-0.7888, 2.0714,-4.8899,-1.8456, 3.5705, 2.1028,-3.0908, 2.3358,-3.0517, 4.1848,-3.8256, 4.7594, 3.5639,-3.4388,-2.5341, 0.5084,-0.4772
-2.3324,-2.2277, 0.4828,-0.4904, 4.4717, 2.1676, 1.8303, 0.7817, 1.9760,-4.9355,-2.9104, 2.4353,-0.0562,-4.9822, 3.9043,-1.6740, 3.5635, 1.5037,-1.0033,-1.3329,-2.8127,-2.3204,-0.3475, 2.7625,-1.0027, 2.9162, 3.9529, 1.0090,-4.7036, 2.1807, 2.7494,-4.8397,-2.8104, 3.0646, 4.2393, 4.7488,-4.6053,-4.1468, 1.5669, 3.7895, 4.6832, 3.4791, 2.7782, 0.1694,-2.0654, 0.7140,-4.6074,-2.9458,-1.9060,-2.3865
 3.0695,-2.8319,-3.1933, 3.8581,-3.8639, 2.3830, 1.4862, 4.9134, 0.2667, 4.1418, 3.0392, 4.8264,-2.0542, 4.8799,-4.4275,-3.8250, 4.7510,-4.7395, 3.6159, 0.5263, 2.6834,-1.3636, 2.7282, 3.3926,-0.9897, 1.8296,-2.8153, 2.8565, 3.7809,-4.0371,-3.6450, 3.4588, 3.4534,-4.4746,-4.4473,-3.8414, 2.1945,-4.4370, 3.3382, 4.4166, 1.8468,-4.9806, 4.3535,-1.8554,-0.3799,-2.1025, 4.6653,-4.4251, 0.2481, 3.8599
-0.7380, 0.7171,-4.6748, 4.3347, 1.9870, 1.2882, 0.8314,-3.5930,-2.5553, 1.4500,-2.1481,-0.7832,-0.1196,-1.7512,-1.6365, 2.5945,-3.3329, 4.6102, 0.1236,-2.6946,-1.5082,-1.2762, 2.1364,-2.0965, 3.0111,-3.9245, 3.0776, 2.7747, 1.0699, 0.5864,-1.7855,-1.6320, 3.5429, 0.9894,-0.8347,-2.0526,-2.4958,-4.8171,-2.8562,-3.8770, 2.2633,-0.2679,-1.2866,-0.4190, 1.7209,-0.9575,-4.6106, 1.4160,-4.9245,-2.8797
-4.0637,-4.2461, 1.2983, 0.5613,-0.7041, 0.9783,-3.3644, 4.8571,-4.9812, 3.3215, 3.0980,-2.5875, 2.1818,-0.3234,-0.7281,-4.6248, 4.5768,-1.2322,-0.5414, 1.8965, 4.8604,-0.9712,-0.7893, 0.1997, 2.3803,-1.7817, 1.3755,-2.5250,-3.2310,-0.1357,-3.6336,-2.4474, 0.7156,-4.0051,-3.3839, 4.2177, 1.3809, 3.6410,-1.1893, 3.4850, 4.3989,-3.3521, 1.8122,-3.8998, 1.3795, 1.6235,-0.2813, 0.7948, 4.9208,-1.8804
-2.2630,-1.0624,-0.5588, 0.1028, 4.4880,-0.6356, 2.5852,-1.4857,-2.9249,-1.1787,-1.3868,-4.5024, 0.7765, 0.9592,-4.4117, 3.2748,-2.4840, 2.6145, 4.1451, 0.2291,-1.8080, 4.6018, 2.0662, 2.9958,-4.6062, 2.7219,-1.3906,-0.2223, 3.3036, 2.0595,-4.7832, 4.5387,-3.5373,-0.0251,-3.4486,-2.0915,-1.2988, 3.0256, 4.1729,-1.5006,-1.6906, 2.5852, 4.4319, 4.0592, 2.5356,-1.4506, 0.2222,-0.9263,-0.4599, 3.0525
-0.6729,-1.5564, 1.6933,-4.5990, 0.8755, 2.8430,-2.8115,-0.8643,-2.0707, 4.8476, 1.0482, 0.0159, 2.6060,-0.8244,-4.1957,-2.2132,-3.6808, 3.0247, 1.3880,-0.2727,-1.1104,-2.4503, 3.6396, 1.8552,-0.2073, 1.6330,-1.5660,-3.5724,-2.7484, 1.4193, 1.0404, 0.6984,-4.9248, 3.8307,-0.1907,-2.4233,-4.6893,-3.9501,-4.0503,-0.6884,-3.2737, 0.8292,-1.9233, 4.4003,-4.5310, 4.3799, 1.1145, 1.5680, 1.2648,-1.3797
 0.6254, 4.7820,-0.8979,-2.0953,-1.8044, 1.4036, 0.9932, 3.9080,-3.0356, 0.6509, 0.4605,-0.7582, 3.8845,-4.0384,-0.4118, 1.6072, 2.9379, 1.6792,-4.0996,-1.0123, 0.8512, 3.4259,-1.2806, 4.7826, 3.7006,-1.5373, 3.5944,-0.7306, 2.2882, 0.8203,-1.9210,-0.5555,-4.6356, 3.5426,-4.2953, 1.3410,-3.8937, 3.4998,-0.3127,-4.6822, 0.5921,-2.4394, 4.5933,-3.7067, 1.1243,-4.2573,-2.2779, 0.3040,-4.1790,-4.0782
 3.9007,-2.1518, 0.0997, 0.0761,-3.4708,-0.3431,-0.2181, 0.7373,-1.3768,-1.2934,-2.2570, 1.3810,-4.7378, 4.8099,-2.2610,-2.5235, 3.3883,-4.9951, 3.6688, 4.9465,-2.7721, 1.8556, 2.0876,-4.9344, 1.3293, 0.2470, 1.5217,-0.1825, 2.0184, 1.1152,-4.6528,-1.6083, 0.0628, 1.8406, 1.1782,-2.1506,-2.3905, 1.9411,-2.2808,-3.1973, 1.2181, 0.4612,-1.6896, 3.7347, 3.4204, 3.9784,-1.3859, 1.8317,-3.2628, 4.8481
 4.7858,-3.4406,-3.6182, 3.3567, 0.1815, 0.8597, 4.2433,-3.5685, 1.2272, 2.1635, 1.5450, 2.6900, 1.1270, 1.9523,-1.3018,-4.3734,-1.6134,-0.9976, 2.3281, 0.2934, 1.7030,-2.8552,-2.4187,-4.2893,-0.1679, 4.1719,-2.5628, 2.2804,-2.2304, 0.3270,-3.1381,-4.0605, 2.2631,-3.7870, 4.8394, 1.0212,-0.4503, 2.7253,-1.3067, 2.3752,-3.3199, 2.8827, 1.8995,-4.4880, 4.4031, 1.9814, 3.8374, 0.1548, 4.2300, 1.1245
-1.2719,-1.7878, 4.9471,-0.0306, 1.9116,-2.0873,-1.3474,-4.7784,-4.2306, 0.5994,-1.7420, 2.1986, 0.9493,-2.5217,-3.9997, 3.8324, 3.0622,-4.4900, 3.8535, 3.9201, 4.4396, 0.7718,-2.3706, 4.1770, 4.8617,-1.4515,-1.8063,-4.8771, 0.9417, 3.3103,-0.4547,-2.2012,-4.1105, 0.1638,-1.1023,-4.6791, 3.3039, 4.4918,-0.3085,-0.5506,-4.4766, 0.2645,-0.3059,-0.5483, 0.7157, 0.8680, 3.7480,-4.8559, 1.4775, 1.4361
 2.5647, 2.7658,-4.2817,-4.5909,-3.7431, 0.0932,-0.1703,-0.6440, 1.9557,-0.3885, 1.9954, 4.4287, 4.3353,-3.5914, 4.5210, 0.7158, 4.6474,-1.2412,-4.2841, 4.0508, 4.9279, 3.4486, 3.6315, 0.1500,-2.1173, 2.3886, 1.0569,-4.9341,-3.3702,-3.2053,-0.2179,-0.5855,-2.6914, 4.8208,-3.3984,-1.5888, 1.7491,-1.4682, 2.6682,-0.3902, 4.1623, 0.2549,-2.7599, 1.9886, 4.4988,-4.9100,-3.7412, 2.8186,-2.3230,-2.5776
 0.4559, 0.1243,-4.5799,-3.6642,-1.8200, 4.6025, 2.0234, 0.8025,-1.8801,-0.0221, 1.1145,-3.3104,-1.2804,-1.9498, 4.0319, 0.8000,-4.2439, 3.5868,-1.4527, 1.2249, 4.7655, 2.6750,-0.6507, 2.6327,-4.5681,-0.8121, 3.3026,-0.1917, 3.4760, 3.7056, 2.6458,-0.7445, 3.1859, 1.9270, 0.4169, 4.1292,-1.1458,-1.4062, 4.1625, 1.6207,-2.5267,-4.6075,-4.2123, 0.7407,-0.1348, 1.7861, 4.8978,-2.2742,-2.9862,-0.3726
 4.6580,-4.3612,-0.9544, 1.5637, 1.4132, 2.3195,-2.3570, 2.7737,-1.6223, 1.8369, 2.7748, 0.9198,-3.5418,-3.8014, 4.7355, 4.4684,-1.8018,-2.9235,-4.7378, 2.1099, 4.3794, 0.4690,-1.7124,-2.2026,-4.2976, 1.2399, 1.1394,-2.8445, 4.0923,-2.3880,-1.6143,-2.4331, 3.6513,-0.6615, 3.3139, 4.1390,-4.9067,-2.7093, 4.2093, 1.6357, 4.9110,-1.7527,-4.6448, 2.9765,-3.9547,-0.2285,-1.7477,-0.8526, 4.0810, 1.3157
-4.9472, 3.7799,-0.1328,-3.2744,-3.4118, 1.7064, 1.5720, 4.8714,-4.1063, 2.8917, 0.2383, 3.5638, 1.8946,-2.1691, 4.9401,-2.6979, 0.3231, 2.9545,-0.4415, 2.9476,-4.9726, 4.1568,-2.7339, 0.3819,-2.6432, 4.9068,-2.7304,-0.5262, 0.8024,-3.8920,-3.9348,-2.2921,-2.2817, 2.3218,-1.5565, 2.4084, 0.2725, 4.3297, 1.6818,-4.2213, 0.5808,-4.7648, 2.9398,-1.1194, 2.5376, 3.7495, 2.6318,-0.4858,-2.3939,-4.2263
-0.6347, 2.9750, 1.0486, 2.5760, 0.7379, 1.5755,-0.7267,-0.6769, 3.0467, 0.1840, 0.3629,-1.2943, 0.3676,-3.7237, 2.6933,-0.9930,-0.8403,-1.5712,-1.3546,-2.9783, 1.6116, 2.5141, 3.5971, 1.8070,-2.1611, 3.6101, 4.5599,-2.9451,-0.8151,-4.4876,-2.5474, 2.0254,-0.6209,-1.7553,-2.7746,-1.1895,-0.5405, 1.4971, 3.1144, 3.4257, 3.3832,-4.2352,-0.5216, 3.6874,-3.1078,-4.6685,-0.4994,-4.0211,-1.2167, 1.8244
-2.2336, 4.5548, 4.9580, 2.8195,-0.5612, 4.6400,-0.1761, 4.0482,-0.1087,-4.7021, 1.2424, 2.7202, 3.2310,-4.7212,-2.0997, 3.0396, 3.3092, 3.0937, 2.7326, 4.2623, 0.8049,-1.2336,-3.9283,-4.8101,-1.4597,-0.9261,-4.5586, 1.0680, 3.4420, 4.5567,-2.8203,-2.7410,-3.1529, 1.1419, 3.6739, 0.0138,-0.1773, 2.4702, 1.2113, 0.5675, 2.1804,-1.0347, 0.4673, 1.3483, 1.9723, 2.2214,-0.8269,-0.6027, 3.0228,-0.7467
-1.9624, 0.5109, 4.7471,-1.8569, 1.6351,-0.4532,-2.9374, 4.8126,-1.0898, 1.2577, 1.2112,-2.0666, 3.6158,-0.9577,-1.7074, 4.3602,-1.3351, 3.6148,-0.5949,-4.8646, 2.7626, 3.8479,-3.6571,-3.0773, 2.5807, 1.5647,-2.3156, 4.4101, 0.3543, 3.7173,-1.9617, 0.0329, 1.8147, 0.9949, 0.6047, 4.5006,-1.5792,-1.0234,-1.6650, 2.8471,-1.0356,-1.1867, 1.9008,-3.0184,-3.0421,-1.9387, 1.8403,-3.1064, 0.2466, 2.1693
 1.5848, 0.2765,-3.6888,-3.6393,-4.8784,-0.6942,-3.8735, 1.6749, 0.9163,-1.0634,-1.1811,-4.2361, 4.1894,-0.6691,-4.3084,-4.8811,-0.6777,-2.4354, 0.7983,-4.9929,-2.2466,-0.9994, 3.2171,-4.4423, 2.7470, 4.1910, 4.5470, 1.7687,-0.9898,-2.9807,-3.1739, 3.8903, 0.2694, 1.6991, 0.0200, 1.3632,-3.7769,-2.6897, 3.5482,-1.4690, 3.0209, 0.1789,-3.9701, 1.6063,-2.6549, 4.6947, 3.9396, 0.0944, 3.5340,-2.4176
 4.5952, 3.4677, 0.4261, 2.7746,-4.7353, 0.5548, 2.2138,-3.3454,-2.7223, 4.7534, 0.4107, 1.7237,-2.1951,-2.4051, 3.2629,-2.5669, 2.5671,-1.1082,-2.1271,-2.1986, 4.5867, 0.3991,-2.9294, 4.4866,-3.9273,-2.5304,-4.1162, 0.1454, 1.3010, 1.6094,-2.7104,-2.6203,-2.8167,-1.7744, 4.2576,-1.8782,-0.6716, 4.5077,-2.7520, 1.9326, 2.9843,-2.3652, 0.3043,-4.5365, 2.3664,-1.3825, 1.0806, 1.0759, 0.9317,-2.0135
-0.0441, 4.5917, 4.7183, 2.3940, 2.3370,-3.4494,-2.9677,-0.1695,-0.4392,-1.5931,-1.2870, 2.8565, 3.8397,-1.7859, 1.3900, 1.1241, 2.2458,-0.8875,-2.6740,-0.2363, 4.2337, 0.9312,-3.5981,-4.5169,-4.2982, 2.6150,-4.7397,-3.8010,-4.4690, 2.5154,-3.7208, 0.7928,-1.0679, 1.7381, 2.4285, 0.9241,-1.7744, 1.1098, 2.4184, 4.4560,-1.7116, 1.5652,-1.2830, 4.3205,-2.1992, 2.1798, 1.9935,-1.9445,-2.7015,-4.4338
-2.0229,-2.8046,-1.0810, 0.0376,-2.8853,-3.9957,-0.1018, 3.9316,-0.9449, 3.9836,-1.4939, 1.7483,-4.0486,-1.4615, 4.0288,-0.6625,-2.1666,-0.0475, 3.5998, 3.0155, 4.5889,-0.6803, 2.6850,-4.0620, 1.9292,-1.5453, 1.0945,-0.6108, 3.2539,-2.7887,-3.0898,-3.1415,-4.3087,-1.3892,-4.7406, 1.0224,-2.0470, 2.9369,-3.5670, 3.3941, 3.2340, 4.1171,-4.2276, 4.3122,-0.6407,-2.2167,-1.6899, 4.6063, 4.8261,-0.7953
 4.7938,-1.2074,-2.0191, 0.0099, 0.5250,-3.6786, 2.9124, 4.3506,-0.0969, 2.8866,-3.8500,-0.8316, 0.2701,-4.6733, 3.5037, 4.0170,-3.6328, 2.6382, 4.2510,-3.1871, 3.4539,-3.7510,-2.5197, 2.7305, 4.6511,-4.0541,-3.9435,-2.4238,-4.2247, 4.7666,-4.8050, 0.4459,-3.8646, 0.0738, 4.3536, 4.6376, 4.7523,-2.9615, 3.0134, 3.9024,-4.7688, 4.2078,-2.7821,-1.7608,-4.2185, 1.0249,-3.0282, 3.2976,-1.8484, 2.1757
 4.0571, 3.3282,-4.0971,-4.0930, 3.5988, 4.7985, 3.8031,-3.0682, 0.6425,-4.1530,-3.8032, 4.2836,-1.2068,-0.1823,-2.2143,-3.7723, 3.5006, 1.8359,-4.7852,-0.5994, 2.3667, 0.7339, 3.4148, 4.9191,-3.0418, 1.2251,-0.4445, 1.3716,-3.0575,-1.1122,-4.2334,-1.7593,-2.3456,-4.2963, 0.1652,-3.5057, 4.1786,-1.9792, 0.6961, 4.0456, 2.6930, 2.5846, 0.1817,-2.7850, 0.5006, 3.4737,-4.8298,-4.2462,-1.3026, 4.1785
 2.8230, 0.1458, 2.4911,-2.0410,-3.7503, 1.5427, 4.2150, 2.3108,-2.4561,-4.4223,-3.3667, 4.9053, 1.9061, 2.1096, 2.8896, 0.9003, 4.4345, 2.4848, 2.5425, 0.5581, 2.9004,-1.9310,-0.4657, 3.0491,-1.7989,-4.7912,-0.0135,-3.8535, 3.0723,-0.7767,-1.6621,-0.2746,-4.8483, 4.3729,-2.1144, 4.9444,-1.6553, 3.4617,-3.7887, 4.9494,-4.1236,-0.5437,-4.3844, 2.8774,-3.3131,-4.9261, 4.3855,-1.9083, 1.4118,-1.3580
-4.1468, 2.4438, 3.2593,-4.7535, 4.0834,-3.3353, 3.8697,-3.6182,-2.0784,-3.8037,-4.3455,-1.0937,-1.0517, 1.2757,-3.1787,-2.9646, 3.3138, 4.4623, 2.1375,-4.6064,-1.6406,-2.7260,-4.8391, 3.6487,-1.1844,-3.4398, 2.9661, 4.4866, 2.4422,-3.0145,-3.2857, 2.7113,-2.4681, 3.5619,-4.8038, 1.8122, 2.6068, 1.2813,-2.0028, 3.1548, 2.6880, 4.9203,-1.9209, 0.1976,-4.1133,-0.9162,-0.3170, 2.3004,-1.5698, 1.4634
 2.0818, 0.5332, 2.5401, 2.6071,-4.8705, 3.3846,-1.3844,-4.1982,-1.9564, 3.2353, 0.8505,-0.1057, 0.2989, 1.3214,-0.7644,-3.6311,-2.9134, 3.9906, 3.6994, 0.1144, 0.9751,-2.2472, 3.0677, 3.3627,-1.1284, 0.5449,-2.1389,-0.7651, 1.6588,-2.9182, 0.5283,-4.3241, 3.4587, 4.4039,-3.3155,-3.3751,-3.8075,-1.8702,-3.1168,-3.0404,-4.0058, 2.1755, 0.6961,-2.5727, 3.7211, 0.9213, 2.3451,-2.0471,-3.2455, 4.5347
 4.6520, 4.4231, 0.8015, 0.6977,-1.8269,-0.2732,-0.3100,-1.7777, 2.6672, 4.7196,-2.3740,-2.5146,-4.2351, 2.2577,-0.5122, 2.0596, 3.7262, 1.6688, 2.0036, 2.5534, 3.5794, 2.4654, 3.2379, 4.4551, 3.2003,-1.4021,-4.1117,-4.1950, 1.1112,-2.0238, 1.0230, 1.0716, 2.2156,-1.8224,-0.3340, 3.4389,-1.0758,-0.1606,-2.5311, 2.9283,-4.4156, 3.7734, 3.4349, 3.3977, 1.5104, 1.5084,-4.7969, 3.9668,-0.6348,-2.6315
-1.0970,-1.6380,-4.5232, 3.7090,-0.5594, 2.2096, 4.2277,-3.7700,-4.6262,-2.2101, 3.9384, 1.7004, 4.5020, 2.7836,-0.9560,-4.3966,-3.7417, 1.5297, 0.1042,-3.2020, 4.2469, 4.0617,-1.1129,-1.6851, 4.1603,-4.1788, 2.7247,-3.6502, 2.1399, 0.6558, 2.2311,-1.0955, 3.2706,-0.6822, 3.8697,-3.6389, 0.5375,-4.8151, 3.1796,-0.4914,-2.2107,-0.5109,-2.6411, 2.5989, 4.0746, 3.9244,-0.2091, 3.7951, 4.0791,-0.8667
 0.2777, 3.0717,-1.9010,-2.9425,-1.5420,-3.4498,-2.2652, 2.7716,-4.0400,-0.6834, 4.3038,-1.2058, 4.1538,-3.6371,-3.2030,-4.5050, 0.3677, 3.6497,-4.0008,-1.5658,-2.0770, 2.0596,-1.5270,-0.5114,-4.0326, 2.0016, 4.9887, 0.3157,-2.5638,-2.8158,-3.2076,-2.2738,-4.2681, 3.3493,-1.5328,-3.8623,-1.9304,-2.8351,-3.7073, 1.0019,-0.9405,-0.8990,-0.9880,-0.3482,-2.6614,-2.1152, 1.4445, 0.7276,-1.5634,-2.2374
 2.8940,-1.9436, 2.4335,-4.1527, 1.7259, 2.9093, 4.4914,-4.3475,-2.6164,-4.7862, 1.8288,-2.4983,-1.2073,-1.6728, 3.4393, 2.3051,-4.7328,-0.9339,-1.8648,-4.4271, 3.3192, 0.5534,-3.1227, 4.4772, 2.5811, 2.4189,-2.8883,-0.4767, 4.3059,-3.4337, 4.9899, 3.2319, 4.9528, 1.7470,-1.6593, 3.8496, 4.8094, 0.5598,-4.3280,-1.7405, 4.6574, 1.7586, 2.6814, 1.7083,-3.7983,-2.8897, 1.2343, 0.8516, 4.5996, 4.5970
 4.1194, 1.6779,-1.5555, 3.9091,-1.4029,-1.0734,-3.4831,-0.3767, 0.0087,-0.1002,-3.9613, 1.5249,-2.2008,-3.7474,-1.9715, 3.8064, 2.4381,-1.3458, 2.4608,-1.5809,-4.5353,-0.3825, 0.9266,-3.0268,-2.3472,-1.1822, 3.0146,-1.3600,-4.1619, 3.2945, 4.4043,-1.0818, 0.0445,-0.5953,-4.9993, 0.1907, 2.8552,-4.9817, 0.5596,-0.4744,-3.7913, 0.3449,-3.5860, 2.4832, 2.3808,-1.2129,-3.3759, 2.2466,-4.4868, 2.0321
-3.8988,-4.8987,-2.8475,-0.7640, 2.8309,-2.3740,-2.5785, 0.4847,-4.3519,-4.8927,-1.6832,-3.9260, 1.6337, 2.8862,-4.3470,-2.2457,-2.8092,-0.3677, 0.8346,-1.7666, 0.2094,-0.8206, 3.7451, 0.0004,-0.4990, 0.8153,-0.2410, 3.7685,-4.0764,-3.0231,-2.0896, 2.5284,-0.8353,-1.4115, 4.0151, 4.8791, 1.0336,-1.0445,-1.5607, 4.1666, 2.6540, 1.1243,-4.7219, 2.5024,-1.1766, 0.4015, 1.0713,-0.1775, 4.4235, 1.2853
 2.0587, 0.8931,-2.4298, 3.2066,-4.2821,-4.1026, 0.2372, 1.7452, 3.5892,-0.1159, 3.8909,-1.9700, 3.8576,-1.3458,-1.0293, 4.1238,-1.9813,-0.6040,-2.5271, 4.2563,-0.3047, 1.1225,-3.3341,-0.9532,-4.2683,-1.8101,-3.4218, 3.7348,-3.9436,-1.9030,-2.6393,-1.9060,-0.8978,-2.0761,-4.1304, 0.1955, 4.3371, 4.4596,-2.1864, 3.6564,-1.4829, 2.9013,-1.4195,-3.7487, 3.4133, 4.7444, 2.4195,-2.3985, 0.2288, 0.4202
 3.2070,-3.1769,-4.6457, 0.7701, 0.1690, 1.8407,-0.5885,-0.0732, 3.8379,-2.8567,-0.3617, 3.9230, 1.6516,-0.9791, 2.3266, 0.9584, 2.5901, 0.9632, 1.8946,-1.5132,-1.0145,-3.0443, 0.7464,-0.1137, 4.2546, 0.3867, 1.6163,-3.9962, 1.6716, 1.3369, 0.6851, 4.5959,-4.2458,-1.4197, 1.7136, 4.5161,-3.4016, 0.1571, 3.4544,-1.2660, 0.2394,-0.3954,-3.5390, 1.8037, 4.9109,-0.5238, 4.7823,-0.0605,-2.9451, 4.3727
 1.5406,-4.1363,-1.9053,-4.0592,-4.2373,-1.3887, 2.0606,-4.3576,-3.3169,-3.4136, 0.5964,-4.6652,-0.8326, 3.0213,-4.6569,-4.5864, 2.2812,-0.9837,-2.9893,-0.7502, 3.9070, 3.0729,-1.3231,-0.3246,-1.1654, 4.7637,-3.9764, 2.8799, 4.8410,-1.2288,-4.4777, 4.6827,-4.8224, 1.9174, 1.7311, 3.2250, 2.8560, 1.9645, 2.4250, 2.5602,-2.9383,-1.0310, 0.8985,-1.1753, 2.1337, 0.8166,-3.6333,-1.6593, 2.8324, 1.2850
 2.0301,-3.5646,-0.3416,-2.2126, 0.0474,-4.7861, 0.3765, 1.2000, 1.0662, 4.5728, 2.7883, 2.1060, 2.7776, 0.7389,-4.2383, 3.3854, 2.7413,-2.4352, 0.6853,-0.4261,-2.8561, 1.3187,-3.2328,-1.8580,-2.4274, 1.7915, 3.3597, 1.5385, 4.6301, 2.8085,-2.0063, 1.2493,-0.3576,-3.5469, 4.2083, 0.4910,-2.0133,-3.1894,-3.5295,-1.8660,-4.5561, 0.5883, 2.2987, 2.5121, 0.4260,-4.5708, 3.4297, 2.1172, 3.8451,-1.1710
-1.7897, 0.8787, 1.1353,-4.0770, 1.6092,-1.2183,-4.3393, 4.7387,-4.5853,-3.8302,-4.6487, 4.8381,-4.7786,-3.3893,-0.5864,-3.6541, 3.8309,-3.8441,-4.0183, 3.1908,-3.4411,-3.1866,-4.9578,-2.0797, 3.4975, 4.8992,-3.3856,-2.3953, 0.8950, 0.3188,-4.4212,-3.8824, 3.0333, 3.5898, 4.1977, 2.6809,-2.7998, 0.4244, 2.1040,-1.0829,-0.5466,-1.9264, 0.4568, 2.3314,-3.8991, 2.8809,-2.8699, 1.1201,-0.0279, 2.2277
-1.6012, 2.4250,-2.7579,-0.9521,-4.8512, 1.9756,-1.4237,-4.7921, 3.1929,-3.7974, 2.0581,-3.6760,-2.7657,-4.3375,-1.4355, 2.0355, 1.6297, 0.7308, 4.1684,-4.9260, 0.4109, 3.9560, 1.1967,-0.4591,-2.9407, 2.5822, 1.1872,-2.7907, 1.9079,-3.2768,-1.9424,-0.2185,-0.7227,-3.5348, 2.9926, 4.8521,-3.8822, 2.1457, 1.3959, 3.7342,-2.3846,-4.5734, 3.7421,-1.5040, 0.0429,-0.2057,-3.3199, 1.2970, 3.8765, 2.4568
-1.3175, 2.2263, 4.0354,-1.4826,-2.0038,-2.9493, 3.6262,-3.9581,-4.6424, 2.2103,-2.3931, 0.4614, 1.6156,-2.0447,-4.1263, 4.0413, 3.9830, 0.2511,-4.3746,-2.2182, 1.2679,-2.6304,-0.7238,-2.6579, 2.3194,-4.9565,-2.1208,-2.1938, 3.6367,-0.1938,-1.6158,-0.2795,-4.3667,-3.1900,-0.2408,-4.3683,-2.5577, 2.1915,-4.1077,-4.8461, 0.2716,-1.2341, 4.2963,-4.5542, 1.5704, 2.2277,-4.6838, 3.9998, 4.0517,-2.0972
 0.2375,-0.0007,-4.1970, 2.3371, 4.5712,-1.0341,-2.8172,-0.8577,-0.7680, 3.9479, 2.5004, 2.9743,-2.1251,-0.6546,-4.7282, 4.8367, 3.4417,-4.8780,-4.9459, 3.3265,-3.3580,-1.8445,-4.0874,-4.2961, 0.2756, 4.5545, 2.5104,-2.2201,-1.8244, 3.8472, 1.2882,-1.2360, 3.3786,-0.7281,-1.2257,-1.3774,-3.5903, 3.2171,-0.1468, 3.2580,-4.5096,-4.2601, 3.8208,-4.2202, 0.0807, 0.9769, 4.2530, 1.7789, 1.9632, 4.6685
 4.5788, 1.6875, 0.7868,-1.7399,-2.2905, 2.4732, 0.5539, 2.0470, 0.1490,-2.2756,-0.7462,-4.9787,-1.8704,-3.1597, 3.2908, 0.7313, 1.9519, 2.0779, 3.3643, 1.9672,-1.4158, 1.5257, 0.9527, 2.4648, 4.9189, 1.9435,-2.2085, 2.2828, 4.3602, 0.8559, 4.9741, 1.2756, 1.3163, 0.3680,-4.7834, 2.6653, 0.9878, 2.4964,-1.8947,-2.7398, 3.6997,-0.5485,-4.5356,-2.9111,-1.0894,-1.3607, 2.3657, 3.3763, 1.0675,-1.4115
-0.7169,-0.5466, 4.5820, 1.4283,-2.5348,-1.7761, 4.2792,-4.4745, 0.8747,-3.5179,-3.3123, 1.5696,-4.5083,-4.2358,-4.1767, 2.3963, 4.8050,-0.1551, 4.3477, 4.9375,-0.8442, 2.9152, 1.5364,-1.1942,-0.5439, 4.7780,-4.0084,-3.8355, 1.5446, 0.9041, 2.4050,-1.6225,-1.0502, 3.0987,-1.5033, 3.3793,-2.1898,-2.5220,-4.7130, 3.5726,-4.2575, 0.6339, 1.1231, 2.9723, 4.7436,-3.8133,-4.8653,-0.2783,-2.2478, 4.3728
-2.2506, 0.3797, 3.4843,-1.3539,-1.1675,-3.5816, 0.9736,-3.9382, 4.1552,-1.3323,-3.9033, 4.6019, 2.4058,-4.9132,-1.5114,-0.2485,-3.7374,-1.2685,-1.7506, 0.7109,-4.2899, 1.0393, 0.1693, 1.4557,-4.6749,-4.0793, 2.0092, 1.5234, 1.2218, 3.5364,-4.7850, 0.9548,-4.0584,-2.4789, 2.7409, 4.1602,-4.7925,-0.3811, 1.0336,-2.0895, 1.6431,-3.0209, 2.6999,-1.8475, 2.9509, 1.5046, 3.2584, 1.6409, 2.4399,-4.0009
 3.9569, 0.2234,-3.8132, 2.4527,-1.0497,-0.0996, 2.8597,-4.7166,-2.5403, 3.1636, 0.1185, 0.6037,-1.9515,-4.9415,-0.3688, 1.0672, 2.7412,-2.8160,-4.6724, 4.8246, 4.3146, 2.5050,-4.5918, 0.6760, 4.4697,-1.6828,-3.4510,-2.0093,-0.0154,-2.0254,-3.3023,-1.8596, 4.7206, 2.4118,-1.2469,-4.4325,-0.9305,-3.5097, 1.6080,-4.5067,-3.0723, 0.2664, 1.0884, 2.2260, 3.2324, 3.6612, 3.2346,-2.9957, 3.1414,-2.6587
 0.7993,-2.6420,-0.3834,-1.8908, 1.4962, 1.4195, 1.8079, 4.3747, 1.4329,-4.1479,-2.2182,-0.3119, 1.1296, 0.4606,-1.2872, 3.7333,-1.5667,-1.6193, 1.0801,-1.1345,-1.3061,-1.3770, 4.8706, 2.5411,-0.0868, 1.2500,-2.3074,-3.3814, 2.6732, 0.8716, 0.9416,-4.1656,-2.1084,-3.8838, 4.8806,-1.1470,-2.4906,-0.8319,-2.5920,-1.0417,-1.6185,-0.1001,-4.6059,-0.6513, 3.1480,-1.4200,-2.7753,-3.8995, 4.4015,-2.5111
-2.0277,-0.0766, 4.1496,-4.2222,-3.3901,-3.1580,-3.0800,-0.9466,-0.6315, 2.0133, 2.1451, 3.9896,-3.4431,-1.7686, 0.5240, 2.7835, 4.9173,-0.4191, 2.4057, 4.7304,-1.3892, 1.9169,-2.9064, 2.0972, 0.4397,-0.7083,-2.3766,-0.1941, 0.6219, 4.1040,-2.9440, 4.2639,-4.0726, 3.4466, 0.8835,-3.4492,-2.7900, 1.6172, 4.1769,-3.6314, 3.3964,-3.0063, 3.8988, 1.3139, 2.1907,-2.8384,-2.0071, 4.1502, 1.3944, 4.7409
-3.4193, 4.8963,-1.5574,-2.2270,-4.6487, 2.4296,-3.3219,-0.4895, 4.6011, 1.0442, 1.5719, 3.7319, 4.5481, 3.3525,-1.3289,-1.3332, 3.8659, 1.4156, 0.8857,-3.8882,-0.8150,-0.5516,-4.1932,-2.6677,-3.5071,-2.9651, 3.0751,-4.7306,-4.1306, 1.1156, 4.2425, 4.9834,-2.0703, 4.0261,-0.8838,-4.2794, 2.6598,-1.0241, 3.6403, 0.0956, 1.9843,-1.8252, 3.6571, 0.8844,-3.8814,-2.3868,-4.3696,-0.4151,-3.1492,-2.3311
-2.2989, 2.6250, 1.4359,-3.9413, 4.7104, 2.0541, 4.9166,-0.2632,-0.2655,-0.5836,-1.5602, 0.9258, 3.2954,-3.7619,-1.4278, 1.9646, 0.6101, 3.0269, 3.3663, 1.0447,-1.6507, 3.2901,-0.2098, 2.2659,-0.6797,-2.8923,-1.4660, 1.0591, 3.8893, 4.7955, 2.1656, 2.0532, 3.2756,-4.7744, 4.5197,-2.0433,-3.1969,-0.9036, 2.7807,-0.8590, 2.8820,-3.9221, 3.9745, 2.4518, 0.7320,-3.8390,-0.8049,-0.0738,-1.0364,-2.8215
 4.8019,-1.2325,-4.1346,-0.0342,-1.1292, 4.4432,-2.1017, 2.0349,-3.1265, 2.4106,-3.5078,-2.1259,-4.9709,-0.9019, 1.3637, 2.2357, 3.4393,-0.3127,-1.7644,-0.6566, 2.1086,-3.2261, 0.2474, 2.5645,-4.0388, 3.4748, 1.6698,-0.2458, 1.0900,-2.9775,-3.5423, 4.3261,-3.7327,-0.1152, 4.7318,-4.3684, 3.2377, 4.7306, 3.5532,-4.8521,-3.1874,-0.6913, 2.8639,-4.8550,-2.8182,-1.9234, 2.2809,-4.9640, 0.2532,-3.6396
 0.5851, 3.0814,-2.6384,-1.2385,-3.3575,-1.0918, 1.0534, 3.6686,-3.2322, 4.8241,-3.4857,-4.6370,-1.4445,-0.4956, 4.0597,-2.0651,-1.1173, 0.2974, 4.1144, 1.0514,-3.9231,-2.5502, 4.7505, 1.7569,-1.9246,-3.5939,-0.0483,-0.7638,-1.2857, 0.3759,-2.8150, 2.7649, 0.1464,-0.6715,-0.0481, 4.8351, 2.7548,-4.5026,-4.2691,-4.9346, 3.4378,-3.3009,-0.5452, 0.2966,-4.7123,-3.3643, 2.0163, 1.9097, 4.3373,-0.7615
-0.4778, 1.0432, 3.5758,-2.4785,-0.2646,-2.3037, 4.2723, 4.1594,-2.3618, 2.4681,-0.4304,-1.2714,-0.3102,-2.5837,-2.0995, 0.0271, 2.8052, 1.0863,-1.2227, 4.4912, 2.5827, 3.9147, 2.3415,-3.9652,-1.2574, 2.4702,-4.8562,-0.0503, 1.9038,-0.6819, 2.5481, 1.9358,-4.5695, 1.9455,-0.6922, 1.1447, 2.2162,-3.0119,-3.5624, 0.3968,-1.4928, 3.2054, 4.3154,-3.7901, 2.2791,-4.4516, 2.4470,-4.1537, 1.5444, 1.2501
-0.3804, 0.2381, 3.0950,-3.4349,-4.2794,-4.7508, 4.9166, 2.5955,-2.8786,-1.2910,-1.9347,-4.5890, 1.1681, 1.3066,-2.7427,-0.4711, 3.0677,-3.2111,-0.7319, 3.0364,-4.1798, 1.6984, 0.1080, 0.2396, 0.8496, 1.0180,-2.8318,-3.9583,-3.4405,-1.9231,-1.5926, 3.2604, 3.5936,-2.8701,-4.3558,-3.3463, 1.3225, 0.0189, 1.4022, 2.2860, 2.9083,-4.4877,-0.5659,-0.2275,-3.7011,-3.1253,-1.9832, 2.6783, 3.4958,-2.4765
-4.5927, 3.9799,-2.1204, 4.1229,-4.4851, 4.7416, 0.2558,-4.8576,-0.7484,-2.1056, 1.1129,-4.0820,-3.2730, 0.2194,-0.8714,-2.4668,-4.3569,-1.9041,-1.8453,-1.6400,-2.4265, 3.9135, 2.1219,-1.0721, 1.6028, 3.8794,-3.4518, 4.7770, 3.1496, 2.7116, 0.5085,-1.9475,-0.0567,-4.2406,-3.8618,-4.2380, 0.3342, 3.6053,-1.8310,-4.2133, 3.4237, 0.8119,-4.6172, 0.1405, 3.7095,-2.7721,-1.5427,-2.7417, 0.3888, 1.7288
 1.5561, 0.5967, 1.3248,-0.1253,-4.7169, 2.0278, 0.1144, 3.6971,-3.7090, 2.6746, 0.4812, 3.5989,-3.1294,-3.1139,-3.7212,-2.1553,-2.1721,-0.0155,-3.6740,-0.6287,-2.1274,-3.2168,-2.7873,-2.7073,-0.7844, 0.5219,-2.5116, 3.4831, 3.3288, 2.0199, 0.6987,-4.0082,-0.4796, 3.5266, 4.9898, 3.2841,-0.8060, 1.0868,-2.5007, 0.8569, 1.7974, 1.2377, 4.8377,-2.0550,-4.5358,-0.6388,-3.8146, 0.2914, 2.9506,-3.6896
-2.3706, 4.2151,-0.1113,-3.2477,-4.7735,-2.8728,-3.9799, 3.7206,-3.4050, 4.8445,-2.2245,-3.5815,-3.2519,-2.0172,-0.1096, 2.1814, 0.7913,-0.9597,-2.1452, 0.0887,-1.2768, 3.9488,-1.5470,-2.0832, 0.8713,-1.2463, 4.0317, 0.7069,-3.2159,-3.9442,-1.3105, 4.7709,-2.9286, 4.0501, 4.4372, 4.7569,-3.7876,-4.6932,-1.0815,-1.9735, 1.5444, 3.0928, 4.5060,-4.3141,-3.6785, 3.2012, 2.9149,-2.7438,-3.8716, 1.6668
 2.3166,-0.1305,-1.8581, 0.8157, 0.7196,-3.2792,-3.7917,-0.3070,-0.2859, 3.3726,-3.8863, 1.0892, 1.8724, 3.9157,-4.8886, 4.5326,-3.0472,-3.2465,-1.7925,-2.9635, 4.6513, 3.5744, 3.3832, 0.4340, 0.7524,-3.6987, 3.2666,-4.0626, 3.6698,-2.9142, 1.2712, 3.5914, 4.4776, 3.7850, 2.6454, 4.8082, 0.2748, 1.8570, 3.8265, 0.4641, 4.7292,-4.5742,-1.5722, 0.9907, 3.0200, 3.3770,-1.9889, 2.5116,-4.3385,-2.2036
 1.0728,-1.3077,-1.8182,-3.2654, 2.4970,-2.2713, 4.2916, 3.1131,-2.1182,-4.6080,-4.0734,-2.0717,-2.8496,-4.5469,-3.8413, 1.7870,-3.0361, 3.5328,-1.5714, 0.8758,-2.3515, 3.7513,-1.6315,-0.6695,-4.1893, 1.6129,-0.0242, 0.8844, 0.7457, 0.2229, 3.7495, 3.8042,-0.1463, 2.1151,-0.9929, 4.1254, 0.1331,-1.7125,-0.7821, 4.2231, 3.8653, 3.4468, 1.5589, 2.1121, 2.2190,-4.0083, 1.1745, 3.1173,-3.9162,-2.6945
-1.2624, 0.3519, 4.9827, 1.9842,-3.2420,-2.5072, 4.5368,-3.1838,-3.3751,-0.9788,-2.6280, 4.8969, 0.5973,-2.8964,-2.3431,-1.9786, 0.4023,-3.8934,-0.2850, 2.5447,-4.9972,-4.7905, 3.0415, 3.8659, 2.7127, 1.0943, 3.7722, 0.5105, 3.9459,-1.5128, 4.3629, 3.2769, 2.1226,-0.9426,-2.3870, 1.4984,-0.6347, 2.9381, 4.2536,-1.8159, 3.5011,-3.0403,-4.3887, 3.4914, 0.8329, 4.0254,-4.5377, 0.7555, 4.6593,-0.9624
-3.4682, 3.1721, 0.4449,-2.8074,-3.6952,-1.8264, 4.8209, 4.5127,-4.3697,-3.2336, 3.0593, 0.4075, 4.4293, 1.3095, 3.3033, 1.1823,-4.6675,-2.9475,-0.8936, 4.1340, 4.7681, 0.6322,-0.8462, 3.1624, 0.8461,-3.7403,-0.3090,-2.3568,-0.3806, 3.0321, 3.3593,-0.2278,-3.8914,-4.1615,-3.6708, 3.7273, 3.9289, 4.0852,-2.4486,-3.8202,-1.3944,-2.4735, 2.7630,-1.8780, 1.0652, 2.3415,-2.7378,-3.5304,-4.5853, 0.1356
-2.4431,-3.6168, 1.9772, 2.2408,-1.3488,-3.2120,-4.1776, 2.4765, 4.3609,-3.5675, 2.4134,-4.5448, 2.4718, 3.2880, 1.3406, 1.8331,-0.0845,-1.7375,-4.8015,-1.0161, 3.2314, 1.6971, 1.0320, 3.7479,-3.3982,-0.2459,-3.1580,-2.6621,-0.8353, 1.2374, 3.6186,-2.1021,-1.2430,-3.6632, 3.0674,-4.5648, 2.7177, 4.3723, 2.9774,-0.3825, 0.0136,-0.5536,-3.1606,-1.8986,-0.6425,-2.2991,-0.9669, 0.1039, 2.5447, 1.5416
-4.1892,-4.5202,-0.2918,-1.0105,-3.6274,-1.6093, 1.7763, 4.1715, 0.8992,-1.9569,-3.3295,-3.5079,-4.3034, 3.5779,-2.6101, 3.9180, 0.5663,-2.4688,-0.4646, 0.8887, 4.4426,-4.2899,-0.6035, 2.0439, 0.7858,-2.7309, 4.0769, 2.1878,-4.7215, 2.4181, 0.7683,-4.0445,-0.5066, 2.4389,-0.8070, 3.3380,-2.3219,-1.7425, 4.0025, 1.4168,-1.5922, 4.4675,-4.7238,-0.0676, 2.7271,-2.0370,-1.1502, 2.9529,-0.4481,-1.5296
-3.3246, 3.3215,-1.3332, 0.6750,-2.7684, 4.8967,-3.9851, 1.2274,-4.4679,-1.6916, 3.5514,-0.0678, 2.2057, 1.3943,-3.9145, 4.0343,-3.9860,-3.3255, 4.9309, 4.2993,-3.0778, 3.8178, 0.7824, 3.5622, 1.6264,-1.6276, 4.2851,-2.9290, 1.5142,-3.8949, 0.9653,-2.3621,-3.2649,-3.0962,-1.6488,-2.7493,-1.1279,-1.8224, 2.0510,-4.6394, 4.8934,-3.4441,-3.6158, 2.3351, 0.8632, 2.5374, 0.0415, 1.6606, 0.3364,-2.0163
 2.7102, 1.6162, 2.4924, 1.4034, 0.2154,-0.8516,-0.5655,-3.3277, 1.0601,-2.1331, 1.1039,-3.1454,-1.4354,-4.1907,-2.4623,-2.0426,-4.0341, 4.2441,-1.5461,-4.1839, 2.5203, 3.3067,-0.4171,-2.7336,-3.3775, 4.4599, 3.8312,-2.4491, 1.1935, 2.5890, 3.5397, 3.5090, 4.0588,-4.6839,-1.7269, 0.5148, 3.9391,-0.1125, 3.3230, 3.3450,-2.9635,-1.5915, 2.1700, 3.0090,-0.1111,-3.7084, 4.5076,-4.1741, 3.0687,-2.2584
 0.8762,-1.6851,-1.9062,-1.7034,-0.5882,-3.2639,-0.8495,-4.9692, 2.0116,-0.8177,-3.2425, 4.2057,-1.5611,-4.9523,-3.3887,-1.7705, 4.6454,-1.9239,-4.0147, 1.4604,-2.2519, 0.9341,-3.7221, 0.1126, 3.9579, 0.0698, 4.3342, 4.5059, 1.6045,-2.5800,-3.9031, 4.3713, 0.7355,-2.4938,-4.0519,-4.0930, 0.7997, 4.2321, 2.2834,-2.0691,-4.0566,-2.7983, 1.9610, 4.5666,-3.3048, 1.9324, 4.9721, 3.6345, 3.3809,-0.9337
-1.0686,-1.4992, 2.7061,-2.4487, 3.7522,-2.6961, 3.1944, 3.9044,-3.8491, 1.9662,-1.3516, 0.9908, 4.7159, 3.2605, 3.5219,-1.7971, 2.4978, 1.3193,-3.1853, 3.0417, 3.3528,-3.8414, 2.2495,-4.0018,-0.0954,-2.7563,-4.0546,-2.9097,-1.1657, 1.4437, 2.3288, 2.6019, 1.0035, 4.4935, 2.5666, 4.8588, 3.3572, 2.8885, 1.2531, 4.0745, 2.5154, 1.0600,-2.2388, 2.1683,-1.4340,-4.7779,-0.7680, 2.3905, 1.5274,-1.3651
-1.3203, 4.9277, 2.0125,-4.1842, 4.3480, 3.0672,-4.0616,-0.2786,-3.3793, 2.6972, 2.6738,-3.7558,-2.5730, 0.9055,-3.3511,-3.3638,-1.3529, 0.4801,-4.5728,-2.3060,-0.0306,-3.8667,-0.5383,-0.9019, 3.8726,-0.0438, 4.1477,-3.2956,-1.0013,-0.8661, 4.7899, 3.2824,-2.3531, 2.0027,-3.7888,-3.0585,-0.6704,-4.7160, 4.2352,-1.8390,-2.6857,-3.7388, 0.9928,-2.7491,-1.8621,-1.3664, 4.6050, 1.1173,-3.8112, 0.4996
-0.9704,-1.5229,-3.8595,-0.1283, 1.2712,-0.7448, 2.9250, 3.5604, 1.3636, 3.6521, 2.4958,-2.0749, 3.6360, 3.5309, 1.9618,-0.8928,-4.3000,-4.5848, 0.7963,-2.2392,-2.8761,-3.7427,-3.9456, 0.7567,-4.3301, 0.9494, 2.1249, 1.0982,-3.0419,-3.5424,-3.7660, 0.1464,-0.6058, 0.8316,-3.2670, 3.4807,-4.6179, 1.5753,-3.6822,-1.6997, 2.4547,-1.9915,-3.3072, 2.9489, 2.0613,-0.8624,-4.6397,-2.8709, 4.2046,-0.1907
-3.9009,-2.9431, 4.9588,-1.1001,-4.8557,-1.3837, 4.3662, 4.3374, 4.0574,-3.2529,-1.7038,-0.6765, 4.3072,-4.7454, 4.3010, 0.3252, 1.4570,-3.7361,-1.2895,-3.0737, 2.2503,-0.8737,-1.1463,-0.8629, 4.2211, 4.0640, 3.2431,-1.3089,-4.5330,-3.0059,-1.3601,-0.5356,-4.7193,-1.5164, 3.8819, 1.0783, 2.5720,-0.5615, 0.4681, 4.1048,-1.5242, 2.8098, 4.0621, 3.2646,-0.4928, 4.2616, 0.1327,-4.7185,-2.5435,-1.9821
-4.4455,-1.1293, 3.0233,-0.5834, 2.7624,-4.7429,-1.7141,-3.5782, 0.6416,-1.3025,-3.6731, 2.4256,-4.3524, 1.4169,-2.6967, 2.0237,-1.7060, 0.7165, 0.0502, 3.8313, 0.8208,-2.0681,-2.7484, 2.3116, 2.8137,-3.7708, 1.0254, 4.4606, 4.0485,-4.6774,-1.8885, 2.1063,-0.2442, 2.6048,-2.1525, 1.8268, 0.1167, 2.8678, 0.3442,-1.9222, 0.7901,-0.2822, 0.2430, 3.9818, 0.5380, 4.9496,-3.0048,-1.6821,-3.0111, 2.2421
-2.9898, 2.9945, 0.8013,-3.8916, 3.1428,-1.2920,-4.4838, 2.1673,-2.1198, 0.2563,-2.0186, 4.2720, 0.8997, 1.5759,-1.8633,-4.9883,-3.9031,-4.7756,-3.7735, 3.4092,-0.9184,-0.1258, 3.7583,-3.3660, 4.7195,-4.3501,-3.1655,-2.3836, 4.1005, 1.9572,-4.6708, 2.7262, 2.2066, 3.6404, 1.8975, 0.3703,-4.5686,-4.5117,-3.4292,-0.6717, 1.8151, 0.5275, 3.2160, 1.2242,-0.7460,-1.9008,-0.5352, 0.8078,-2.0546, 0.3657
-4.4805, 2.5336,-3.5011, 2.5881,-3.8996,-0.6265, 3.0865,-2.4458,-4.6023, 2.8974,-2.9517, 4.9106,-1.6966, 4.6149,-4.5012, 4.3842,-1.3056,-3.3791, 4.3568, 0.1994, 4.7948,-1.0578, 2.1681,-3.4030,-4.5856, 3.3249, 0.8568,-4.2549, 1.6561,-1.4878, 3.0919,-1.4014,-3.1608, 2.5416,-3.8427,-2.7777, 0.8192,-1.1389,-3.0231, 3.5578,-3.0984,-3.6207,-4.4164,-4.7778,-3.1770, 0.8729,-4.1153,-2.6493,-4.9447, 1.9265
-2.1983, 4.9091,-4.4019, 1.8696,-3.5369, 4.4395, 2.2469,-3.0322,-0.4499,-2.4734, 0.5880,-0.9279, 2.8083,-3.6449, 1.7323,-2.1516, 3.8660,-2.3173,-2.5884, 4.1426, 4.2407, 1.1992, 3.0631, 4.6643,-0.7167, 3.9370, 4.5741,-4.9219, 1.0570, 2.6857, 1.9393, 3.9749, 0.6975,-4.5513, 1.9087, 3.5291, 1.6101, 2.9450, 4.1529, 1.5112,-0.9605, 1.1646,-2.7530,-0.6757, 2.8358, 3.0859, 3.8099, 3.1677, 3.0712, 2.8378
 3.0497, 0.7934,-2.2853, 3.5736, 3.2239, 0.4459,-3.2307,-2.6104,-3.4005, 2.3093, 1.8054, 1.7806, 1.1102,-2.1427,-1.1919, 3.2504, 0.7375, 3.2313, 2.5898,-3.2044, 2.5423,-3.0953, 4.4131, 0.1082,-0.3634,-3.6762, 3.0308,-1.6234, 1.1934,-4.1675,-1.8346, 0.6883, 4.4234,-2.4694,-1.6611,-1.5307,-2.1863, 2.2731, 1.4445, 4.1755, 1.7555, 3.1527, 0.8551,-0.5856,-3.7325, 3.4587,-2.8270,-4.8768, 0.6906,-4.6290
 0.4729,-2.9598,-2.4535, 0.3762,-4.2586, 3.3721,-0.1178, 2.0285,-0.7199, 3.1240, 3.8822, 4.6001,-4.9063, 0.0869,-2.9323, 3.8862,-2.4201, 2.3458,-4.7079, 4.6599,-4.1255,-2.9281, 4.9112, 0.0547,-1.6163,-0.4831, 4.6943,-0.8272, 1.3290,-1.0336, 0.6702,-3.6048, 4.2873, 2.8980,-4.3191,-0.4547, 1.7683,-3.1705,-3.6622, 4.9404, 2.7241, 1.9960, 2.2818,-1.5645,-3.6853,-0.0585,-2.6759,-1.4045,-2.2415, 4.9706
