 2.0793,-2.8624, 1.2063,-3.9895,-4.2927, 1.7338, 2.7516,-1.6175, 2.2191,-1.0777,-1.2774, 1.2050, 3.9977,-3.5270,-1.4655, 3.2761, 3.5333, 2.2209, 2.3443, 1.6792,-2.2464,-3.0100, 4.6204,-3.3282, 3.7399, 1.1668, 0.3717, 2.7319,-3.6166,-3.3998,-4.9594, 3.4900,-3.0804,-3.3903,-3.9818,-4.4002, 2.8022, 2.2923, 1.5921,-1.2910,-4.3200,-1.8352, 4.6180,-1.0976, 0.3450, 2.9220, 3.0186, 2.6145, 0.2256,-0.5287
-0.9533,-1.0729,-2.4199, 0.8805, 0.5187, 1.1408, 0.0436, 3.4680, 1.3045,-3.1504,-2.2661,-2.4594, 1.0863, 4.9735, 1.9233,-0.9826,-0.4760,-0.1047, 3.5498,-0.9047,-3.0175,-3.3615, 2.2160,-3.1279,-2.8402,-3.9885, 2.7225, 1.2119,-0.8478,-2.5614, 0.0085, 1.9156, 0.3018,-4.0615,-2.8373, 0.0045,-3.7473,-4.2006,-2.6296, 1.4025,-4.4648, 4.2094,-1.5691,-1.7315,-1.0064, 4.9963,-2.6244, 1.4880, 0.6437, 1.0039
 4.6930, 1.4150, 4.2989, 3.2916, 2.0403,-4.5208,-1.8077,-3.2752,-2.5776, 1.4149, 3.4261, 1.8030,-0.6160, 0.5637, 1.2145,-4.8301, 2.8100, 0.9624,-3.2627,-2.3635,-0.4260,-2.2236,-1.6392,-4.5851, 3.8598,-0.8693,-3.4895,-0.8493,-3.0533,-3.9836, 3.2662,-1.7957,-4.0410,-1.6644, 3.5053, 1.2280,-4.1622, 1.9060,-2.4057, 2.7207,-3.6571,-1.7356, 2.9965,-1.1365, 0.1880, 1.6120,-3.4175,-0.5102, 4.9546,-4.1641
 3.9607, 0.8979, 2.8912,-1.3725, 2.8753,-2.3211, 3.7806,-0.3293,-3.5657,-4.0365,-3.1398,-3.4900,-1.7966, 2.0181, 4.3195, 3.0380,-4.4875,-1.2169, 1.1178, 2.0560, 2.3980, 1.1434,-0.1724, 1.4078, 2.4151, 4.5249,-4.8222,-3.3382, 3.1863, 0.0497,-1.0833, 3.3793,-2.9230,-4.3744, 4.9354, 1.9766, 2.9572, 4.3741,-2.8212,-0.3333, 4.4997,-0.4879,-3.4815, 3.6826, 2.4963, 2.5544, 1.4178,-1.9159, 0.6184, 1.8442
 2.0885,-1.6520,-4.4289,-4.9120,-1.6586, 1.0508,-3.6347,-3.1001, 0.4907, 4.4873, 2.2529, 3.1182,-1.2986, 0.5153,-4.9974, 2.5661, 4.5130, 1.9928,-2.2930,-3.4584, 4.0056,-2.9218, 4.1263, 1.9825,-0.9626, 3.7369, 2.8532,-0.0676,-0.9582,-3.1902,-4.7577, 3.8319,-3.2921,-3.8927,-0.9255,-3.5996,-0.3884, 4.8033, 2.7659, 0.7998,-4.0509,-1.5595,-4.4778,-2.5338, 3.2291, 1.5182,-2.2195, 1.3529,-0.5189,-2.2953
-2.9995, 2.1703,-0.8717, 2.7712,-1.7054, 2.5618,-1.1776, 1.4965, 3.2357, 2.8403,-4.1789,-3.1830,-3.7901, 2.6773, 0.8793, 3.5083,-2.2053,-4.4020, 1.8354,-0.7826,-2.5867, 3.2756, 2.3376,-3.7185,-4.1696, 2.9231, 4.4199,-2.5771,-0.9469,-1.9715,-3.8250,-4.6328, 4.1454,-1.8281, 3.0658, 4.4360,-2.3274,-1.9011,-0.7338, 0.5638,-1.8538,-3.1715,-0.5147, 2.3448, 0.2470,-2.0710,-2.1464, 1.3810, 3.6256, 1.8338
-4.4661, 2.3458,-1.5618, 0.2350,-4.8330, 1.0482,-4.2326, 1.5427, 4.1747, 3.9832,-3.4629,-3.3420, 2.2382, 1.1050,-1.6219, 0.3142, 3.8664,-2.9772, 1.1385, 0.1367,-1.4990,-1.5364, 4.2306,-0.3566,-2.6389, 1.5133,-1.8434,-2.0949,-0.2957,-2.7290, 0.9370, 3.2400, 2.9162,-3.6416,-2.9865, 2.9260, 0.1683,-0.5606,-4.9396,-4.4067, 4.9534,-0.2248,-4.8382,-1.2349,-1.6280, 3.3891,-2.1808,-2.3489, 3.2854, 3.5496
 3.6289, 0.4053,-4.3883,-3.7981, 1.6745, 2.4465,-3.3882,-4.9931,-3.1047,-1.8514,-0.9153,-4.4926,-1.0774, 0.3460, 1.7068, 0.0718, 1.5028, 4.8238,-0.9298, 2.0915, 0.1925, 2.3848, 0.9261, 1.0829, 4.0977,-3.5188,-4.7218, 0.3409,-0.0502,-2.7683, 3.3161, 2.0151,-3.5093,-3.2339, 0.5198, 4.3524, 3.6783,-3.1517, 3.9107, 4.5991,-1.0091,-4.4953,-0.5422, 1.9514, 4.0110, 1.3939,-3.5640,-0.4717, 2.0166, 3.7251
-3.4367,-3.5828, 4.6402,-1.2544,-4.1599, 1.9801, 1.0039, 4.1982, 4.8877,-4.5015, 2.5599, 3.1540,-1.8585, 4.0903, 1.0163,-4.9920, 4.8782,-1.3653, 1.6164, 1.8464, 3.7047,-2.9606,-1.1738, 2.3574, 2.2698, 2.6478, 4.8089, 3.4426, 1.5601,-2.5290, 1.8022,-2.6132, 4.6609,-2.8339, 1.3530,-3.6078, 0.8636,-1.2625,-0.7680, 4.8474,-3.3836,-0.6919,-0.0635, 0.1270, 2.8210,-4.8128, 3.4290,-4.1228, 2.3659, 1.3046
 1.2546, 4.8273, 1.1070, 0.5049,-4.3088,-0.8502,-3.1342,-2.3810,-0.2506, 1.7497, 3.0415,-3.8113,-4.6803, 1.4477, 0.6249, 3.7135, 1.9319, 3.6818,-1.4420,-4.3929,-1.6035,-3.1395, 4.6773,-0.9022, 0.0092, 3.6890,-0.8987,-2.5634,-3.2561,-3.2955, 4.4734,-2.9893,-4.8383, 1.2631,-3.4372,-2.5107,-1.0481, 4.7750, 2.4215,-0.2901, 0.4669, 4.3497,-1.4958,-4.5925,-0.6461, 3.4776,-2.5225, 1.7121, 3.2176, 1.0256
-2.7932, 2.1406,-2.2813, 2.2400,-1.3208,-0.9925,-0.7297, 3.3911, 2.2848, 0.4135, 2.8752, 4.0829,-2.3930,-0.9347,-0.1273, 3.4103, 0.5688, 1.4967, 2.6955, 1.9405, 3.7988,-0.6359,-1.8649,-2.9393, 3.9959,-2.5626, 4.3020,-1.4569,-1.6236,-1.4140,-1.9204, 1.6979,-0.4611,-0.3690,-1.8888,-1.6840, 1.0840, 1.3223, 3.1376,-1.8940,-0.3946,-2.7928, 4.0890, 3.4370, 4.9055,-4.3103, 1.5982,-3.8194, 4.6925,-0.1438
 4.2489, 4.7244, 1.7000,-4.0081,-3.5187, 4.1701, 1.8133,-1.7973,-4.3052, 0.9441, 1.1034, 2.2254, 4.7744, 0.7408, 4.9282,-4.2600, 4.4908,-2.0624, 0.5015,-3.6226, 4.3166, 0.5510, 0.8281,-3.3769, 2.5273, 3.8825,-1.1720, 2.2777, 4.6670, 3.3065,-2.0309, 0.6903,-0.5250,-2.9052,-0.4337, 3.8168, 2.1858,-0.6044, 2.7081, 0.7256, 4.4205,-3.6701, 4.2102, 1.4855,-2.9207, 4.4303, 3.9257,-3.5350, 4.1457, 4.0977
-0.9226, 4.8161, 0.1584,-2.3865, 3.7240, 3.1090, 2.2867, 4.7316, 2.4919,-1.1834,-4.2697, 2.2349, 4.6023,-3.9964,-0.2255,-4.6720, 4.1756, 0.7719, 0.6501, 1.9471, 3.0287, 0.4816,-2.2123,-4.9663,-3.1683,-2.8087,-0.2168,-3.0083,-3.0423,-4.1984,-1.7779, 1.6960,-1.8599,-2.1241,-0.2410, 2.6895, 0.7052,-4.2119, 0.6919,-4.6261, 2.0882, 2.9867,-1.0977,-1.8827,-0.0501, 1.8113,-0.9862, 3.0789, 4.1670, 4.1229
 0.7001, 3.6627, 1.5617,-4.8319,-0.1833,-3.6571, 2.5902,-3.8372, 0.1871, 1.5221, 4.8235,-0.5814, 2.4898,-3.6629,-3.4121,-3.9195,-4.4184,-0.1885,-4.3627, 4.1188, 4.0899, 3.4899, 1.3711,-3.2857, 0.6754, 2.0754, 0.9697, 4.8883, 4.1633,-4.3343, 4.7042,-0.6955,-4.1466,-1.6272,-1.6888,-2.0334, 1.0687,-0.5081, 2.0425, 1.2142,-0.2468, 0.1337, 1.1639, 1.6786,-1.5600, 2.0747,-0.6128, 2.7746,-4.9614, 4.4188
-2.6060, 0.7527, 3.7214, 2.3682,-2.4007, 4.0784, 1.0020,-0.0336, 3.5472, 4.6330, 2.7436,-0.2601, 3.4593, 2.6294, 0.1745, 4.0238, 1.7134, 4.4671, 2.4465,-4.4959, 0.8889, 0.7785,-4.4656,-1.0085, 1.2890, 2.1143, 2.2924, 2.3939, 2.9526, 2.4415, 3.5070,-0.3791, 2.8639, 4.8584,-0.1233,-4.9480, 3.1495,-4.3539,-2.6658, 0.4846,-0.4569,-1.3615,-1.2514, 0.1046, 3.6768, 1.9652, 3.9947, 0.0797, 2.6017,-4.5295
 0.4122,-2.3993,-1.7728, 0.8534, 4.9558,-0.7478,-4.1712,-4.4935, 1.1610,-4.6515,-2.5908, 1.2162, 1.9114, 4.9676, 0.2828,-2.3538, 1.3682, 4.7492,-2.0820, 2.4834,-0.9250,-4.8607, 0.0213, 0.7631, 3.5230,-2.0590,-4.6254,-2.1889, 1.2297,-3.6845, 0.6855,-0.4004,-4.2239, 2.5268, 2.1014, 0.0051, 4.8622,-4.9960, 1.4123, 2.3912,-0.2505, 2.4664,-2.0725, 1.9789,-4.2757, 0.7551, 3.1619,-4.5754,-3.5863, 4.3081
 2.9290,-0.2185,-3.0009, 3.5829, 4.3466,-4.1635,-0.2396, 1.5667,-2.8386, 2.6320,-4.7774,-4.1711,-3.1461,-0.9898,-0.4404,-4.9937,-3.8356, 4.4412,-3.7490,-4.5609, 0.0928, 3.4013,-0.7113,-2.9488,-2.6233, 2.4818, 3.4829,-0.3779,-0.9972,-0.2131,-1.1379, 3.9217, 3.3539,-0.3693, 2.1185, 1.9580, 1.5969, 4.2789, 2.1349, 4.3347, 1.6318,-2.9927,-0.8410,-0.1717,-2.1713, 1.4187,-0.1517, 2.1201,-0.8514, 4.2484
-0.0014, 1.2653, 0.3862, 2.8400,-3.4152,-1.8011,-0.0592, 4.4554,-0.5996, 4.9918, 1.4347,-2.5896, 1.5377,-1.4553,-1.6485, 4.5389,-3.4302,-4.8928, 0.4412, 1.7234,-1.1265,-3.1294,-3.8448, 0.6277, 1.8785,-0.6448, 3.1627,-2.7995,-2.0896, 2.1458,-2.2517,-1.0464, 1.8965, 4.2519,-3.4044, 3.5594, 4.2883,-0.5413, 2.2560, 4.4257,-1.7826,-0.1283, 4.4695,-2.3373,-4.0364,-4.6298,-0.1411,-3.1053, 2.3628, 4.2282
 3.6515, 0.1795,-1.8059, 4.7782, 2.3879,-2.2231,-1.4948,-1.9329, 3.3736, 1.0356,-1.3710,-4.3675, 2.8540, 3.5779, 3.5244, 4.7575, 2.2468,-4.7272,-0.2453,-1.0172, 3.8959, 1.3238, 4.6209, 1.6782,-2.3900,-0.4350,-2.1859, 2.9654,-1.2348,-3.9206,-3.8023,-0.9012, 4.9064, 0.0006, 1.4161,-1.1166,-3.5323, 4.2390, 1.5953,-1.5661, 1.7249,-3.8903,-3.9949, 2.6173, 0.1707,-1.6097,-4.7195,-2.1815, 2.8722,-4.5787
 1.9643, 0.4341, 1.6567, 2.5032, 4.0690,-3.1404, 2.3680, 1.9844,-2.2098, 4.7441, 0.7453, 0.1046, 4.2308,-3.7114,-1.6327, 4.0789, 1.5110, 1.0039,-2.0549, 4.1157,-3.8444,-1.9721, 4.9316, 1.8496, 0.0847, 4.3847,-3.0720, 3.5047, 3.1356,-4.3407,-1.7044,-4.0177,-2.6035, 0.8364,-1.5112, 3.2367,-1.0561,-3.4453, 4.6225,-3.7591, 4.3204, 3.3750,-4.9000, 2.9980,-1.3671, 2.9958,-2.5990,-2.0099, 1.6191, 0.1232
 1.8958, 3.8805,-0.5252, 1.5906,-3.7047,-4.1524,-2.6151,-1.7135, 1.9930,-2.3591, 0.7995, 0.2246,-1.6994, 4.5989,-3.1116, 3.3636, 1.1969, 3.4981,-3.9504,-4.1323, 0.7021, 4.9274, 4.5337, 0.8647, 1.9126, 2.6377,-1.6718, 2.9834,-4.4602,-1.3202, 1.4779, 4.2514, 4.4600, 3.7953,-3.8202,-4.4529, 2.1885, 4.5783, 2.3018,-0.8717, 0.1777, 0.0156,-3.5508,-4.1037,-2.9190, 3.2068,-0.8232,-1.3375, 0.2878, 2.7793
 3.3600,-4.1117, 3.1322, 4.2671,-2.5455,-0.5647,-3.4043,-1.0627,-1.5417, 3.3377, 2.4099, 2.2835,-4.5576, 4.0045,-0.6657, 2.1167,-4.0801,-0.4851,-4.2513, 2.6962, 1.1569,-1.2598,-0.9350, 2.3547,-3.9935, 3.4155,-2.9112,-4.4210,-3.3818, 2.6614,-1.6041, 0.6821,-1.1148, 3.0268, 3.7157,-2.9188,-4.0340, 4.4226,-3.1556, 1.6540,-1.2891,-4.1822, 3.8649, 1.2979,-1.6591,-0.3320,-2.6792, 0.2053,-0.3419, 0.6678
 2.7589,-0.4335, 1.9508, 1.7412,-4.5831, 2.2085,-2.3990, 0.5855,-0.8076,-0.4464,-1.8825, 0.2137,-3.1127, 2.5436, 3.3544, 1.2866, 2.0236, 4.0599,-4.5429,-3.3391, 0.1199, 0.0418,-2.0853,-4.7896, 2.6890, 1.3543,-2.0486, 0.8069, 3.7718,-3.3287, 4.3246, 4.5871, 0.7357,-2.7943,-0.8032, 4.6028, 4.0583, 1.5484,-0.1402, 4.1149, 2.9156,-2.5098,-4.0148, 3.3454, 0.6661,-0.4195, 2.0758, 2.4252, 1.5508, 3.0714
-3.0795,-1.2692,-1.1481, 1.5414, 2.4392,-4.8411,-3.6661, 4.7035, 4.2974, 0.8898, 4.6675, 1.7266,-3.1050, 2.1508, 3.5242, 3.7926, 4.3255, 0.1868,-0.5090, 0.2047, 1.5998,-2.5738,-2.9112, 0.9782, 2.2598, 1.9165,-2.0646,-0.4410, 0.7695, 3.1497,-1.5932, 0.3121, 1.6447,-0.0110,-1.4725, 3.6445,-2.9053,-3.2329, 3.3026, 0.2707,-1.1054, 3.8705, 0.8516, 3.8410, 4.4485, 3.7743,-0.3343,-0.2806, 2.2844, 0.2821
 2.3751,-2.8824,-4.5291, 1.1000,-2.5157,-0.1985, 1.5892, 1.0671, 1.9541,-2.0750,-4.7026, 3.6745,-0.5674, 1.8954,-3.4970, 3.7434,-2.1835,-0.0868,-0.1936,-3.8947,-4.2242,-2.1841,-3.0732,-4.1560, 4.5807,-0.0492, 1.9593,-2.4900, 2.6163, 0.0336,-1.5468,-3.7583,-1.9981,-4.4662,-4.6040,-3.0330,-1.5924,-4.6056, 4.9144, 0.8596,-3.2951, 1.5086, 2.2308, 0.3861,-0.4360, 0.3096, 3.8555, 1.6448, 4.1942,-2.0071
-1.5038,-2.2889,-0.5564,-3.4309, 0.4406, 2.4391,-3.0508,-2.6577,-0.1142,-4.1348, 2.5445,-1.6446, 2.0781,-4.6437, 0.9692,-3.9123, 3.2221,-2.2037,-1.4581,-0.4371, 1.9027, 4.7920, 3.0907,-3.7987,-4.2793,-3.6113,-2.4392, 4.1367,-0.6323, 2.3706, 3.1943, 1.5300, 0.3676,-0.6639, 1.1632,-2.7660, 3.4659,-2.6366,-1.4748, 2.9294,-1.2276,-0.7045, 2.9909, 4.1184,-0.7454,-0.1072,-1.2067, 4.1256,-1.6526,-4.7147
-1.6396,-3.9571, 4.8096, 1.4814,-0.0859,-2.9158,-3.7102, 3.2236, 1.9722, 1.6668,-1.6764, 1.1427, 4.4359, 3.5550, 1.8607, 3.6075,-0.3817,-0.7292,-4.5836, 2.6917, 1.7237,-4.2804,-2.8334,-4.7780, 2.7393, 4.8197,-3.7812,-4.9840, 3.6236,-2.4319,-0.1734,-0.6769,-1.7572, 4.4266,-1.6669,-0.8892,-2.6162,-3.2645,-2.1544, 2.3775,-4.3730, 0.1335, 3.5423, 2.5698, 2.4937, 0.5303,-4.2902, 0.1861,-0.2939,-3.7972
 3.1835, 2.4128, 1.9462,-3.1212, 3.3919,-4.7207, 1.3339, 0.4317,-3.3888,-2.4780, 0.6243, 0.1996,-4.1967, 0.5100,-2.8252,-2.6794,-0.2902,-2.4876, 4.5441,-3.7574, 2.0923, 0.0164, 0.3218, 2.2203, 3.9271, 1.3848, 4.4605,-0.4075,-4.3501,-0.3061,-4.3658, 1.9545, 0.0421, 4.3718, 4.8535, 2.2156, 2.6893,-3.5078, 1.9727, 3.9842,-3.2897, 4.1727,-3.8451,-0.2428, 1.8098, 4.3370,-2.0644, 1.1277,-4.4493, 0.7567
-2.8280,-2.0184, 4.6182, 4.1756,-2.6089, 0.4981,-0.1869,-3.3890, 0.6328,-1.1202, 3.0644,-2.5443,-4.6748, 4.4280,-3.8501,-0.5854, 3.3673, 3.5469, 3.6676, 2.6485, 0.8572,-1.1381,-3.2681, 4.2842, 4.6978, 2.3412, 2.1532,-1.1159,-4.8830, 1.2199, 1.3722,-1.0229, 1.3321, 0.3919,-4.2576,-3.2847, 0.4871,-0.1433,-3.1885, 4.2748, 2.4414,-3.2524, 4.6312,-4.2268,-3.5268,-2.3381, 2.3513,-4.8572, 3.7454, 1.2684
 0.9605,-3.7277, 2.2924,-0.0923,-1.5179,-1.8038,-1.4023,-4.6408, 4.5334,-3.4770,-3.1953, 3.0123,-2.8992,-3.1299, 1.3567,-1.3382,-0.0229,-1.8470,-1.0692, 3.3833,-1.4169,-3.8497,-2.9703, 1.2747, 3.4621,-1.9739,-4.9984, 4.7342,-4.5722,-2.6258, 2.7553, 3.8975,-4.6873, 4.3833,-0.3109,-3.1210,-0.4673,-4.3195,-1.0571, 1.4070, 1.9591, 2.2123,-4.9519, 4.9751, 0.4927,-0.2031, 1.3137,-0.6936, 0.9301, 1.6596
 1.6242,-1.1544, 0.0809,-3.9309, 4.3732,-4.2502, 4.1369,-0.0578,-3.2049,-4.7356, 4.4348,-4.3406,-4.0216,-2.6270,-4.0383, 1.6423,-1.6541,-2.7337,-1.2505, 2.6215,-0.2599, 3.8871,-4.1977, 3.9432, 3.5201,-1.4594, 3.0192,-1.4985, 2.3039, 4.8093, 1.2954, 0.5280, 2.7635,-3.5497, 2.4098,-2.0299, 3.9042, 3.7740,-3.1420, 3.8702,-1.0313,-0.5852, 4.3222,-4.8723,-4.3129, 2.8883, 4.1276,-4.3511,-0.5926, 0.9392
-1.0442,-1.4192, 4.0035,-3.7559, 0.6067, 4.6582, 0.9487, 2.5880, 1.9981,-1.4589, 0.2296, 0.8887,-2.0707,-2.0074,-0.6068, 3.5283,-2.6323,-3.8396, 2.1347, 0.1255, 0.4781,-1.5813, 1.5479, 0.4318,-1.3693, 3.0961, 1.9139,-2.9040,-0.2953,-2.5202, 2.6381, 1.1882, 0.8787, 0.0789,-0.1163,-0.4395,-3.5107,-1.0978,-3.6317,-2.2008,-2.9940,-3.6163, 0.3356,-3.3496,-2.7575,-2.8601,-0.8748,-2.9136, 0.0423, 2.0258
-2.0420,-2.0626,-0.4954, 2.7630,-3.2218,-1.6117,-0.8777, 2.0340, 4.3916,-1.6536, 3.9179,-1.7705,-1.0379, 3.8582,-2.8391, 0.6355,-1.6814, 0.4216,-3.2036, 0.7791,-4.5833,-4.2336,-4.6510, 0.7634,-0.4057, 2.7319, 2.8757, 0.8606, 1.0537,-1.7225,-0.3177,-2.0194,-4.2546,-2.5694,-1.0835, 3.3873,-2.7112, 4.8650, 3.2543, 1.3840,-2.0409, 0.2721,-3.3568,-0.7693, 1.6529, 2.9421,-3.8886, 1.4327, 2.7436, 3.5347
 0.2915, 1.4540, 2.5513,-3.3158, 0.5969,-2.7979, 0.9076,-4.1681, 0.0973, 4.7701,-2.2548, 0.9838, 3.2284,-3.3715,-1.3392,-1.8841, 0.9982,-1.3735, 1.4379,-2.1366, 3.1699, 4.1802, 0.0538,-4.1870,-4.8229, 3.5552, 2.9629,-4.4470,-0.6198,-0.6616, 3.3128,-1.4593,-0.1507,-2.9069, 4.1261,-0.1580,-0.4859, 4.8057, 1.1377, 0.7920, 3.4028, 3.7081,-0.7145, 2.9407,-1.3217, 0.0630,-4.5809,-3.5394,-1.6677,-3.4054
 0.9408,-1.5388,-4.1679, 4.0236,-4.9405,-2.7385, 3.1668, 0.6609, 2.7425,-1.5314,-4.8809, 1.3253,-4.9742,-3.1257,-3.8139,-4.4488, 4.7925,-4.3633,-0.8796, 1.0973, 3.1369,-4.8891, 4.6757,-0.3749, 1.8934, 2.2955,-4.3184,-2.7940, 0.6996, 3.5406, 0.9084,-0.2868, 2.8213, 2.4140,-4.9318,-2.4570,-4.4651, 1.9439,-2.8106,-3.6420, 2.2712,-1.6542,-0.0299,-4.1577, 3.9793, 3.1348,-1.9068,-3.2883, 2.9645,-2.7887
-4.1951,-3.6299, 4.7099,-3.2829, 4.4638, 4.4782,-2.6795, 0.7116, 2.9630,-4.5953, 1.7548,-0.0383, 2.9767,-3.5841, 2.1157, 2.5991, 3.3438,-4.5981, 1.5631, 2.3332, 3.9876,-3.8931, 3.1748, 3.4851, 4.6656,-0.8652, 2.3424,-4.7380,-3.1166, 3.4008,-0.2273, 4.0494, 4.3150,-3.7946, 2.6803,-0.4900,-4.3598, 4.6401,-4.4271, 2.8440, 1.2437,-0.3849, 1.0917,-2.7489, 1.6869,-0.2526, 4.3078, 0.2229,-3.5222, 3.5385
-0.1875,-1.9780,-1.0809, 4.6267,-4.7738, 0.8912,-0.6221, 0.5078, 2.4416, 4.0060,-4.6575, 2.2902, 0.5345,-1.2265,-0.8183, 1.6494, 4.7414, 2.4488,-2.9750,-0.7364, 1.1936,-1.0682, 3.0803,-0.5098,-1.2576,-1.0269, 1.3703, 3.4674,-0.3023, 3.6609, 1.8706,-2.4501, 2.4805, 1.6262,-4.2536, 4.0427,-2.0455,-4.1905,-4.3819, 4.7897,-0.8496,-2.2831,-3.5134, 0.6976,-3.0389, 3.4121,-0.1748,-0.1425, 4.4388, 3.4993
-0.5357,-0.6475, 1.3316,-2.7935,-3.8839, 3.3943, 2.5412,-0.7409, 2.9332, 4.7525,-2.6027,-0.4259, 2.5129, 3.1524, 3.9073,-3.9097, 0.3206, 3.0608,-4.8704, 1.3809,-4.2849,-0.1601,-2.6320,-2.8088,-1.7026, 0.0503,-1.8182,-0.5042,-1.6295, 3.2833,-4.1769,-2.5112, 1.3333,-0.6971,-1.0587,-4.0202, 0.8750, 4.2820,-4.4077,-2.5842,-1.5197, 2.0965,-0.2704,-2.2501,-4.4076, 2.7116, 3.2369, 3.7234, 1.7956,-1.6450
-1.8880,-3.0095, 4.2520, 1.8551,-1.7214, 1.9256,-1.2461, 3.3751,-2.8163, 2.9461, 1.0239,-2.3346,-0.9956,-2.1331,-4.6688,-1.9177, 4.2972, 4.1838,-3.3496,-2.9850, 1.1271,-1.9172,-1.8944,-1.7121,-2.9679,-1.8320,-4.1861,-1.4589, 4.1657, 2.5620,-1.1806,-1.6019,-0.9611, 0.5722,-3.4856, 4.6244,-3.2553,-3.6443, 3.9282,-1.5422,-0.6395,-1.4756, 4.9099,-0.9415,-2.8152,-4.1369,-3.6034, 2.4850, 1.8551,-1.3563
-2.9053, 3.5947,-0.6773,-0.8501,-1.2456,-3.2099, 1.3631,-1.2399,-4.3307, 0.0829,-1.2703, 1.2276, 0.4000,-2.4012, 0.8987,-2.7783,-3.6213, 2.8688,-1.2805,-0.6253,-0.1376,-1.0339, 0.5552, 3.2454,-0.6631, 2.5932, 4.2398, 1.8664,-1.3015, 0.1698,-2.6223,-3.6298, 3.1304,-3.4867, 2.4726, 2.9344, 1.6193, 3.4509,-1.8762, 3.6640, 4.0318, 4.4479, 0.2504,-3.7148, 4.6070,-1.7052,-0.3870,-2.4788, 1.6945,-4.0036
 4.3214,-4.0456,-2.1169,-1.0871,-2.5360,-0.1215, 4.7138,-4.6923,-3.5747,-3.8191,-0.4756, 2.6630,-0.9959, 3.7525, 1.4643,-1.7845,-4.9655,-3.1024,-1.3521, 0.7777, 4.0314, 1.7304, 3.5753, 4.5867,-0.3436, 4.0576, 4.2204, 2.3257,-1.9116, 4.4926, 2.7639, 1.9112,-4.9940, 3.8708,-0.5730, 2.2171,-4.0824,-1.7006,-4.3774,-3.4490, 3.5455,-3.0784,-4.7012,-1.8792,-0.0727,-0.9755,-0.8065, 2.8593,-0.6782, 4.3675
 2.1100, 4.0778,-2.8289, 0.5809,-2.3909, 1.0241, 3.5182, 2.3056,-4.0628,-4.1231, 0.4346,-0.4192, 1.5721,-2.1734, 2.4785,-3.4875,-3.2781,-0.1568,-2.2162,-0.8105,-4.6708, 4.8019,-0.7769,-0.6980, 4.1167, 0.7806, 3.5027, 2.5555, 0.4644, 1.2786, 0.6261, 3.2694,-4.6720, 1.8414, 3.8411,-0.1205, 1.5243,-1.1497,-4.0923,-1.1800, 0.0370,-4.5749,-3.6677,-2.5733, 4.4214, 0.7581,-2.6145,-1.3597, 4.1704, 2.2502
 4.8348,-3.1000, 3.9644, 2.0205, 0.5799,-1.5434,-2.4374,-4.3013,-1.0311, 2.5026, 3.0871, 0.5925, 4.2972, 0.8104, 4.4459, 2.3544, 1.1096,-0.2308,-2.1267,-4.5843,-4.1408, 3.5456, 0.7212,-3.5198, 2.5822, 3.5236, 2.3616, 0.4374, 3.3538, 0.0781,-0.0721,-4.4313,-3.1544, 4.1532, 0.9904,-2.5786,-0.2548, 3.5287,-3.0847, 1.4454, 3.7284, 2.3139,-3.3574, 2.4645,-0.8633,-2.2017,-2.7559, 1.9598, 4.5799, 1.1102
-3.5725,-4.4655, 2.0606, 0.0104, 1.1928,-3.0034,-1.4804, 2.9842,-4.2149,-4.5200,-2.6628,-2.3242,-4.6464,-1.2378, 0.9197, 2.0975,-1.1495,-3.0430,-4.1691,-2.2579,-2.8885,-2.4907, 4.4282,-1.5725,-1.8189, 4.3617,-1.8175,-2.5147,-1.4770, 4.5554,-4.7411,-1.9682,-2.0461,-2.6096, 2.8557, 0.7476,-2.4142,-4.1717, 4.0559,-3.3334, 0.5309,-0.8040,-0.4015,-2.2782,-4.9260,-3.0776, 3.4804, 1.3575,-4.3433,-4.7870
-4.9832, 4.2571,-4.4361, 0.3816,-2.9902, 1.7727, 3.2115,-1.2580, 0.8418,-2.8122,-3.6068,-0.0849, 1.3396, 4.7918,-0.1016, 2.5007, 3.7914,-3.2580, 3.4956,-4.8295,-1.6274, 4.3027,-0.9748, 1.8078, 3.1269, 0.1926,-2.0582, 2.5461, 0.9381, 0.8958, 4.5451,-0.6675,-4.4760,-2.3773,-4.6249,-3.8918, 4.7279,-0.1282, 0.7928,-4.8724, 4.2003,-0.1516,-1.2726, 4.3289,-3.5959,-0.1063,-0.5303, 4.6734, 3.9728, 1.8840
-0.8159, 2.5828, 4.7062,-4.9069,-0.0679, 2.7161, 4.7681,-1.3362,-0.3396, 1.3763, 1.3983, 2.1676, 0.7629,-4.8887,-0.2471,-4.2486,-0.1239, 1.7360, 2.4576, 3.9219,-0.4718,-4.7570,-3.0514, 3.9370,-2.6742, 3.9923,-4.1777,-2.1683,-4.6256,-2.3792, 4.5569,-3.1249, 0.6620,-3.2959, 2.9796,-3.2446, 0.6364, 1.8645, 0.9403, 1.6685,-4.7778, 4.9530,-1.6377,-3.8480, 2.5243, 2.4835, 4.3041, 0.0139, 0.5004, 3.8491
 0.1495, 4.0447,-3.9410, 2.4908,-2.3609,-3.2625,-0.0694, 1.6168,-0.8016,-1.8954, 2.3272,-3.5466, 4.8265,-1.4518,-2.7324, 3.3844,-1.8046,-0.1991,-1.2690, 3.8323,-1.9662, 0.6054,-3.9788, 3.4608, 4.9587,-0.6203,-3.3445,-4.8408, 1.0711,-0.0923, 4.3237,-3.9808,-3.1360,-3.1637,-3.2799,-0.6165, 3.0153, 4.2977, 2.6360, 2.2644,-2.2531,-4.8958, 0.2040,-3.2464, 1.2106, 0.1830,-4.3107,-4.1989,-3.0700,-2.7471
 1.3522, 3.5178,-1.9113, 1.6696,-3.1389, 2.1385,-3.6181,-0.6774, 0.0077,-3.4938, 3.7031,-0.8779,-4.5995, 2.7293, 3.8305,-4.7426,-4.3449,-1.6527,-1.9986, 2.2965,-1.9710,-3.7061,-3.7595, 0.1076,-1.0423, 0.0990, 2.4983, 0.5036,-0.5790, 1.9177,-1.8245, 0.9921, 2.4241, 3.0767, 3.1939, 1.6372, 1.7457, 0.5141, 2.8833,-3.8077, 3.3418,-3.4216,-3.6457,-1.6492, 2.7277, 0.9198, 2.4484,-3.9595,-2.1345, 3.5595
 0.6488, 4.8878,-1.0012,-3.6279, 0.6670, 4.2197, 0.6126, 0.4672, 0.9787, 3.5822, 2.0839, 1.1406, 3.8875, 4.6386,-4.7654, 0.2682, 0.4130,-1.9074, 3.8645,-2.1495,-2.4949,-4.4965,-1.6260, 4.0316, 3.1184,-2.1128, 2.1207,-2.8949, 2.2889,-1.4023,-1.3656,-2.9227,-2.9039,-2.6894, 1.3144,-1.3542,-0.7036,-2.0104,-2.9010, 1.5135,-1.0335,-1.6089, 0.2285, 3.2765, 0.2389,-1.6550, 1.9798, 4.8352,-2.3083, 2.3292
-2.9174, 2.8681, 1.0194, 4.6444, 3.0351, 0.7050, 2.8014,-2.6792,-4.1578,-0.1736,-1.9880, 4.9798,-0.4693,-1.9207,-4.3199,-1.0505, 0.3704, 0.7631,-1.8097, 3.6744, 4.6575,-0.7978, 0.8097,-4.2051,-3.5504, 4.0344,-2.3522, 0.4862,-3.7082, 1.6453,-3.5910,-1.2130,-4.1211,-4.5325,-1.9484, 4.4688,-4.7333,-3.3042,-0.7788,-3.1899, 1.3903, 0.5042,-1.7655,-2.9136,-3.9347,-1.5992, 0.2517,-4.1779, 1.8921, 4.5127
-0.9390,-4.1163, 4.1366, 0.8023,-4.9908,-1.8665, 2.8299, 0.9873,-0.9470,-1.1739,-0.6685,-3.4072,-0.3409,-4.0809,-0.2781, 1.4435,-1.6210,-0.4883,-0.2468, 0.9586,-2.8662,-3.4295, 1.9702,-0.5617,-4.1480,-1.1553, 3.8600,-3.0786,-1.2769,-2.9173, 0.5666,-3.1677, 4.5678,-0.9989,-0.5474, 0.1942, 4.1691, 4.3047,-1.3800, 0.0506, 1.7986,-4.9843,-4.3220,-3.1499,-2.7973, 3.1424, 3.6351,-3.8533, 0.2508, 0.9963
-0.7050,-3.3237,-4.6483, 2.5880,-2.8731, 2.2390, 0.7364, 3.7006,-0.5616,-3.7869,-3.7351, 4.7975, 2.9793,-1.1525, 4.1019, 4.6255, 3.6887, 2.5557,-1.0818,-2.1109, 2.8416,-0.1367, 0.7146,-2.8123, 2.5163, 1.8626, 0.2207, 3.4950,-3.7523, 0.9396, 3.3976, 1.2308,-1.2170,-1.5112, 2.5566, 1.7451, 2.7934, 4.5096, 1.9540, 1.5802,-2.4415, 1.8584, 4.7454, 2.7186, 2.3330, 3.9113,-0.6484,-4.9840, 4.4800, 3.4900
-3.2564,-4.2649, 2.9148,-1.5474, 0.7829,-0.9291, 4.8427, 1.3178,-4.5311, 3.3507,-1.0164,-2.9520,-3.4977, 3.3152,-0.5212,-3.0231, 3.7048, 1.9233,-2.2324, 4.2432,-3.0076, 1.5396,-1.4942,-1.1167, 0.3817, 1.8153, 2.0396, 1.4425,-1.2960, 4.0398,-1.7999,-2.6376, 4.7707,-4.1936,-1.2338, 4.0343, 4.3077, 1.1421, 3.4281, 2.3480, 0.9002, 3.2038, 1.3892, 1.1689,-0.5906,-3.8159, 2.4471,-0.1071, 4.8227,-2.3873
 0.4232, 2.3912,-2.8644,-3.6080,-3.9347,-3.6555,-3.5271, 1.3937,-0.5570, 4.0953, 1.5972,-0.4084,-2.7772, 3.6993,-2.0726,-2.9115,-3.5422,-2.0644, 0.8142,-1.6250,-2.9879, 1.4266,-2.2475, 4.3083,-1.1619,-4.5344,-4.0414,-0.1740, 3.5956,-0.4578,-0.9923, 2.5351,-0.0559,-2.4578,-3.5818, 4.9664,-0.1060,-3.4399, 2.9223, 2.3034, 0.7305,-0.9461, 1.1158, 0.0207,-1.7895,-2.4435, 1.3375,-1.1850,-2.3809,-4.2163
-3.9005, 4.4034,-2.6307, 0.7180,-0.8407, 4.0262,-2.3739, 3.3178,-3.6943,-2.1547, 3.3394, 0.1083,-0.8482,-3.6922, 0.5826,-0.2661,-3.0860,-0.2591, 0.7799,-2.8527,-4.1742,-3.0224,-1.2720,-0.4386, 4.1414, 4.9795, 0.1052, 4.5012, 3.9936, 4.1518,-4.3015, 3.0463,-4.1963,-3.5934, 1.9085,-4.5191, 2.6203, 1.4715,-4.0435, 4.4507,-2.4124, 0.3055,-2.8378, 0.4519, 2.3269,-3.8809, 4.6784,-0.4390,-3.2767, 3.9923
 4.3420, 4.0542, 1.3341, 1.0883, 4.3032, 4.3633, 4.1247, 2.8344,-3.2186,-4.2744, 3.3025, 0.3400,-3.0023,-3.7200,-3.2854, 4.4141, 0.2490, 2.0726, 2.0042,-2.2543, 0.5619,-2.1911,-2.1335, 2.1251,-4.4942, 0.7220,-1.6214, 0.1290,-0.1334,-4.9464,-1.6196, 3.6387, 2.9782, 0.3541,-4.9056,-4.2105, 2.5985, 0.5838,-2.4716,-0.0066, 4.8822,-1.0121,-2.2494,-3.7330, 0.8069,-1.2271,-4.8662, 4.4690, 0.7930,-3.8191
 4.5752, 1.8644,-0.6857,-1.9974, 1.2351,-4.1357,-3.7197, 3.3718,-3.7532, 2.8527,-1.2572, 1.7525,-2.3807, 1.1798,-2.9631, 1.3570,-3.0713, 0.8734, 1.8705, 0.6952,-3.9275,-1.6648,-4.6095, 0.0583, 3.2895,-3.6200, 1.9840, 1.1414, 0.1026, 2.6391,-3.9577, 2.1956,-0.0878,-1.9858, 0.4589, 2.6865, 4.6326, 0.8703, 1.4427, 3.2935,-0.0942, 4.9788, 3.1632,-1.1798, 1.8699, 1.0623,-4.5167, 4.1928,-2.5838, 4.7200
-3.6306,-4.0724, 0.7438,-3.5442, 1.6128,-0.4033, 3.0663,-1.6650, 0.2492, 0.6609, 0.0965, 0.3249, 2.9635, 0.8029,-1.0362, 2.3974, 1.3066,-3.1592,-4.1958,-2.8557, 4.7109,-2.4726, 2.9838,-1.1661,-4.0830,-0.5488, 1.6048,-0.2329, 2.5445, 4.4332, 1.4747, 4.7102,-3.1577, 4.2417,-4.0679, 1.7876,-3.7089,-0.3401,-2.7073,-4.2223, 4.2988,-3.3397,-1.9544,-0.4732,-1.9370,-4.1776,-0.4502, 1.2935,-0.3626,-1.9171
 1.9756, 3.3712, 0.5102, 1.4370,-0.7961,-4.2041,-1.1237, 0.1751,-1.3718,-4.0910,-0.4439, 1.7214,-1.8970, 0.3421,-1.8544,-4.1816,-0.9569, 4.4812,-4.5404,-1.6381,-1.4902,-1.4738,-2.9778, 2.4873,-0.4553, 2.6368,-0.7133,-4.0078,-0.7737,-0.2789,-3.4681, 1.8512,-0.4200, 4.6094, 0.3063,-2.3882, 0.5221, 1.6285,-1.0143, 3.8806, 2.1303,-4.4219,-4.1614, 3.9292,-0.3170,-4.4072, 3.4544, 3.0133, 1.1644, 3.3552
-2.1449, 0.6174, 0.7058,-2.0127,-0.3007,-4.4544,-3.5981,-4.8453, 4.8201,-0.9818, 4.9139,-4.0173, 1.6244, 2.5913, 4.1112,-1.0008,-4.1130,-2.9835, 1.4195,-4.1211,-1.6062,-1.8670,-4.5514, 3.0473, 1.2134, 0.9251, 3.4241,-1.1226,-3.9633, 0.9205,-2.9359, 1.3266, 2.0788, 4.0909, 0.9599,-0.8315, 4.0677,-3.3440,-0.6796, 2.9872, 2.3776,-1.4093,-1.8570,-3.9048, 2.9854, 3.5865,-4.0286,-0.8998,-4.4727, 0.9850
-1.0443, 0.7613, 3.4763,-1.0324,-2.8096, 0.9490,-1.8994, 2.6826, 3.8188,-0.7370,-3.0991,-1.1509,-2.2222,-3.9617,-2.2120, 2.9831,-2.2748, 3.4904, 2.7466,-3.8132, 2.0763,-3.5234, 3.9186, 1.3883,-0.1935,-3.1867, 1.9960,-2.2502, 1.0904,-0.5415,-0.5207, 0.8702,-0.2345, 0.6535,-3.4494, 0.5839, 2.5400, 2.5590, 0.8359,-4.8281, 4.9442,-2.6792, 1.5309,-4.7244, 2.9556,-0.0480, 4.8792, 3.8626,-1.4075, 4.4264
