 3.9195, 0.9027, 0.6939, 1.3860, 2.5129, 4.2975,-2.3009,-2.9685, 1.7661, 4.4705, 3.5303,-2.6929,-0.3569, 2.3840,-2.6099,-0.3559, 1.7558, 0.1382, 1.1084, 2.6180,-2.8042, 0.5245, 1.0431,-2.4168, 0.0220, 1.0795,-3.1385, 0.2178,-0.9869, 1.7337,-0.6927, 1.9400, 3.7337,-1.7839,-2.6645,-0.3080,-0.2436,-1.7718, 4.7304, 0.3787,-3.9249,-1.7634,-4.1132,-1.4035, 2.6490, 3.9133, 3.4476,-4.8636,-0.5732,-3.6607
 2.8170, 1.7744,-4.7881, 4.6814, 1.8252, 0.2169, 4.7426,-2.4831,-1.8609,-3.5635,-0.3935,-1.5140,-2.7835,-3.5036,-3.7078,-3.8899,-3.8639, 2.7798, 3.3101,-4.5017, 2.4031, 3.7412,-2.0134,-4.1252,-1.3981, 3.0258,-2.1703,-3.5744,-0.6010,-2.7438,-3.2709, 2.3001, 2.7535, 4.3441, 1.1907,-4.6935, 3.1636, 1.4570, 4.1387,-4.6625, 0.6320,-3.2157, 3.5898,-1.7207,-0.9075, 2.9205,-4.4524,-2.7681,-4.2956, 1.0852
-1.3053, 1.4797, 0.0197,-0.5043, 1.2207, 3.0060,-1.9333,-0.3267, 3.3402,-1.4688,-1.9792, 2.0775, 4.6726, 0.4177, 4.9990,-1.7063, 3.3526,-0.3002, 3.8688,-0.2680, 2.4964,-0.9271, 3.4753,-2.8710, 2.6211,-1.9771,-2.7203,-4.3845,-0.5320,-0.3999,-1.0251, 2.9688,-0.7183,-0.4365,-3.1002, 2.2568, 3.7054, 2.1025,-1.4247,-1.6810, 1.3462,-2.1268, 3.7477, 0.5242, 1.4479, 4.1949,-3.5034,-3.1351, 1.8101, 0.9728
-0.0409, 3.5196, 0.6217, 4.2044,-4.7800,-2.9700, 2.0967, 4.0228,-1.9229,-4.5350, 0.5602, 2.8054, 3.5131, 1.0425, 4.2183, 3.6705, 0.4222,-1.1871, 0.7871, 2.1598,-1.6466, 0.6449,-2.9702, 1.9832, 3.7630, 0.0635, 4.2408,-3.8546, 1.0091, 4.2697,-0.9047, 3.3896,-0.7616, 2.2611,-2.7838, 4.2504, 3.5567,-0.3011, 3.0403,-2.3676, 1.5357,-2.5839, 0.5311, 2.3955, 0.3032,-2.1553,-2.6497,-2.4162,-4.3119, 1.4997
-3.0918,-2.3259, 2.0810, 0.8413,-1.8334, 3.4217, 0.7838,-4.3987, 3.4897, 4.3931,-1.5254,-0.1990,-1.1451,-2.5032, 0.8650, 4.7881, 1.9514,-2.0543, 3.3784,-3.9936, 2.0894,-2.2200, 2.4915,-3.0343,-4.8527,-3.7009, 4.9538,-1.7170, 3.2079, 0.8545,-2.7993,-1.8467,-3.7575, 4.8510, 2.4096,-4.7459,-1.1378,-0.5015, 3.0764,-1.7098,-2.6168,-0.2940,-2.5402,-4.6590, 4.8695,-1.4526,-4.6606, 1.9209, 0.9026, 0.9847
-4.4573, 3.2397, 0.7303,-2.6020,-3.4050,-2.4431, 0.5712,-2.6787, 2.7224,-3.0780, 2.2015, 0.0170, 1.6133, 0.4775, 3.6006,-1.1372,-1.9545,-4.9177, 3.9066, 1.0469,-3.3118, 4.1600,-4.0198,-1.2047,-0.1498, 3.9957, 3.3830, 1.3849,-4.1173, 1.6396,-1.2031,-0.7595, 4.7074,-3.1545,-0.4054, 3.2679,-2.8411,-0.5765,-4.6229,-2.9960,-3.6599,-0.8210, 2.1885,-1.8421,-1.8180,-2.3373,-2.5550,-4.8030, 4.7836, 3.9662
-2.2715, 1.6737,-4.1768, 4.9409, 3.0020, 2.3096, 0.0101, 4.4000, 1.1252, 3.2258, 2.3196, 3.8868,-0.4288,-0.7590, 2.1488,-1.7102, 1.4288,-1.3641,-4.4226, 3.3918,-2.1685,-4.2108,-0.6660,-4.1883, 1.2575, 4.0322,-2.8499,-2.5910, 2.0810,-1.2434,-1.5228,-1.3318, 4.7637, 3.8320,-0.7448,-2.9248, 2.6030, 4.7159, 3.4203,-0.7815,-0.7751,-4.9879, 0.9383, 1.8424,-4.7307, 2.8050,-3.1946,-4.5836, 2.8108, 3.0701
 3.7042,-2.6648, 4.6047, 3.1304,-2.6782,-4.6937,-3.0203,-4.9217,-4.3007, 1.4050, 4.2047, 1.9193,-1.2517,-0.6220, 4.8940,-4.5660, 1.9329,-1.1711, 4.2624,-2.6775, 4.9742,-0.0257,-0.3895,-0.2773, 3.6693, 1.0925, 4.1322,-0.5112,-1.7236,-3.8094, 0.1624, 4.6687, 3.3986,-3.6000, 0.7694,-4.4947,-2.1117,-2.8675,-2.3586,-2.1374, 2.9412, 1.5790, 0.0861,-4.0833, 0.8237, 3.9293,-3.5155,-3.3222, 1.8747,-4.8168
-1.3941, 4.7574,-3.7183,-0.0648, 3.0529,-4.6674, 2.0989, 2.1344,-3.2162,-4.6257,-2.8613, 4.3386, 3.8640, 4.6588, 2.1908, 0.7580, 2.2314,-0.7747,-4.5456,-4.0813,-2.3172,-4.9765, 1.9234,-2.0909,-4.7555, 1.0490,-0.4585, 4.4319,-1.6098, 2.1707, 2.8734,-1.4920,-1.3936, 3.1397, 2.4908, 0.0558, 2.9016,-3.9748, 4.2478, 3.0402, 3.6678,-3.6148, 0.6127,-1.3042, 1.0198, 1.6497, 3.6652,-2.6473, 2.4245, 0.4501
-2.8965, 1.3820, 3.8671, 3.6638,-2.3590,-3.3516, 0.2397, 1.0426, 2.5352, 3.8764, 2.0336,-4.5324,-1.1778, 0.1255,-1.2462, 0.8308, 4.0803, 2.2020, 1.9111,-0.0919, 2.6517,-2.0122, 1.4358, 0.2608, 3.7759,-4.9384, 0.0239,-1.9688, 4.6400, 2.7325, 2.4457,-3.3791, 0.1062,-3.7015,-4.6284, 2.5706, 4.6935,-4.2612,-3.4503, 0.9437, 1.7250, 0.1853, 1.2170, 4.2410, 2.0915,-3.2335, 3.1695, 3.6801,-2.4859,-4.1618
 2.2542, 2.8328, 3.2152, 3.5908, 4.9336, 4.8146,-3.9323, 3.1210, 1.1613,-0.5636,-4.1500, 2.4419,-4.0628, 3.3524, 3.7901, 0.1318,-0.4648, 1.6891,-1.8015,-4.5477, 4.6281,-4.9632,-4.7437,-4.9053, 1.0636, 2.0988, 0.9340,-1.3116,-0.5560, 0.4912,-2.2523, 3.2201, 3.7729, 1.9594, 4.0773, 4.9956, 1.2166,-0.8873,-4.0840, 4.0339, 0.2385,-1.1182,-2.6717,-1.7547, 4.5580, 2.5197, 4.4523, 1.1981, 3.3756, 2.6303
 0.6169, 1.2036,-1.9493, 2.8005, 0.1901,-0.4780,-4.0426,-3.5086,-1.2454,-4.1688, 0.2645,-2.5998, 3.5405,-2.4471, 0.7236,-1.7573, 4.4956,-2.7466, 2.3431, 4.1087, 4.7977, 1.9697,-2.2600,-2.6390,-1.2721,-3.4839,-2.3814,-2.0623,-4.2723, 3.9661,-1.1969, 3.0105,-0.0534, 0.7777,-1.2116,-2.1724, 4.4223, 0.5632, 0.2606,-4.0131, 2.6094,-0.0400, 1.9893,-3.2324,-1.6219, 1.4704,-1.7096, 4.9344, 2.9194, 0.4152
-3.8183,-1.5487,-4.9719,-0.5971, 4.8030,-4.2983,-1.3967,-2.8718, 0.9457,-0.1144,-0.3098,-2.9159,-4.9831, 4.9009,-4.2095, 2.4255, 1.0784, 4.5700, 4.1820, 1.6652,-1.7579, 1.6602, 4.6313, 1.3086, 1.6587, 3.8150, 0.8074,-4.6320, 0.7052, 1.6237,-4.9963, 3.5050, 1.6500, 2.2335, 0.7165,-4.2898, 4.3983,-0.3274,-3.0133, 2.3014,-0.3161, 3.1795,-4.5816, 3.4018,-4.0410,-1.7832, 2.3371,-2.5442, 4.7423,-1.3882
-3.6653, 4.0315, 1.0031, 1.4051,-4.1484, 4.4145,-1.8828, 3.2238,-1.5907,-1.6897, 2.2987,-2.8855, 0.2499, 4.0986,-2.6318, 3.4659,-2.1957, 1.3562, 1.6301, 1.1774,-0.6999, 4.1169, 0.0464,-2.6577, 1.5611,-4.6587,-4.4992, 1.6112,-3.7501,-4.0654,-0.5128,-1.0807, 3.4028, 2.0447,-4.8624, 4.1324,-1.2711,-0.8134,-4.4061,-4.3883,-2.8881,-1.4287, 1.0389,-3.9985,-2.3768, 1.8195,-4.4317,-0.3201, 4.8668,-3.3900
-4.0968, 2.3733, 3.5292,-3.5690,-2.0052,-3.5086,-4.0012, 3.3319, 3.3909,-4.5929,-0.8856, 1.5587, 0.4044, 4.9659,-3.3782, 2.7069, 1.5406, 4.6492,-3.9301,-4.9225, 0.8877,-0.0259, 0.2015, 1.5747, 1.0171, 3.5502,-2.0082, 0.8214,-2.5429,-0.4572, 4.5524,-1.6364,-2.2136,-4.2410,-3.7861, 1.4056,-0.6868,-2.7521,-0.2672,-4.4279,-0.7181, 4.8982, 0.1817, 4.9391,-0.2732, 2.3923,-3.6105, 1.2532,-3.0293, 4.2045
-0.4485, 0.6688,-0.6152, 3.4676,-2.8104,-1.4497, 1.4775, 4.3499,-0.4645, 1.7597, 0.9311,-2.2949,-4.6036,-1.0190,-4.1072, 1.8236, 1.5061, 1.0483, 4.4061,-0.9378,-1.7218, 0.2778, 3.5830,-3.2538,-0.9026, 1.7946, 4.5768,-1.7926, 4.9515, 2.1870, 0.4194, 0.0680,-3.9406, 0.9619, 0.3785,-4.6928, 2.2831,-4.7971,-0.2216,-2.9884, 1.2794,-2.1107,-1.8416,-2.8616, 2.0515,-3.7786, 0.3661,-2.1860, 3.1612,-1.2458
 2.3768, 2.1711, 0.8315, 2.9737,-4.3639,-0.1103,-2.6462,-3.6943, 1.2211, 0.2776, 0.1587,-1.9276,-0.1457,-1.7429, 2.4655,-3.2766,-2.2489, 3.7010, 0.0362,-2.3163,-4.1573, 1.6175,-0.9205, 0.4100, 4.8903,-1.3035,-1.9577, 2.4432, 1.6141, 2.6888,-3.9696, 2.0132, 4.4262, 2.4992, 1.2294, 3.2663, 1.3602,-0.7688,-2.7988,-1.5428, 3.0021, 1.3065, 1.1070, 3.6301,-0.8977, 0.8798,-4.2315,-2.2033,-0.9286, 0.4414
 0.7074, 4.3542,-3.2087,-3.5078,-2.7378, 3.8477,-3.6088, 1.0285,-4.5529, 2.6216, 2.7261, 4.9709, 3.8922,-2.2694, 3.6861, 4.1599, 4.5790,-2.4320,-3.5400, 2.3096, 3.9167, 2.2709, 4.7032, 2.2558, 0.3611, 0.6911, 4.5290,-4.6126,-3.7216, 0.9369,-0.6370,-3.9184, 0.7356,-2.5839,-4.1838,-2.8573,-3.0770,-0.8463,-0.8775,-1.7333,-0.5818, 2.9807,-2.0127, 4.1117, 2.0573,-4.6005, 3.8302, 2.8334,-4.6798,-0.9475
-2.4340, 1.6964, 4.9075, 0.5878, 0.8541, 3.3190,-4.4419,-1.1275,-2.3557, 4.0663,-4.3546, 1.7416,-4.4398,-2.2140,-0.2407, 0.2182, 2.1232,-2.6114,-2.9558, 2.3110, 3.8650,-2.1814, 4.5312,-2.0096,-2.9467,-1.7515,-1.2080, 3.2990,-2.0190, 3.4422,-2.2523,-4.5973, 0.9667, 2.1520, 1.1489,-1.1591, 0.9860, 3.3690, 1.3296, 0.9030, 3.9881, 1.3126, 4.8187, 3.9887,-3.8646,-4.1976,-4.8102,-4.7585, 0.9775,-3.8859
-4.9661, 0.0895,-0.5645,-0.5445,-4.5822,-0.3945,-4.0512, 3.6729, 0.5122,-2.5814,-0.5278,-3.1191, 0.6899,-1.2863, 1.2270,-3.6788, 1.7568, 3.2051,-4.6468,-0.1604, 1.6103,-4.6708, 3.4795, 0.8521,-1.9339,-3.2092, 2.5142,-0.3372, 3.2596, 1.2312,-1.1336, 3.1211, 0.9515,-2.1787, 0.1598,-0.7848, 1.3971,-4.8566,-0.5632,-2.1064, 1.7483,-1.7081, 1.7967,-4.7727,-0.7169, 1.7929,-1.4765, 4.7546,-3.6288, 1.2538
-1.4234, 2.2516,-0.2797, 3.5197,-0.3028, 0.1259, 1.3192,-4.2719,-3.7266,-3.1129, 1.1940, 2.4312, 1.6959,-0.1617, 4.1435, 4.4682,-1.1635,-0.4811,-3.3338,-3.8547,-1.5434,-2.5130,-2.7954,-2.4497,-2.5496,-3.5889, 4.3354,-1.2552, 3.9687, 1.7154,-2.0956,-4.4817, 1.6573,-3.5446,-3.3239,-3.9022,-1.7954, 3.5232, 4.5751,-1.3835,-2.9939, 0.4438, 4.9598, 2.0235, 4.4694,-4.6221,-1.2885, 3.2056, 3.7876,-0.8844
-3.0472,-1.3243, 1.8204, 0.8541, 2.3830, 4.1841, 0.5581,-0.2208,-0.0502,-4.0199,-2.7346, 1.0368, 3.3298,-4.5094, 3.5994,-1.5198,-0.1803, 4.9595,-0.1325, 1.1551, 3.7251,-2.6438, 4.8031, 4.0374, 0.0989, 0.7605, 1.4432,-3.0036,-1.6133,-3.2814,-3.0674, 1.0952,-4.5249,-1.3497,-0.9595,-1.5562, 3.1341, 3.4261, 3.0827, 2.5386,-0.9305,-1.2741, 0.1314,-0.9884, 3.8520,-4.9819,-3.5725,-1.4987,-1.4693, 2.5083
 0.1962,-2.3542,-1.3180,-3.5972, 2.2546,-1.6118, 0.8666,-3.9324,-3.9796,-4.1431, 3.0068,-1.8527, 0.9670,-2.0087,-1.6638, 4.1861, 0.1698, 2.8271, 2.5308, 1.5437,-2.5581,-3.5934,-3.3666, 3.5696,-2.0690,-2.9131,-3.4260, 4.5381,-3.2574,-3.3984,-2.8125,-0.1943,-4.3495, 1.0449, 3.1589,-1.3945,-3.2968,-3.4223,-1.1520, 3.3145, 3.2575, 1.6044,-1.7979, 1.3185, 4.0782,-3.5989, 2.2903,-2.7520,-2.5154, 4.9534
-3.0825,-0.7479,-4.9105, 0.8832, 1.7255,-4.9820, 2.1022,-4.6198,-1.7965, 2.9185, 4.3095,-1.9809, 1.4861, 1.6157,-4.9738, 4.5014, 0.7707, 4.3238,-1.3172,-3.5990, 1.6965,-3.1097, 2.3078,-3.7027,-3.0851, 3.6482,-3.7881, 4.0282, 4.9731,-1.1856, 3.2760, 3.6596, 1.9408, 2.6056, 4.4018,-0.3411, 2.1810,-4.9175,-1.4217, 4.4971, 1.5825, 4.2519, 4.1003, 3.4874,-0.6331,-2.8668,-4.3858,-0.1080,-0.2054,-2.3092
 0.6487, 3.5922, 3.9889, 0.2298,-0.2571, 1.2254, 0.1798,-0.7440,-2.3979, 0.7304, 0.4148,-0.0480,-2.7679, 4.5996,-0.3530, 4.4359,-4.0918, 2.5221,-0.1297,-4.2232, 3.9267,-3.6585,-4.2308,-1.2381,-0.7913, 0.0869,-4.6555, 1.5335, 4.2433,-2.6567,-4.1017, 3.0991,-2.4686, 2.4122,-4.6461,-2.7241,-2.0737,-3.1612,-1.8460,-0.2719,-2.3342, 1.3076,-0.9718, 3.8668, 4.0036, 3.2134, 0.5441, 3.0344, 0.6846, 2.7340
 4.8617,-3.3953,-3.8730,-4.5184,-4.5329, 1.4798, 2.3171, 2.4600, 3.4475, 3.5235,-3.7779, 3.6181,-4.0214,-4.4770,-0.8260,-4.8310, 3.1957, 3.5401,-2.9634,-2.1229,-1.0858,-3.8281, 2.3399,-3.9224,-3.8738, 3.4776,-0.8771, 2.6348,-0.8836,-1.7651,-4.7033, 4.7473, 4.4393, 4.7101, 1.7537, 0.2109,-3.4324, 4.9536, 4.2197, 2.6839, 3.4645, 2.7149, 0.5691, 1.7712,-2.4513, 4.4064,-2.4187,-4.3311, 0.9197,-3.2438
 1.4766,-4.1504, 4.4233,-2.1445,-4.3641, 4.8782,-2.5244, 0.2136,-0.4175,-4.3177, 1.0278,-1.3256,-1.9676, 0.3751,-1.5312,-3.4128,-1.2066, 3.1733,-4.4252,-4.4323, 1.8585,-2.5939, 4.6700,-4.5080, 2.7897,-2.6151, 0.2499,-1.4423,-1.9388, 3.7079, 0.3038, 1.7086, 4.2689,-0.4902, 3.9382, 0.2446,-3.1387,-3.3429,-0.1266, 2.5949, 2.5439,-2.8689,-0.4365, 0.5434,-1.1098,-3.1235, 1.4381,-3.8506, 1.6687,-2.4355
 1.2021,-1.3842,-4.0075, 4.0291,-1.8199, 4.9927,-3.9297, 4.4675,-0.1535, 1.9086, 2.9779, 1.4999, 3.3634,-2.3739,-3.9364,-4.7597,-3.7450, 1.1626,-2.7422,-3.7555,-4.9269,-4.9441,-3.5487, 3.8628,-2.5224,-1.6748, 0.9785,-1.5803,-2.2933, 0.3387, 0.9296,-1.6014, 2.9393, 2.8571, 4.4695,-2.6285,-4.2287, 3.6031, 3.5330,-1.4090, 2.1063, 2.7586,-0.2368, 2.7331, 0.8404, 4.6861, 0.1961,-3.7699, 3.7777, 3.3827
-1.5227, 3.0878, 2.4841,-2.3885, 3.0426,-4.2096, 1.0300, 4.0427, 4.6432, 4.2644, 0.6346, 4.9917,-4.5062, 0.2610,-2.7235, 4.9414, 0.6348, 4.5608,-1.2253, 4.5186, 0.2814, 1.4495,-4.4341,-1.1825, 3.6194,-1.6204,-2.6533, 4.5974, 0.4857,-1.2004,-1.3129, 0.9398,-0.8798,-2.6735, 1.8201, 4.1060, 1.6226, 1.4871, 3.0559, 4.6413,-2.3526,-4.8700, 1.9194, 2.3305, 0.4626,-3.6220, 4.5620,-3.2513,-3.6543,-0.9220
-3.5999, 0.1597,-0.6169,-1.2247,-3.5368, 3.7099,-1.0795,-0.9789,-3.2976, 0.9581,-3.7236, 2.3532,-4.2303, 0.4399,-0.4894, 1.5525,-2.3640,-2.7551, 3.9583, 1.5891, 4.7529,-3.5924,-2.2441,-4.7236, 1.1409, 3.1635, 2.5315, 4.2894,-3.6400,-1.0315,-2.5939,-3.5492, 4.0894, 1.9158, 0.3534, 4.2321, 1.9055,-1.5420,-4.4525, 4.8275, 4.6673, 0.3873, 2.3973, 0.8487, 4.4924,-0.8921,-2.9535, 1.9459, 1.3082,-3.1759
-3.1273,-0.8104,-2.7424,-0.0445,-1.3816, 4.5694, 3.7018,-3.2080,-2.0950,-4.5491,-4.4414, 0.5452,-2.9426,-3.7440,-1.4108,-3.6204, 4.0965,-0.8877,-4.0435, 1.1832,-3.6456, 1.4781, 1.9711, 0.8489, 4.5033, 0.6112, 1.9691,-2.8088,-4.0193,-2.9998, 4.8731, 1.6285,-4.7048, 2.3392, 4.6306,-0.7780,-0.8783, 4.1392, 0.2005, 3.9326,-0.2662, 2.5500,-4.2217, 0.6560, 4.9174,-3.5664, 2.6592, 2.5806,-0.6273, 0.1403
-2.1002, 1.4456,-0.9259,-2.6243, 3.3320, 0.9753, 0.5457,-2.5937,-4.7874, 3.0572, 1.5375, 0.2452,-3.5574, 2.9679, 4.4790, 1.7077, 3.6869,-2.0601, 4.8078,-4.8441, 4.6414, 4.8215,-1.5388,-0.6781,-3.6200,-4.1866,-3.6496,-2.8920,-1.0354,-4.9912,-1.5488,-0.7239,-1.7193, 1.1465, 3.0073, 4.2169, 2.7031,-2.0970, 2.3194, 2.2409,-2.0192,-3.7599, 1.2019, 3.2011, 4.6617,-4.8637, 1.2760,-4.8197,-2.5771, 4.0061
 0.6226, 1.7062,-0.6011, 2.6962,-1.7526, 3.7861, 0.0536, 1.3500, 3.8453,-3.3619, 3.7525,-0.1895,-1.8016,-3.7670,-3.9331,-0.9673, 3.0227,-3.7370, 4.6149, 0.1173, 3.3790, 4.9380, 2.2749, 1.9595,-1.8468,-0.2855, 2.8053,-0.6235,-0.9074, 1.9774, 0.2480, 3.0161, 3.1762,-4.3062, 2.1497,-2.8999, 1.4281, 3.8969, 4.3537, 1.4182,-4.6510,-0.9056, 3.3665, 4.0806, 2.4812,-0.2131, 0.9903, 2.2705,-2.3969, 4.8048
-4.6880, 1.8488, 1.1390,-1.4861, 3.7637, 1.9875,-2.8377, 4.5902,-2.1676, 3.0458, 2.2529, 4.3609,-0.6147, 1.3983, 2.9459,-4.8851,-1.9062,-0.4593, 2.2484,-3.8979,-2.2024, 3.5061,-0.2808, 4.3666, 3.3005, 2.8796,-1.9905,-0.5902, 1.1948, 2.1464,-0.5523,-4.8323, 1.0545,-2.2055, 1.8708, 0.3398, 1.4779,-3.8199,-0.0163, 2.0369, 2.0807,-2.3369,-0.8053,-3.2353, 4.2399, 1.6000,-3.6518, 2.8966,-2.0187,-3.6108
-0.5551, 2.5609,-0.6356,-4.2682, 0.8152,-1.1637, 2.8778,-1.6768, 4.0598,-0.3980,-2.0184, 0.4021,-3.2967,-0.5280,-1.8458, 1.4985, 2.3118, 1.4755, 0.4508, 0.9306, 0.9073,-0.2358,-2.9758, 2.4786,-3.4370, 2.1712,-0.9976,-3.9306,-2.4090, 0.2371,-0.2355,-4.8688,-1.0214, 3.3974,-2.9845, 3.8004, 0.9771, 3.2516, 2.5173,-4.1796, 0.6262, 4.8690, 1.6832, 1.5132,-0.8851,-2.9600,-1.9705,-2.7542,-4.0197,-1.7624
-3.8442, 1.3904, 4.8821,-4.9578, 3.8561,-1.8012,-3.7420, 0.4789,-2.4113,-0.5865, 1.1274, 3.5018, 1.9065,-4.2188, 4.7316, 1.9290, 2.3209, 4.3357,-4.9659,-1.2360, 1.8982, 0.0148,-0.1527,-4.5077,-4.9799,-1.3983,-3.3299, 1.8874, 0.4471,-3.5100,-4.7211,-1.4171,-1.0328,-2.4956,-1.2102, 1.2801, 3.4100, 1.1788, 0.8180,-4.1348,-4.6728,-4.9689,-4.0476, 1.6245,-2.5606,-2.4772, 0.4139,-2.6427, 2.2279, 3.6111
 0.3201,-3.1789,-2.7407, 3.1285,-3.4442,-0.8508, 0.6542,-1.7542, 4.5693,-4.2360, 4.2270, 2.3424,-4.7729,-3.4553,-0.0097,-4.3288,-2.5981,-4.8229,-4.9626,-3.4320,-0.5986,-2.9725,-2.0245,-1.5964,-1.3177,-4.8805, 2.1653,-2.6910, 3.6937, 3.8913, 0.7353,-0.4571,-2.9141, 3.7228, 0.2427, 1.0679,-1.8499, 1.6252,-4.3998, 4.8628,-1.3939, 0.1103, 1.0863,-3.1710, 2.5686, 2.4404,-4.1509,-4.3481, 2.4572, 0.8520
-1.2938,-1.7909,-4.6330, 2.0799,-4.6836, 2.8120, 1.9262,-0.9066,-3.9160,-3.6601,-0.3768,-2.4255, 4.8837,-2.7209, 4.2732,-4.2190, 3.1219, 0.0309, 3.2969, 0.7813, 2.9029,-4.3847, 1.8264,-3.7637, 1.6573,-0.9712, 2.8010, 2.7230,-3.9745, 3.9848,-2.4332,-2.8336, 1.8964,-1.9265,-4.8626, 0.0325, 3.1599, 4.5821, 1.3181,-2.0376, 2.8267,-1.1316,-1.6720, 1.4206, 3.6740, 3.5574, 1.4330,-1.9068, 3.2169, 0.5807
-2.0684,-4.4444,-1.5391,-4.5942,-2.4952, 4.5891,-3.5133, 0.7778, 3.2674, 2.1560, 4.2929, 1.1113,-1.4454, 1.1737, 0.8695,-4.0241,-1.6714,-3.3313,-3.0778,-4.2003, 4.2057,-2.7478,-1.0890,-4.0842, 2.9199, 1.0108, 2.2430, 4.1405, 4.1576,-2.2952,-1.1289, 2.1409,-3.2896,-2.5222, 2.2367,-1.4469, 4.0545, 0.3450,-2.2055, 3.1111,-0.3074,-4.2149,-0.5872, 2.7749, 1.9959, 2.7265,-0.3764,-1.9625,-3.9344,-4.8203
-4.5431,-3.6429, 2.2663,-4.5444,-0.4224, 2.6676,-2.3094, 1.3166,-1.1630, 2.9566,-0.0314,-3.1805,-4.7353,-3.8134, 3.1151,-2.8259, 3.5966,-2.5324, 0.2854, 1.1493,-1.4979,-2.7636, 2.9943,-1.3123, 2.3286,-0.0051,-3.7459, 3.7388,-1.0879,-2.8990, 0.6550, 2.1391,-3.1278,-0.6883, 1.8012,-1.3971, 4.2162,-0.3269, 2.4672, 0.4502, 2.4176,-0.9100,-4.7642,-2.0490, 0.7485, 4.8127,-1.1707, 4.1445, 0.0155, 0.0835
 4.7500, 0.3759, 2.6959, 2.1631,-0.5280, 0.9278,-0.4828,-1.5626, 1.3326,-3.6272,-3.5763,-0.6252,-1.0675, 2.0451,-4.2587, 3.6209,-2.5842,-0.4855,-4.8989,-4.3984, 0.1472, 3.0718,-2.3553,-4.6646, 4.8474, 0.9241,-3.5443,-4.9653, 3.9663,-1.9698, 4.4404,-4.1781,-4.0639,-2.7916, 0.2643, 1.2677,-3.3455,-2.8278,-3.0489,-2.7779, 0.7203,-3.0742, 1.4010, 4.2965, 3.7409,-2.4084,-3.3409,-2.5493,-3.3497, 2.6968
-4.2688, 4.8802, 3.7771, 0.7033, 1.3482, 2.1150, 3.9765, 4.9494, 2.3445,-2.4127, 1.8108,-1.2064,-2.9403,-1.8727, 2.9873, 1.5227, 0.8474, 0.3358, 4.0578, 2.5746,-2.6593,-4.4510,-2.8923,-0.9743, 1.5316,-4.5170,-2.5773,-1.1078,-0.5692,-2.8604,-4.3760, 1.6905,-2.6550, 1.5029,-2.0952, 1.7260,-2.5005,-2.2202, 1.6422, 2.9500, 2.1874, 0.9791,-2.1213, 1.6442,-2.9652,-4.7397, 0.7330,-0.4870,-0.3481, 0.3919
-4.3141, 3.1466,-2.1863, 3.5636, 4.8177, 2.7890,-0.0515,-3.6875, 0.0007, 2.5670, 2.2040,-3.5092,-4.2226,-4.0328, 2.9781,-2.5739, 1.3632, 1.3713,-2.7133,-0.4148,-2.0226,-4.2710,-0.7858,-0.8523, 4.7543,-0.1233,-1.9667, 0.7252,-4.4561, 2.2846, 3.4252, 2.5976, 3.5617, 0.9897,-4.6361, 4.4575, 1.0099, 3.7721, 3.7973, 4.6561, 0.2360,-3.8439, 2.2880,-1.9790,-0.1642, 3.4043,-4.2140,-0.9289, 2.1607,-3.1033
 0.8746, 1.0808,-0.5349,-0.2895, 4.7918,-3.0044, 1.7018,-1.6301, 1.5224,-1.9648, 2.4601, 0.0680,-2.2472,-1.2548,-3.6700,-3.1954, 1.0452,-0.2885,-0.0988,-3.0539, 0.0932, 1.6206,-1.5552, 3.6098, 2.0913, 0.5934,-0.8271, 1.7522,-2.2088,-2.1676, 3.4712,-3.6409,-2.6027,-0.1597, 2.6396,-0.1237, 3.7717, 1.8666,-4.9828, 1.3575, 1.9850, 0.6392, 0.4763, 4.0506,-2.1257, 4.2122,-3.4412, 3.7808,-0.3019, 3.7387
 0.0794, 3.0245, 4.7204,-3.0244,-1.7346,-4.8389, 4.4394,-1.9828, 4.6288, 0.6287, 4.6186, 2.4274,-0.2278,-2.1898, 3.8485,-3.0928, 0.4260, 1.4322, 2.5492, 0.4950,-3.5277,-4.4092,-4.4320, 3.0752, 4.2926, 4.8458,-3.4613, 1.1408,-0.1347, 3.4599, 0.5172,-2.3623,-1.4874, 3.0616, 2.6519,-1.8127, 1.0963, 1.9523, 2.6594,-1.7516,-3.0272,-3.5093,-3.5540,-4.3153,-3.1657, 0.0884, 2.9479,-3.4610, 1.7313,-2.5563
 2.7926, 0.7362, 1.3023, 4.0097,-1.3443, 1.4672, 3.0691, 0.3272,-3.1767, 2.9731,-1.7575,-1.1576,-1.7667,-4.1976,-3.4300, 3.6916, 0.0310,-3.4607,-1.2781,-0.0231,-2.3460, 3.5211, 3.5191,-2.5302,-3.3689, 3.6554, 3.7561,-2.5305,-1.9144, 0.7481, 2.9493, 2.6823, 0.5747, 0.6725,-2.9368, 1.0245,-3.8148,-1.9685, 0.3517, 2.7284,-2.3635, 1.6232,-2.8821,-0.8636, 1.0622,-4.7375,-3.1781,-3.1017, 0.3678, 1.3264
-3.7117,-4.2432, 2.5858,-1.1505, 4.1788, 3.4094,-4.4004, 1.9704, 2.8975, 3.6270,-0.8775,-3.5370,-4.0720, 0.6716, 1.9547, 0.2588,-2.4597, 1.7605, 3.7774,-3.7134,-3.6665,-2.2188, 0.0732, 2.8978,-4.4590, 2.2978, 4.5195,-3.3075, 3.8614, 3.1584,-1.0575,-3.2464,-1.7637,-2.8713,-0.8005,-4.1069, 1.1177, 1.7059,-1.2305, 3.9598,-2.7980, 2.1057,-0.8008, 2.6124, 0.2416,-2.9519, 0.9115, 2.9122, 1.4336,-0.1913
-3.6771, 2.7220, 3.0907, 3.4510, 0.8251,-4.0667, 1.5751,-3.7459, 4.3448, 3.0285,-4.9635, 0.2166, 4.6073, 0.3785, 3.6268,-1.5335, 4.5776,-0.4300, 1.4779, 4.3649, 4.9920, 3.2554,-3.2680, 0.6335,-4.6287, 4.1975, 4.5814,-4.4800,-4.9378, 1.1141, 1.1079, 1.3133, 0.6658,-2.8855,-4.6600, 3.9183,-0.9449,-2.8530,-2.0529,-4.6508, 1.9596,-3.6842, 1.1297, 2.8905,-4.3204,-0.9635,-2.3021,-2.7505, 1.2190, 0.6477
 2.4218,-0.8460, 0.9936, 3.2184,-3.4234,-1.1269,-3.8129,-3.0470,-1.5038,-2.6678,-0.5082, 3.7223, 2.4147,-2.7698,-2.4725,-1.1975, 0.8530, 3.9264,-4.5644, 1.2899,-4.7884,-1.7646, 3.1858, 4.8089, 4.0366, 0.6712,-4.0895,-3.0472,-2.2097, 1.8146,-1.4989,-1.0965, 0.6513,-3.5860, 0.3063, 1.7384, 1.2056, 1.2849, 3.0329,-0.0157, 3.9641,-0.9002, 2.7002, 0.4725,-4.1951, 1.1667,-3.2798, 1.1593, 3.5799,-0.0306
 1.6129, 0.9784,-4.3054,-4.8367, 2.8428,-2.3333,-1.0233,-2.8788,-4.9350, 3.6724, 3.5087,-4.0152, 4.1725, 4.7639, 1.5969,-3.9334, 1.7643, 4.5718, 1.4870, 0.2846,-2.0070, 2.1607,-2.2641,-4.5622,-4.6588, 1.0195, 1.9776, 3.1225,-0.8685, 2.3823, 4.5247, 0.1223, 4.1271, 4.1376,-1.1396,-3.5819, 3.9053, 4.8312, 4.7875, 4.8328,-0.6750,-2.6874,-1.1141, 1.1077, 2.4402,-3.1943,-1.9720, 2.5005,-1.1517,-1.7516
-4.9851,-4.7523,-3.2509,-0.6938,-2.5193,-2.4627, 1.0302, 1.3363, 0.3563,-2.1441,-4.1448,-4.2235,-3.8780,-0.8015, 1.1195,-1.2035, 1.5700, 3.6868, 1.0374, 2.1536, 2.9170, 2.6632, 4.1994, 0.1394, 1.0171, 3.9305, 2.9563, 1.8334,-0.5353,-3.5628, 4.2962,-2.6780, 3.2213,-1.3957, 0.6484, 1.9326, 3.1738, 4.6973,-3.6682, 2.1684,-2.7842, 3.8278,-0.9419, 3.5316, 2.8871,-4.9405, 2.9152,-2.0276, 0.1311,-2.8849
 3.8386,-3.2902,-3.5839,-2.6966,-3.9871,-2.2489, 3.5238, 3.3886, 4.0773, 1.0427,-2.2971, 3.3231,-2.3341, 1.1724,-0.3280,-2.4646,-3.0719,-3.2902,-4.5139, 3.9046,-3.3612,-4.6297, 1.8958, 1.3610, 1.2566, 0.2503,-0.4473, 0.7133, 2.2835, 2.1694, 2.9212, 2.5364, 3.0853,-2.2484,-2.0377, 2.6517,-4.7037, 2.6478, 3.0538,-0.7357,-2.9698,-3.7293,-4.1529,-1.6875, 2.3128,-4.7384,-2.0916,-1.7427,-1.8531,-4.8160
-0.5248, 0.2698,-0.9738,-0.5322, 2.2067,-4.6109,-2.3906, 2.3753,-1.9906,-2.5921, 1.4925, 1.3856, 2.8551,-4.8795, 1.0882, 0.9744, 2.1643, 1.4504,-3.9595, 1.9788,-1.4918, 2.2489, 1.0372,-4.0050,-4.8857,-4.0208,-4.9301, 0.9074, 0.7003, 4.1737, 0.8560, 4.7518, 0.6828, 3.1193,-0.6093, 4.5090,-0.9493, 2.6361, 0.1797, 4.4036,-0.6126,-1.0618,-0.7355, 1.2023,-1.1180,-1.9024, 1.8955,-2.8582, 4.7046,-4.2013
-1.2280,-3.2831,-4.6972, 4.2059,-1.7252,-2.2118,-0.6874,-1.5114, 1.7356,-2.1977,-0.3651, 1.6193, 4.0205, 0.1977, 4.9581, 4.1776, 3.4310, 3.2895,-1.3732, 1.8076,-4.7618,-1.3303, 2.8744, 4.5251,-0.6003, 1.1851,-2.8884, 4.4644,-2.7211, 4.1564,-3.8754,-4.3641, 3.8106, 2.1021,-0.0434, 3.8415, 4.1278,-2.6880,-1.4045, 1.4912, 1.8256,-4.1498, 0.9866,-3.5690,-1.5209, 1.6691, 2.8773, 1.0211, 3.5852,-3.9925
-1.9864,-3.5080, 3.5274,-1.2450, 0.3855, 1.2766, 1.9964, 4.0738,-2.5466,-0.6134, 3.3682,-4.0093,-3.5435,-3.4909,-3.0672,-1.4185, 4.3614,-2.1084, 3.1790,-2.0346,-1.9951,-4.9466, 3.6127,-2.3194, 0.1712, 2.1054, 4.9400, 3.0231,-3.2805, 0.0062, 2.4970, 4.6466,-1.9811, 4.1211,-2.2402,-4.8366, 0.1865, 0.7527,-2.6207, 2.7234, 1.1871, 0.9997, 3.1103,-1.1862, 1.1498,-4.4310,-0.0131, 0.1819, 2.5762, 1.3312
-1.2841, 3.5849, 0.5547,-0.1930, 4.1212, 2.3128,-2.3720, 1.6246, 3.6254, 2.8476, 0.7786, 4.1876, 1.2759,-2.7854, 1.2165,-0.8013,-0.0445, 2.9365, 4.0626, 4.2756, 3.6273,-2.2935,-0.3331, 4.5450,-4.1646, 0.5937,-0.9588,-1.3072,-2.6095, 1.4730,-3.1655,-4.5607,-0.1808, 2.2523,-3.7593,-0.1304,-3.0117,-0.3933,-0.2495,-2.4426, 4.6200,-0.3755, 1.5122, 4.6727, 2.5687,-0.0364, 3.6532, 2.8004,-4.6597,-4.3977
 0.4479,-2.7986, 0.2316, 3.0495,-1.6508,-4.2357, 2.8721, 1.1636,-1.0270, 4.2972,-1.1367,-2.6081, 0.5634,-4.8809, 2.3866,-0.6785, 1.5010, 4.6865,-3.0131, 3.3288, 1.5229, 1.2172, 2.7972, 4.1206, 4.9800, 3.8065,-4.1099, 2.8961,-3.2425, 0.8410,-2.8551, 0.6831, 0.7244, 4.0071,-3.1268, 0.4578, 3.7771,-4.5020,-2.2060, 1.6146, 1.5493, 3.4899, 0.9185,-3.0427, 4.4307, 0.9775,-1.9592,-1.2669, 4.5887, 4.7740
-4.0592,-3.1967, 1.9446,-4.1340, 1.0471,-2.8950,-3.6417, 3.9749, 1.4738, 4.0724, 0.3388,-1.3398,-1.6093,-2.1399, 2.2054, 2.6026,-2.5272,-1.5911,-0.3026, 2.3065, 1.4068,-4.9183,-4.3485, 0.3751, 1.2035,-1.6251,-3.2675,-2.3484, 2.1626,-4.2626, 1.8030, 2.2396,-2.6387, 1.1449, 4.0395,-4.6127, 3.6870, 0.4153, 3.0747,-1.0920,-3.9882, 4.3612,-1.0313, 0.1348, 2.2217, 4.5225,-3.1264,-0.2832, 1.1454, 1.5632
-2.7803, 3.6988, 4.4784,-1.6008, 4.8822, 2.8036,-2.7956,-2.9957,-2.2891, 0.6097, 3.9987,-3.2955,-4.1424, 3.9205,-0.6487,-2.2458,-3.3087,-1.2551, 1.6434, 2.5843,-1.6765,-3.0941,-4.7573, 2.7307,-0.3918,-4.7289, 2.1507, 3.6306,-3.5861, 2.4085,-3.4580,-0.1129, 3.8932, 1.4816,-4.5531,-3.1058,-3.6998, 2.7804,-1.8501,-1.1862,-3.1024, 1.6639,-2.0614,-3.6598,-2.0992, 3.2280, 2.3442, 1.4597,-3.4615, 2.6734
-1.3108, 4.6675,-1.3885,-4.3614,-4.3638, 1.1836,-0.6766, 4.0443, 0.2228, 0.6680, 3.6455,-4.5552, 1.6908, 3.0872, 4.2111,-1.3435,-3.9729, 3.5617, 4.0942, 4.9168,-3.5294,-0.6302,-3.8069,-1.7822, 2.5206,-1.8560, 1.5726,-1.3078,-2.3097,-0.5232,-1.9881,-2.4358, 3.5445,-2.1830, 1.3193,-3.3652,-2.9541, 4.1209,-4.3536,-0.1991, 1.8572, 0.0787, 4.2640,-3.2068,-3.6928, 4.3061,-3.6181,-3.9703, 2.1981,-4.1286
-4.6190, 1.2715, 3.7256,-1.3363,-1.7132, 0.3306, 3.1094,-0.9240,-0.8539, 0.7109,-0.3698,-4.8892, 3.7884,-1.8029,-3.7019, 0.1039,-3.4023,-2.9430, 4.5101, 2.8522, 4.7008,-3.4814, 3.7619, 0.0453, 4.3547, 3.8055, 3.9156,-0.6915,-0.2630, 3.4498, 0.8978,-2.7685,-4.8328, 3.7154, 0.1897,-2.1244,-3.0750, 3.5400, 4.6141,-3.1008,-4.1078,-0.1616, 4.2578,-2.2167, 2.6405,-0.8040, 2.9869, 3.8688,-4.1962, 2.0453
-1.8034,-1.6406,-1.5091, 1.9501, 2.2107,-3.3752, 3.2694,-4.3870,-4.6447,-4.8729, 3.2685, 4.9348, 2.0058, 4.5616,-4.4431,-2.1906, 3.0712, 3.9946, 0.9889,-4.5435, 0.7758,-2.0508, 3.2200,-0.0857,-3.7331,-0.4938, 3.3607,-2.3431, 3.7672,-2.6350,-4.9726, 3.8412,-1.8593,-4.4064, 3.4812, 3.0415,-1.5494, 1.7898,-4.4338, 1.1677,-2.1890,-3.1104, 0.7232,-2.5140,-4.4623, 3.9304,-0.0137, 1.4611,-4.1327,-0.4886
-3.1321,-1.5545, 4.2106,-3.0480,-2.6929, 1.5381,-1.2276, 1.4704, 1.7788, 3.6155,-0.0647,-1.9760, 3.4292, 2.7222,-1.9728, 1.9075, 2.3172, 3.9519, 2.7314, 2.0450,-0.7128,-3.8137, 0.0743,-0.5655,-1.0387, 3.9107, 1.0296,-0.0864,-0.6041,-2.3658, 1.6946, 2.9433,-0.4424,-4.7283,-2.5697, 2.7806, 3.0339, 4.3363, 1.2860, 3.2347,-4.7467, 4.1611,-1.2525,-3.3346, 4.4193, 4.2639, 4.0769, 0.0384,-4.8308, 4.2004
 0.9772, 4.8717, 2.3034,-0.8429,-2.5131, 3.7278, 2.2076,-3.1112, 4.0325, 3.3597, 0.1998,-4.8438,-4.2920,-4.2988,-0.1347, 2.9854, 4.1406, 1.7110, 1.3338,-3.8541, 1.1313, 0.9479, 2.6025,-0.1469, 2.9331, 0.8342, 3.6210, 1.0104, 0.5640, 2.5929, 1.4481,-1.1445, 4.9332, 3.5162, 4.8629,-1.8784, 3.4829,-1.2886, 2.3901,-4.3652,-2.2989, 1.0166,-2.3984,-3.2249,-2.5821,-3.9015, 2.8624, 3.2076,-0.6794, 1.5895
 4.9539, 3.5031,-1.0441, 0.8432, 4.8489,-3.7782, 0.0377,-0.0684,-4.6014, 0.3759, 3.3610, 4.5763,-1.9032,-2.1213,-3.9253, 2.9143,-0.4550, 2.7852, 3.6808,-1.1963,-4.7619,-2.8873,-4.2377, 1.2874,-4.1627,-4.2171,-0.6279,-3.4804,-1.9353,-1.0671, 4.2559,-4.8365, 0.1023,-3.0729, 3.6546, 3.7731, 1.5643, 1.4617,-4.6859,-4.8464, 3.0563, 1.7204, 4.9077,-3.3689,-1.5136, 3.6233, 1.3067, 3.6360,-0.5059, 1.1764
 2.3658, 3.8483, 3.0327,-4.6569,-3.6601, 3.9967, 3.5156,-3.5050, 1.2944,-3.1298, 0.8263, 4.3272,-2.5720, 4.5351, 0.5082, 0.2443,-1.2888,-1.2436, 2.6029, 3.3149, 3.4720, 4.2519, 1.2728, 3.4722, 2.8973, 4.3076,-0.7730, 4.3275, 1.6886, 3.8914, 4.0952, 2.3394,-0.3899, 2.5846,-0.8822,-1.5216,-0.0608, 3.2888, 4.6888, 3.9930, 2.5070, 2.6607,-0.8138, 0.6845,-1.2714,-2.9375, 3.0499, 1.8864, 4.2365,-2.2918
 0.7433, 4.4917,-2.0264, 3.8983, 0.8756,-3.1457, 4.9103, 2.2598,-1.5306, 3.9966,-2.1432, 3.5786,-1.5740, 4.4088, 1.5586, 1.3983,-4.6452, 2.9700,-3.9223, 4.6919,-1.7677, 1.5727, 1.9088, 1.1152,-3.2068,-0.6386,-1.9399, 0.2788,-2.3608,-3.3841,-0.4291, 0.0824, 2.9988,-0.9060,-3.6957,-4.1874,-4.3735, 3.6670, 4.0644,-4.9432,-0.0604, 3.3369, 1.5634, 4.5236,-3.0857,-1.6780,-1.3707, 0.1990,-2.2534, 1.0998
 0.8855,-1.1739,-0.2961,-1.0938,-0.3415,-3.9331, 1.3991,-1.9312,-2.6612, 0.5796, 1.8720, 3.1071, 0.9400,-0.1697, 0.4354, 1.0542, 4.0029,-1.2535, 1.6620, 2.8313,-0.6637,-3.4546,-4.7549,-2.7019,-4.1659,-3.0979,-0.7382, 0.6365,-3.7318,-4.0108, 3.1039, 0.7219, 0.6976, 1.5125,-0.9795, 4.1000, 4.1027,-2.8907, 1.7616,-3.3087, 3.6974,-4.4447, 0.0940,-1.5397, 0.7275,-3.7829, 1.8938,-1.2569, 0.9064,-2.5657
 1.1172, 0.8277,-3.9999, 0.6125, 0.3594, 3.7250,-4.5601, 1.1524,-4.9556, 3.0518,-1.1659,-0.4804,-1.3474, 4.1597, 4.0443,-1.1906, 2.5775, 1.9112, 2.7936,-0.0287, 2.6823, 4.4425,-1.2286,-0.7070,-4.8512, 0.2510,-1.8804,-2.3905, 0.4207,-4.0354, 1.4642,-0.8365, 0.1096,-0.5513, 4.2246,-2.6040, 2.8359,-3.1932,-1.7048, 0.8400, 1.7188,-4.0753, 4.8131, 2.7747, 4.2221,-3.8428, 1.0731, 4.8729, 0.1677, 1.6198
-4.5538,-2.9006, 3.6998, 1.8499, 1.7510, 3.3314,-4.6618,-3.2757, 0.2219,-2.9097, 4.3605,-1.7114, 2.5738, 2.6674,-4.1285, 3.1686,-0.4743, 3.9785,-1.4585,-4.4460, 0.3433,-1.6190, 2.9623,-0.8105,-0.3666, 3.4638,-0.8309,-2.3039, 0.7601,-3.1694,-3.1604,-2.6403,-3.3415,-3.2104, 2.8297,-3.1046, 3.8265,-4.6375,-1.6751,-1.0246, 4.1471, 3.2328,-4.8978,-3.9086, 3.1450, 0.1229,-2.0929, 4.3568, 2.0427, 1.0441
-4.3524, 0.0072, 3.2809, 1.8088, 2.5796,-4.8152, 3.7967,-4.5358, 4.3978, 1.1599, 1.8962,-1.2888,-1.5105,-2.1060, 0.7976,-3.1991, 4.6628, 2.8475, 3.6411, 3.3318, 0.0517, 4.6603, 3.0323,-0.0622,-1.5097,-2.6784,-2.3211, 4.1123,-3.2848,-3.7119,-1.3898,-4.5825,-2.2409, 3.5157,-4.0787, 3.3852,-1.0635, 3.0402,-4.3493, 2.5300,-0.2140,-4.2728,-2.3968,-1.4569,-4.4409,-4.1444, 0.6649,-4.7852, 2.8370, 0.9038
-4.0891,-3.9573, 2.7832,-0.5768,-1.9576, 1.3207,-4.7330,-3.8932, 0.7979, 0.0986, 4.8148, 3.6218, 1.7304, 1.4479, 3.3023, 4.2977,-3.9178,-4.5715,-0.9840,-2.5503,-2.2230, 2.4480,-1.2392,-2.9498, 4.2132, 1.1053, 1.6174,-1.7083, 4.1504,-3.3066,-3.4333, 2.1156, 4.1635,-0.6373,-0.1269,-4.7620, 1.8540,-3.1752,-3.2421, 0.8840,-3.4775, 3.1090,-0.3521,-4.3153, 1.6595,-3.4769, 1.4575,-4.7855, 4.7360, 2.2567
 3.0023, 0.8241, 0.6271, 4.0535, 3.6265, 2.0973, 4.3652,-3.6485,-3.9034,-3.8884,-0.0365, 2.6421, 0.2032, 1.9977,-4.0568,-1.9284, 3.3911, 1.3647,-0.4014,-3.4772, 2.6468,-1.7705,-2.0099,-0.4362,-2.7672, 2.5970, 3.5190, 0.0996,-4.4325,-0.9134, 4.5177,-1.1252,-4.4446,-2.3717, 3.5422,-2.2676, 3.1255,-1.5463, 4.9914, 0.1029,-3.4962, 1.4790, 4.9586,-3.6364, 3.1978, 1.2642, 3.2119, 2.8282,-1.0333,-0.8881
 3.2974, 2.3890, 1.8001,-3.8836, 3.4936, 4.6622,-2.7493,-2.4815, 2.3130,-2.1813, 2.8099, 4.2903, 4.4032,-4.3753,-2.9773, 1.2428, 1.2601, 4.2053, 1.5376, 1.5041,-1.3036, 2.9574,-0.7898,-1.6102, 0.2003,-3.4514,-0.9210, 0.8792, 1.4372,-1.2768,-1.8438,-0.0061,-4.9066, 0.4905, 0.7186, 3.9097,-0.5921,-2.1128,-4.7272,-4.1599,-2.1867,-0.4003, 0.0129,-1.3455, 2.1022,-0.9161, 0.1275,-4.9900,-0.2189,-3.3119
-4.5246,-1.0734,-3.5589,-1.4131,-2.0896,-4.5214, 1.4854, 4.4785, 1.6358,-1.6203, 4.3984,-3.1563, 0.3884,-4.7075, 4.9444, 1.1487, 3.0240, 4.0217,-4.3986, 2.5051, 2.7529,-2.9141,-2.6735,-1.1172, 4.7610, 0.4449,-4.5291,-4.3727, 0.3537,-0.6135, 2.3952,-0.7106,-2.4377, 4.7348,-4.0362, 0.0388,-2.5785, 2.9198, 4.5318,-1.9760, 2.0930, 2.5267,-4.0361,-0.7867,-1.2921, 0.4821, 1.4338,-3.5398,-4.5209,-2.3899
-1.0591, 3.7407, 0.2483,-3.2432,-3.5813, 4.2555, 3.5026,-3.9606,-0.5935, 0.7624, 1.9342, 1.1021,-0.3939, 3.5133, 2.8136, 3.1459, 2.1532, 0.6611,-2.4201,-2.2953,-4.0911, 0.5452, 2.3898, 3.9903,-4.9288,-2.4543,-0.5585, 0.7396, 0.3995,-0.8776,-1.3336,-2.1494, 3.6265,-2.9026, 2.2494, 0.0101,-0.0306, 0.3263,-1.5254,-2.9293, 3.5574,-2.6150,-4.1018, 0.0447, 3.0350, 4.4396, 3.7162,-4.7267,-2.9759, 4.5763
-4.5888, 1.2900,-1.9180, 1.8193,-2.4875, 4.0246, 2.4735, 3.9875,-3.3214, 1.7950,-3.1387, 3.2294, 0.6215,-0.3850,-3.1349, 4.1896,-1.6959, 4.4843,-4.9690, 1.0423, 1.1949,-3.2026, 2.1013,-2.0053,-0.1805,-3.1437,-4.4420,-2.9688,-3.3481, 3.4198, 0.9081,-4.1290,-1.2937, 4.4259, 3.5738,-2.2650, 1.0933,-1.3353, 2.6533,-4.3209,-4.8236, 2.4857, 1.8337,-2.9824,-3.2560,-3.2741, 1.5750,-2.5055, 0.0458, 0.6552
-1.7506, 1.3957, 4.1733, 3.9594, 2.7005,-4.4726, 1.4046,-2.7903, 0.3604,-1.2275,-0.9222,-4.1807, 1.7993,-4.6344, 1.8679, 4.2362, 2.2771, 3.1204,-4.3942,-0.3636, 1.3432,-1.7802,-1.2770,-1.3148,-0.0449, 2.5113,-3.3720, 3.3193, 2.3465, 1.2799, 0.2173,-3.3698, 4.4340, 4.2769,-1.3343, 1.3816, 0.2851, 2.3364,-0.4764, 3.0031,-1.9419, 0.5642,-3.7239,-3.4908,-3.6564, 3.8987, 2.6196,-1.9473, 2.5870, 4.0956
-2.5568, 0.0913,-1.8838,-1.5540, 3.1922,-1.5018, 0.9764,-0.8043,-3.6649, 4.3033,-3.6441, 3.7069, 3.4596,-0.7910, 0.2523, 3.2540,-0.0687, 3.8999,-0.4055, 2.5669,-2.0957, 0.7531,-1.6131, 3.7009,-1.4925, 2.3733,-3.3569, 3.5749, 4.3462,-3.1480, 0.2227, 0.2438, 2.1743,-2.3030,-4.8374, 3.1818, 0.1552,-4.5089, 3.2760,-4.2480, 0.7264, 3.0215, 3.1045,-3.0282,-2.7651,-3.7431,-1.9637,-4.7058, 4.2114,-1.2370
-1.2654, 0.8584,-4.6555, 0.5647,-2.6479, 2.2999,-4.7365, 3.5375,-4.9519,-3.5910,-1.4706,-2.7016, 0.9017,-2.7098,-3.1186,-3.0776, 0.7525, 3.5480,-2.9620, 2.3695,-0.7869,-1.8559, 0.1286, 3.4492, 2.8425, 4.7750, 1.8295, 4.6523,-3.7165,-3.5674,-0.8116, 2.0426, 1.3967,-0.4130,-4.4245,-4.0904, 2.5433,-4.2114, 4.1445,-1.3751, 3.5584,-1.0097, 1.3592, 0.8210,-1.5928, 0.8464,-3.7904, 2.1957, 1.5069,-3.9668
 1.4994,-3.4645,-3.1755, 1.3126,-0.3503,-4.4350, 4.3860,-4.4318, 3.1339,-0.9030,-4.8135,-4.1175,-3.5499, 4.8235,-0.7787, 4.9847, 0.9139,-3.1497,-4.9769,-0.7961,-4.3339,-2.4342,-0.7166, 3.7278,-2.1420,-2.1073, 3.3904, 4.8488,-4.9740, 2.1559, 2.9871,-0.2576, 3.0172, 3.2155, 2.0921, 3.8202,-0.9113,-2.2097, 4.8653, 1.3573, 0.6926, 3.2334, 1.1706, 2.2192, 2.4467, 1.0458,-0.3984, 4.6966, 2.5132, 4.0894
 2.1527,-3.5550,-0.6783, 4.8619, 2.9394,-4.8148, 0.7757, 0.0999, 0.3239,-2.2480,-2.3487,-1.2761,-4.0052,-1.9525,-3.1468, 0.4994, 0.4968,-2.8195, 3.2807,-2.4158, 0.7321, 0.0425,-4.3729, 1.9396, 0.3017, 0.0936, 0.5484,-3.4223, 3.7376,-1.5158, 4.6550, 2.1345, 2.8794,-2.2160, 1.1955,-1.1997,-3.7208,-3.7671,-1.7542,-0.8941, 0.8719,-0.9408, 1.1358,-1.7933, 1.6173,-3.5278,-3.4149,-0.2421,-0.3952,-3.3852
 3.1662, 3.8390,-3.5847, 3.3106, 0.3804,-4.5592, 2.5708, 1.6847,-1.3808, 3.3573, 4.8626,-2.0136,-2.9684,-1.8720, 0.6505,-0.8026, 2.8231, 1.1332, 4.7159,-2.1594, 3.5700,-1.2368,-3.5971,-3.1746, 4.0988,-0.7948, 3.8130, 1.3848, 0.0826,-4.9114,-2.3331,-3.2871, 3.1114,-2.8226, 0.3179,-0.5125,-3.2596,-3.5862,-2.0725, 3.5499,-1.7647,-4.0462, 1.5012,-4.5028, 2.0314, 1.3749, 1.8193, 4.7939, 1.0706, 1.9517
 2.1278, 0.6417,-0.4333, 3.9550,-4.7923, 0.7998, 0.7791, 2.3196, 1.9752,-1.6181,-0.6401,-0.5559, 3.1295, 1.5854,-0.4524,-3.9977,-1.9043,-4.2002, 0.6982, 0.2898, 0.4513,-2.5652,-1.9847, 1.8150,-2.0475, 3.2031,-4.8364,-1.3971,-3.6605, 0.5907,-4.5965, 4.3261, 0.6529, 1.9108, 2.5922, 1.8261, 3.1193, 2.5453, 4.9481,-2.6024, 1.9655,-3.7585,-2.7007,-4.3309,-3.5895, 4.7669,-2.5938, 4.6609, 0.8727,-1.0266
 0.9171,-2.5560,-2.2473, 1.2730,-2.6173, 1.3738,-2.0890,-4.7364,-3.4754,-4.3361,-2.7928,-2.0339, 1.2549,-2.1586,-2.4540,-4.3461, 4.5795,-0.9486, 1.9083, 0.8727,-0.1631, 4.0706, 4.6665,-1.8732,-3.4034,-1.1925,-0.8443, 0.5641, 4.8539, 3.0002, 3.5932, 2.7407, 1.6058, 3.6926,-1.3029,-3.0328,-3.3271,-2.8002, 3.6252,-2.6787, 4.5977,-3.4213,-1.2626, 2.9277,-2.1588,-3.5367,-1.6701,-4.5145,-0.5024,-2.4271
-1.9134, 2.9736,-3.1300, 2.8114, 1.8058,-0.4283, 0.1353,-1.1371,-3.0128, 2.3521,-2.9447,-1.2866,-1.0283,-3.5539,-4.5601,-1.3984, 1.1616,-2.2860,-3.6832, 0.6408,-1.0942,-2.7981, 1.2550,-4.9795, 2.4776,-4.7992,-3.0513, 1.6856, 4.9950, 4.6398,-0.0362, 0.4897,-3.8759,-1.3260,-2.3547, 1.0720, 0.6684,-1.9736,-2.5411,-3.1523, 3.0468, 0.3287,-4.4697,-2.0216, 2.6004, 4.7797, 2.0754,-3.2945, 2.2890, 0.3734
-0.8811, 1.2703,-4.2463,-3.4668,-0.2121,-0.2286,-3.1745, 0.2405, 4.7087, 2.3878, 0.7682,-4.0860,-1.3302, 1.7548,-1.0629, 2.7478,-4.0991, 4.6648,-1.5319,-3.2241, 0.5930,-1.6305, 4.7990,-4.4841, 2.9428, 0.3226, 1.1810, 3.0645, 3.1402,-1.8902, 1.4244, 0.8586, 4.4767,-1.2956,-2.6619, 4.9317, 2.6837, 4.5538, 1.0297,-3.4195,-3.3368, 1.1800,-0.8410,-0.4315,-2.0713,-2.4027,-0.2729,-4.7994,-2.0876, 0.4910
-4.5725, 4.0025,-1.5811, 3.5253,-1.8801, 3.8901,-1.0371,-0.1726,-4.3055, 3.2389,-2.4668, 3.7990,-1.4307,-2.7644,-3.3638,-4.5363,-1.5846, 1.6993, 2.2236,-1.7881,-1.2744, 0.9467,-1.0994,-4.6171,-1.4853,-0.6471,-2.4207,-4.3395, 0.2724,-2.5896, 3.4014,-3.8735, 2.0195,-0.4323,-3.2750, 4.9309, 2.1994, 3.6946, 2.6665,-2.2208, 4.6593,-3.8772, 0.8284,-1.1670, 2.6608, 0.8533, 0.3565,-3.1568, 2.5303, 1.3462
 3.5671, 4.2569, 0.1781, 1.4911, 3.1145, 4.0303,-4.5156,-0.3074, 4.3253,-4.5277, 0.8208, 0.1653,-1.0796,-1.9298,-0.5199, 3.6295, 3.6058, 4.4723,-3.1803,-0.0057, 0.4343, 0.0692, 0.9300,-2.3421,-0.0001,-4.8538,-1.1021, 4.6432, 0.4742,-2.8515, 4.2085, 3.3424,-4.6426,-1.8042, 1.3611,-1.0399,-1.4563, 1.5760, 2.6139, 3.2776,-1.6507,-1.0533,-3.7890,-3.4831, 4.5910, 2.4490,-4.9332,-1.6472,-2.4382,-4.5937
 0.4754, 1.0163, 2.6887,-4.8891,-3.4152,-0.5323, 1.3969,-3.9161, 4.4005,-0.6048,-0.9628,-1.5826,-3.3234, 4.2906, 2.2040, 2.1912,-1.0825, 2.2592,-0.0060, 0.8499,-1.2452,-4.6151,-2.0549, 2.1533,-0.6084,-2.1132, 4.6499,-2.0696, 0.1056, 3.1066,-1.0440, 0.8999, 3.7776,-3.7802,-3.4002,-1.1161, 2.3038, 1.9253,-3.9551, 2.6297, 2.7258, 0.7600, 0.1798,-2.0208,-3.3244,-1.9216, 2.7364, 2.4785, 2.3912,-3.2741
 2.8611,-2.1452, 3.1491,-1.9838,-4.5560,-2.6068,-4.9083, 2.6135,-0.0150,-1.6621, 3.2668,-0.4386, 1.2506,-3.6346, 4.2177,-2.6024,-3.2878, 3.3778,-3.2298,-4.2567,-3.9562, 2.8141,-1.9858,-0.9257,-3.5012, 3.0202, 1.4342, 4.9391, 3.7844, 0.2312,-2.0571,-0.1884,-1.6529, 1.1300,-3.1944,-2.2923, 2.9442, 4.4927, 0.2709, 2.0986,-1.3302,-4.0832, 3.9439,-4.9002, 1.2912, 4.3575,-1.7529,-1.3027, 4.9042, 4.4174
-2.7248, 4.1669,-4.1485,-1.2798, 2.9907, 0.8342,-4.4208,-2.4677,-3.7014, 2.1471, 4.2524,-1.3046, 1.9665,-2.9223,-4.2482,-2.0421,-0.5720, 2.1757, 2.6513,-4.1300, 2.6792,-2.4960, 2.4004,-3.7781,-3.6716,-4.5506, 2.6876, 3.3288,-0.2504, 1.8482,-0.6299,-3.0417,-2.4883,-2.9981,-1.5516, 4.5132,-1.2575, 2.0363,-4.0472,-4.8176,-2.0328, 4.1879,-3.4821,-2.2776, 2.6547,-3.7015,-3.0296, 3.1382,-2.1419,-4.3640
-2.2214, 4.3671,-3.7666, 0.7263,-1.6023, 2.2457, 3.9635, 3.2794,-2.4504,-1.8873, 4.7362, 3.8540,-3.2427,-3.5229,-3.6189,-3.2692, 4.5135,-3.5621, 1.3980, 0.3662, 2.9211,-4.5760, 2.1823,-4.8136, 4.5269,-2.3360, 0.3855, 4.9269, 4.1394, 4.6886,-1.1226,-1.8633, 3.3724,-1.1628,-3.5118,-3.7969,-4.9179,-1.3163,-1.6494, 3.6639,-4.8783, 2.6218, 1.8143, 2.4962,-4.1572, 2.3444,-1.1999, 0.5552, 2.7165, 0.7673
-3.5401,-4.6900,-4.1009,-1.3449, 4.2214,-0.7353,-4.7112,-2.4681, 3.7658, 3.7762, 4.7214, 2.0823,-1.4137,-0.8615, 3.3604,-3.3601,-0.0826,-3.9164,-3.3744, 0.9455, 2.4065,-0.0995, 2.1034, 0.8125, 3.0660, 3.1495,-4.8421,-2.5871,-4.2016,-4.2602,-2.2466, 1.7557, 4.4122,-2.1956,-3.9377, 3.3204,-0.4033, 3.3507,-0.7499,-3.5270, 4.9274,-4.1619, 2.7405,-2.6084,-4.6197,-1.0251,-1.1150, 2.1237,-3.9116, 3.7825
-1.0973,-1.0587, 4.3475, 1.6363,-2.7839,-4.5453,-4.2696, 1.3245,-4.4816,-1.9584,-4.4974, 3.2136, 2.3931,-0.2116,-1.3519,-3.9122,-3.7082, 2.7044,-0.4974, 0.5319, 2.6827, 1.8094,-1.9101,-3.3601,-4.6123,-4.6890, 0.1167,-3.8190, 1.8770,-0.7358, 1.4968,-0.2902, 2.1766, 3.6229,-1.6836,-1.9377,-3.1067, 3.9422, 3.5552,-2.5248, 4.2593,-4.0825, 3.9430,-0.7473,-0.6712, 0.1207,-4.9810, 0.6444, 4.3257,-3.2827
-2.2259,-3.1220,-3.5880, 0.1497, 3.5161, 1.4958, 1.3556, 4.7940,-0.7244,-2.7917, 3.3505,-2.2584,-3.3249, 4.5366, 3.2628,-2.7730,-0.9578,-0.2474, 2.9180, 4.5722,-4.0980,-1.3623,-1.2706,-1.4939,-0.5288,-2.0234,-0.2555, 3.8588, 1.9558,-1.1222,-3.3385,-4.4869, 4.5896, 1.8165,-3.9511,-3.6486,-4.0003,-3.9106,-0.3947, 3.5797, 1.4202, 0.7019,-2.2168, 0.4750,-0.2251,-3.8894,-0.7372, 0.0536, 0.1313, 0.6092
-0.6684, 3.5082,-1.7054,-2.0660,-1.0156,-1.4607,-0.9399, 0.1669,-0.1492, 2.3572, 1.1827,-1.2151,-0.1453, 0.4043,-0.7630,-3.8975,-1.9978, 3.9439,-4.6087,-0.5562,-3.8304,-1.3367,-0.7635, 1.5885,-2.4706,-2.3001, 3.5848,-4.5893,-1.0534,-4.0949, 2.7622, 4.4452, 3.0252, 2.4694, 1.5022, 1.9078,-3.5960,-1.8538,-0.4628,-4.0938,-0.5024, 4.5384,-0.0865, 4.2152, 0.7937, 4.9533,-0.9523,-1.0238, 2.9065,-0.3447
 2.9376, 1.0175,-3.0469,-3.0848, 3.8029,-1.3813,-3.0481, 3.2135,-0.0277,-0.5363,-3.3746,-2.1942, 3.9717, 3.1804,-4.0346,-3.3366, 0.5331,-4.9327, 4.9554,-0.0948, 3.1113,-0.8323,-3.6093,-4.4598,-3.5591,-2.7712, 0.5026, 3.9947, 4.1456, 4.0748,-4.3284, 1.9775, 3.5787,-1.9759, 3.9497,-1.3954,-0.7696, 2.9587, 0.2055, 4.9612,-0.4731,-3.7886,-0.6899, 3.2632,-3.3386,-3.6005, 4.9796, 3.4868,-3.0118,-4.8384
-2.1713,-0.3430,-3.9975, 4.6756, 4.8047,-1.3765,-2.8722, 2.2226, 3.8144,-0.9156, 1.6922, 0.1904, 1.3130, 1.8861,-2.0674, 2.5129, 1.2080,-2.5619, 3.7858, 1.6960, 2.4513,-3.9485, 4.2068,-3.9953,-1.8497, 0.6758, 1.1647,-2.5292, 3.3731,-2.2505,-2.7733, 4.4375,-1.5817, 3.2848, 4.5999,-3.8375, 0.8674,-4.7139,-0.1429, 1.2890, 2.4079,-2.2825,-4.2583,-3.9642, 1.2180, 1.4011, 3.0712,-0.3749, 2.7451,-3.7054
 1.5757,-3.1869, 1.8605,-2.5640,-0.7829, 2.8421,-1.9370,-1.4272, 1.8230, 4.1806,-4.2636,-1.7959, 2.3520, 0.5447,-2.1557, 1.2513, 1.3861, 3.8170, 1.7203, 3.9849, 1.4133,-1.0729,-2.1425,-3.3543,-1.7117,-1.6929,-2.5451, 1.0877,-1.0677,-0.0326,-1.3478, 4.4854,-3.5135,-2.7084,-4.0640,-2.0771, 0.2353, 4.0822, 3.9523,-2.5809, 3.5455,-3.9008,-1.5169,-1.0600,-4.5457,-3.5862,-3.9897,-4.9077,-1.0159, 3.3162
 2.2478,-0.6378, 1.9803, 2.2017, 2.5453,-1.3575, 0.8347, 1.7214,-1.2496, 0.9246,-4.6718,-0.3986,-4.0568, 0.5721, 0.8380, 1.0497,-0.3934, 2.6592, 0.8033,-4.0666,-2.4351, 2.0465,-1.5700, 4.9132, 0.6131, 4.3377,-2.3249,-0.3534, 2.7406,-4.8928, 1.9670,-1.1972,-4.5182, 1.5982,-3.8431,-0.0495,-3.7719, 4.2704,-2.2105, 2.4224, 4.2740,-4.3481, 3.7876,-1.6693, 2.9404,-4.5876,-0.6896,-2.4383,-1.1151, 4.2386
