 1.2620,-1.4185,-1.2704, 1.5931,-4.5624,-2.0483, 3.4640,-0.5100,-4.6399,-1.8925,-1.6746,-2.0616, 1.9245, 0.1521, 4.6633, 1.7785,-4.7320, 4.8990,-4.1295, 0.0894, 3.7529,-1.1811, 4.0876, 0.2123, 2.0170, 3.1149,-4.6394, 3.1213,-2.2949,-1.9180, 4.2795, 4.9848,-1.3246,-1.5746,-0.6365,-4.8966, 1.4861, 2.5418,-3.3550,-1.9792,-3.9073, 2.6692, 4.8288,-1.8545, 0.1276,-4.4131,-0.7116,-1.7217, 3.7623, 2.7216
 4.6367, 1.4743, 3.3820, 4.9712,-0.9290, 2.8172, 0.2008,-1.3669,-3.3729,-2.0679, 2.0731, 0.2284, 2.6157,-3.5077,-4.1510,-4.8355,-4.6085, 1.1286,-2.7374,-4.6640,-0.7379,-1.7308,-1.6600,-2.0720,-4.0012, 0.3316, 0.1484,-2.6689, 4.6359, 1.9396, 0.7941, 1.9073,-0.4837,-1.2089,-1.4520, 0.1316, 4.1640, 3.4227,-0.4743,-0.2744,-1.0171,-3.3121, 1.3658, 0.1995, 1.3517, 3.2026,-3.5544,-2.9948, 1.3576,-2.5579
-3.1320, 4.8246,-3.2328, 0.6885,-2.6719, 4.0288, 2.2646,-1.2955, 2.5597, 3.3221, 1.7204, 3.1421, 0.7733,-1.4614, 4.9050,-2.7553, 4.5188,-4.6732, 3.8056,-0.1555, 0.2600,-0.6525,-0.0016, 3.6910, 0.8392, 0.9213, 1.1366, 3.0175,-2.2446, 0.0320, 0.3224, 1.2613,-4.6411, 4.8158, 0.3105, 2.6363, 2.8243,-3.5972,-0.7410, 0.3203, 0.0801,-3.4057, 1.6199,-0.9383,-0.7587, 4.2414, 3.5579, 4.8339, 3.0420,-4.2231
 3.7143, 0.2399,-2.0044, 4.9576,-4.2928,-4.7641,-3.6080, 3.7644,-4.1361, 3.1470, 4.4933,-1.9479, 2.6114, 0.8776, 0.8410,-0.6207,-0.0610, 0.2947,-1.4161, 3.7389, 0.3181,-2.8154, 3.1147,-4.1430,-2.6545, 4.1396, 0.2461,-2.5227,-1.1414,-3.9076,-0.6145,-1.0391,-1.9988,-4.2161, 2.8161, 2.4624,-1.9589, 0.6871,-1.0663, 4.4322, 2.6850,-3.8641,-1.0201, 0.8245, 4.6417, 4.8277, 2.6282, 0.4133,-2.3488,-4.9201
 2.2413, 3.7783,-2.0712, 3.1249,-2.9107, 3.2288, 3.7292,-1.4074, 2.4238, 3.5908,-1.1114,-0.3451,-4.7522, 1.8866, 4.2181,-1.5739, 0.2477,-3.1789, 4.1356, 3.7127,-3.4648, 0.4715, 0.7586,-3.7876, 0.1951,-3.4425, 1.8984, 4.6708, 1.5902,-1.0431, 3.2022,-3.3836,-4.8332, 0.9115, 1.2660,-4.4734, 0.3495, 2.6315,-1.7531,-1.2065,-0.0763,-0.3242, 4.8414, 4.4447, 1.6897,-2.0670,-1.6521,-3.1572, 4.7955,-1.5447
-2.8149,-0.1231,-3.1825, 0.8904,-2.3588,-0.3161, 0.9486, 2.0216, 4.1955,-4.4364, 1.1646,-0.2748, 4.0759, 1.8460, 3.1223, 3.6852, 1.9176,-4.1939, 4.3720,-1.1753,-2.7920,-1.9193, 3.6020,-4.3730, 1.5132, 1.5898,-3.1667,-1.0984,-1.5349,-3.2346, 2.0452,-3.0171,-2.0813, 4.5801, 2.4955, 2.0034, 4.9624,-1.0811,-1.5638,-0.2885, 0.8878, 3.8869,-1.2262,-3.3903, 3.7122,-4.2886, 4.1183,-3.4689, 1.3870, 2.3444
-4.6421,-0.8053, 4.1373,-3.0660,-1.4814, 4.2366, 4.5825, 1.2235, 3.4871, 0.1325,-1.9727, 1.9427,-3.7678,-1.1928, 0.5888,-0.9336,-4.2033, 3.8432, 0.3025,-4.3393, 2.9932, 3.1318, 3.0663, 3.3791, 4.6599,-0.4169, 4.4173,-0.9911, 1.7294, 2.6738, 0.3878,-3.0617,-1.5648, 2.5851,-0.8921, 0.5821, 3.7095, 3.2207, 1.7540, 3.9314,-0.7261,-2.7828,-3.7796,-3.9205,-3.7721, 1.9687,-3.7868,-4.5109, 1.4987,-4.5388
-4.1081,-2.4908, 2.6645, 4.0933,-1.3488,-0.5020,-4.0203,-3.2470,-0.5067,-3.3773,-3.0626, 0.0912,-2.3123,-2.0186,-4.2370, 0.9108, 3.8573, 4.5483, 2.6487,-1.8561,-0.4444, 1.6283,-2.8799,-4.9846, 3.2281, 2.1951, 1.3121,-1.9295, 3.7911,-2.6434,-4.1271, 0.5450, 0.9309, 0.1155,-0.5345, 3.4081,-2.8088, 3.4204,-2.6999, 1.1682,-0.6585, 1.5846, 2.8724,-4.9067,-0.3743, 0.1923, 0.2554,-2.2375, 4.1199,-3.3488
-3.6089, 4.3236,-3.4280, 0.3487, 2.4601, 2.5451, 1.5546,-3.9242,-2.7312, 3.0641, 4.9730,-2.1123,-0.2668,-3.6496, 2.9276,-3.2853,-0.3650,-1.1943,-2.1715,-1.8843,-1.8707, 2.1310,-1.0891,-1.0348, 4.9462,-0.4229,-3.7489, 1.0435,-4.1795,-0.5582, 3.2740,-3.3455, 3.8592, 1.8861,-3.6823, 4.5189,-3.2893, 3.4442,-3.5570, 2.0975, 4.2165, 4.8886, 0.6216,-2.0736, 4.8729,-0.5506, 3.1565, 2.0685, 4.5538,-4.7850
-2.2612, 4.7949, 1.5548,-1.8020, 4.1095,-1.3484,-1.7420, 3.9175, 4.7112,-0.3771,-1.0969,-1.3395, 4.1158, 2.3001,-3.9998,-0.1041, 3.6997,-4.2672, 0.7435,-0.0331, 3.8501,-1.5198,-2.9881, 4.5201,-1.5247,-1.5205, 4.3695,-1.0220,-0.9836,-1.8541, 1.1421, 4.7221, 4.9637, 2.2668, 1.6753,-1.7646,-2.6305,-1.7834,-2.6808,-1.9349, 4.5753,-2.7941, 1.8635, 3.2751,-1.9834, 3.6773, 0.1525, 4.4853, 0.4425,-3.9815
-2.0234,-4.8318, 1.3968, 0.5673, 2.9365,-2.9121,-0.2094, 2.1613, 1.0768,-0.4375, 1.9491,-2.7670,-3.8226,-1.5836, 1.0159, 4.9250, 1.1010, 3.4935, 1.3695, 4.6876,-2.7791,-2.9198, 1.2418,-1.0300, 3.4004, 3.3245,-1.7460, 1.2861, 4.5904,-2.5750, 2.4076, 2.1819,-0.6359,-4.1291, 0.6835,-3.3468,-0.9080,-1.5827,-2.7907, 3.8605, 3.7435,-2.1999, 2.8566,-4.6974,-0.2401,-4.0934, 2.5392,-4.1096,-4.6506,-4.2461
 0.9195,-2.5641,-2.9932, 0.8486,-3.7496,-4.4954,-1.1623,-2.5799, 2.0908, 1.2137,-2.7571, 3.0170,-4.1561,-0.0294, 2.5154, 3.6524,-4.9243,-0.4018, 2.0572,-3.9377, 3.3205,-1.4899, 1.5616, 1.5992,-4.1734,-0.8616, 1.7129, 0.0019, 4.7281, 2.6410, 3.4719,-3.4248, 2.6643, 2.3580,-3.2245,-4.8582, 2.8137, 4.5998, 1.9735,-3.9091, 3.8572, 0.2874,-2.9686, 1.0250, 0.3947,-4.7065,-1.4570, 1.1459,-2.6915, 1.1417
 4.6958, 2.2808,-1.8679, 1.9974, 4.6980,-3.0839, 1.0677, 2.8281,-3.9706, 2.1348,-0.3286, 2.3528,-2.5634,-2.2328, 3.9312,-1.1447,-1.1050,-0.3781,-2.9376,-0.3568,-3.3710,-4.7739, 1.7221,-3.6623, 2.3645,-3.8402, 2.4989, 1.8569, 3.2562,-3.4708, 4.0589, 3.8540, 4.7941,-4.2527, 4.5750, 1.9662, 3.6353,-4.0666,-0.5368, 1.6522, 0.7181, 0.1908,-2.3266,-2.9710,-0.9353,-0.9041,-4.1955,-0.6642,-0.8204,-4.1660
 2.3280,-1.6050,-3.2337,-3.3095,-2.8967,-1.5385,-1.5604,-1.0083, 1.1316,-3.0477,-3.5140,-0.2795, 1.7920,-2.0258, 0.8570, 1.6640,-3.7873, 0.6606, 0.9262, 2.8207, 3.0972,-2.2609, 4.3815, 3.7125, 2.3857, 2.9412,-4.2980,-3.5542, 3.2047, 0.9462, 0.0373,-3.4209,-4.3593,-4.6529, 1.4278,-4.0006,-2.6867, 3.1186, 3.3458, 2.5687,-3.2304,-0.3377,-4.1826, 3.3034,-3.5485, 0.7588, 1.4737,-3.6731, 3.3795,-3.6255
-2.5594, 4.9521,-4.3570,-4.5710, 4.7070,-1.5401,-2.3851,-4.3204, 2.8229,-2.2756,-3.0082, 0.9840,-3.5050,-1.3207,-2.4546,-2.7526,-0.9693, 0.7747, 4.4340, 1.0311,-4.5267,-0.3020,-4.1092, 4.2434,-0.8497, 2.5709, 2.7756,-0.8479,-1.3030, 0.6588,-4.8755,-3.1881, 3.5031,-3.2441,-1.6075,-4.6408, 4.3454, 3.1680, 0.3837,-2.9343,-1.7291, 0.8026, 1.4782,-1.1792, 3.6555,-2.0454,-0.1110, 2.3182, 4.8221, 0.5249
-2.3921,-4.7889, 2.1231, 0.8164,-3.6921, 4.3359, 3.3689,-2.1475,-1.5625,-3.5934,-4.3827, 3.4467,-1.5482,-2.0926, 3.3411, 0.8155,-0.1084,-1.6360,-1.5733,-1.3797, 4.0800, 4.1941, 3.9593, 0.0934,-3.5630,-2.7787, 2.7776, 4.9696,-4.9396, 1.9579,-0.1522, 0.5858,-0.5375,-4.9196,-3.7001,-2.8954,-3.0702,-1.3671,-2.3254,-2.8303, 2.5258, 3.0661, 1.6997, 2.2603, 3.6954,-2.5114,-0.2992, 2.8188, 1.6028,-2.0943
-0.1064, 2.5722,-2.9520,-2.0258, 0.4710, 4.3615,-1.1641,-1.2127,-4.9905, 1.7101, 4.2022, 2.1175, 1.4343, 3.4031, 1.2796,-0.8376,-1.5929,-2.2105,-0.9566,-0.1481,-0.9052,-0.9244, 2.7265, 3.7022,-3.8905, 2.5996,-3.6408, 2.6504,-3.9966,-0.6642,-2.2554,-3.2182, 2.9241, 4.8991,-0.1127,-0.7725,-2.7468,-0.9714, 0.2453, 4.4326,-1.9241, 2.1086, 0.4169, 4.3296, 0.7902, 4.2619, 3.6477, 1.8096, 2.0543,-1.1883
 0.1678,-2.8947, 3.6573,-1.6782,-2.4990,-1.4532, 1.4125, 3.6739, 3.9420, 2.0365, 4.6015, 2.2127, 3.5736,-2.6360, 4.7956, 3.3918, 2.3662,-0.6871,-3.4105,-1.6032, 1.5808,-3.6274,-2.3713,-4.7390, 0.0025,-4.7957,-2.1614, 2.5733, 4.6945,-4.0190,-2.2355, 4.8973,-2.0624,-0.7225, 3.8017,-0.8481,-2.9969,-3.7668,-4.1495, 4.4075, 4.1275, 2.9486, 4.8656,-0.1672, 1.6736,-3.9746, 4.0577, 0.4671,-4.8037, 1.7347
 1.9926, 4.9849, 2.1783, 2.0657, 3.3184, 2.8095, 0.6979,-3.5622,-3.0356,-4.8690, 1.2701,-2.7543,-0.5277, 1.1710,-2.6557, 3.1579, 2.5563, 1.7059,-3.8944,-4.3655, 4.9410, 0.1785,-3.1375, 1.3611,-1.5196,-1.6037, 0.5527,-3.1310,-4.1194, 4.9553,-2.5686, 1.5715, 2.1544, 4.5738, 2.0701, 0.0226, 2.1962,-0.0732,-2.0014,-4.3537, 1.8217,-3.2104, 0.4647,-0.5689,-4.6885, 2.2097, 2.7482, 2.4764,-4.2623,-2.4230
-2.6147,-4.5991, 1.5678, 2.2491,-0.0159, 3.7326,-4.8314,-3.5540,-1.0417,-4.3039,-0.7583, 3.6706,-0.0481,-2.4075, 4.6594,-0.8986,-0.7765, 2.8820, 4.8537, 4.4285,-2.3544,-3.1882, 2.0338,-1.4828,-4.1727, 0.8155, 3.1897, 4.8227,-4.4620,-4.3674, 0.7561, 2.0086, 4.9272,-2.8266,-3.0975,-0.9970, 1.7261,-4.9278, 2.1838, 0.7014, 3.4194,-0.7877,-1.1367,-1.6034, 4.3395,-1.8002, 1.7454,-2.5198,-3.7461, 1.8639
-1.9943, 1.5380, 0.2860, 4.4762,-1.9737,-2.2167,-2.1656,-1.4870,-2.9525,-0.4241,-3.2344, 1.5455, 4.6345, 4.1087,-2.1964,-2.3739, 4.5022,-4.9193,-4.9266, 0.5975, 0.7003, 0.2764,-0.3177, 0.8034,-3.2534,-2.4791, 4.9904,-1.2138,-0.6967, 2.9646,-1.4244,-0.4373, 1.9462,-1.0243,-1.4918,-3.2196, 1.6057, 3.4955,-0.8892, 2.7261, 1.2647, 4.7943,-4.0637, 1.4047,-0.2627,-0.5337, 2.5675,-0.3112,-4.7421,-4.2498
