 4.2776, 0.8375, 1.2843, 2.6430, 3.8226,-3.3900, 2.2106,-3.5968, 3.1446, 1.6467,-2.9774, 4.8213, 4.8327,-2.5055, 1.0768, 2.0754,-0.5104,-3.0682,-3.3220, 3.3441,-4.8873, 0.1675,-3.3877, 1.2057,-3.3138,-4.5641, 3.6210, 3.8307, 4.3942,-3.8065, 4.1697, 1.7716,-4.3989, 3.3157, 3.3296,-0.4555,-1.0851, 1.6257,-4.2580, 4.3729,-1.9008, 1.8558, 4.5806, 0.2479,-2.9716, 2.6924,-2.0093,-1.4075, 0.3027, 0.9630,-3.2305,-3.6194,-0.6650,-1.6843,-1.9103,-2.8871,-2.5135,-1.2500, 4.4942,-1.6776
 2.2363, 4.4705,-3.2893,-2.5699,-4.4609, 2.3324,-0.2594, 2.4995, 2.7590,-3.6790, 2.8821, 3.2791,-1.9098, 4.0091, 1.5937,-0.0854, 1.2419,-2.3792,-3.7682,-4.2029,-0.4996, 2.5605, 2.1677,-4.2681,-0.9944, 2.7164, 1.1156, 2.3392,-0.1226, 1.1209,-0.2746, 3.1599,-4.9873,-3.2099, 2.4764,-3.7083, 4.8901,-4.4755, 0.5444, 0.4555, 0.3391, 0.3376, 0.9104,-0.2255,-0.6733, 2.1493,-1.3442,-0.5061,-0.3346,-1.0706, 2.4086,-0.8888, 4.9817, 4.8972, 0.0869,-4.6945, 1.8583, 0.4514,-4.1489,-3.3505
 0.2016,-2.7681, 1.7940,-4.3542, 3.4837,-1.0118, 2.3710, 2.9315, 1.0408,-3.9001,-1.8631,-3.3484,-2.9867, 4.7544, 1.3690,-2.3116, 3.5518, 2.1364, 1.6361, 1.3220, 3.0551,-0.4535, 1.1926, 3.4773, 1.8346, 4.4682,-4.9840,-3.6316, 0.1280, 2.3160,-1.4334,-0.1984,-0.1845,-0.2876,-1.7928,-0.1433,-4.7970,-0.9664, 3.6855,-2.4443,-3.9130,-1.8142,-4.9118, 0.1227,-0.5122, 2.1255, 4.2395,-4.2549,-4.2502, 2.3693, 0.1702, 4.3627,-0.7355,-0.8293, 4.8534,-3.9058,-3.1063,-4.2103, 3.5867, 2.3130
 1.3933, 4.4205, 0.9660,-4.2355, 4.5442,-0.2946,-4.4510,-2.6556, 4.5944,-2.4038,-2.8735, 1.6100,-3.8877,-2.5026,-2.9091, 2.4800,-4.7872, 4.0462, 3.3934, 4.0569,-4.3616,-1.4050, 0.1632, 2.5194,-0.1395, 0.2492,-3.8897,-1.2459, 4.0404,-0.6359,-4.6393,-2.5493, 4.0433,-0.7157,-3.1381,-1.9611,-1.1641,-0.2846,-1.4646, 0.7136,-2.1136, 1.3619,-4.1767,-0.0079, 2.2231, 2.0016, 0.8444,-3.3382, 0.9415, 0.0746,-3.5712, 0.3467,-2.4983,-4.8599,-2.6030,-1.0427, 4.2634, 0.4065, 4.2453,-2.1258
-3.0339, 4.0112,-1.2864,-2.9554, 2.0903, 1.7103, 4.8859, 4.4743,-0.0280, 1.6442, 1.3199,-2.5780,-1.9419, 2.0888, 2.4624, 4.4800,-4.6404,-3.3970, 0.3180,-3.4208, 1.1832,-1.2645, 0.4595,-4.4800, 4.7681, 3.0016,-1.4798,-2.3838,-0.6283, 4.4024, 3.4139, 1.4518, 4.9018, 4.2001,-2.1866,-4.9443,-4.5603, 0.3453,-2.8946, 1.2439,-0.6387,-1.8003,-4.6007,-0.2188, 2.5499, 4.0255, 2.3498,-0.9136, 1.6222, 2.9523,-4.1986,-3.9555, 0.3275,-3.5442,-4.0592,-4.4199,-4.1374, 3.5958,-0.4667, 4.0559
 1.4384, 4.9101, 3.7809, 0.1376,-0.9771,-4.6503, 3.1544,-1.1926, 3.0421,-3.2778, 4.2375,-1.3084, 4.3903, 2.1923,-3.3852,-4.9712, 0.5653,-2.2227, 3.4194, 3.1556,-2.9223, 2.0600,-1.2542,-0.5620, 1.1835, 0.1219, 0.2333, 1.6400, 1.5656, 3.3554, 0.1401, 0.5642,-0.3407,-0.3542,-0.4676,-4.0764, 3.5309, 3.2699,-3.3175, 3.8789, 3.9744, 2.5100,-0.0569, 3.7567,-2.5237, 1.3889, 0.2309, 4.5228,-0.7181, 3.9609,-0.9750,-4.4291,-2.7071,-4.7894,-3.3706,-4.2877,-2.5809,-0.0861, 0.2507,-4.2114
-2.8073, 4.5277,-1.7007, 0.0509,-1.5197,-1.4974,-0.3868, 3.3210,-2.0086,-3.1344, 2.2811, 0.0327, 2.8373, 1.6071,-1.5403,-0.4215, 4.9015,-3.0580,-2.5122, 3.5398, 1.5226,-4.6999,-2.4921, 1.7244,-0.7092, 1.0991, 2.4555, 1.9570,-1.8721, 3.4934, 0.0586,-3.7972, 4.6239,-3.6369, 0.0826, 2.7620,-3.3500, 4.2663, 4.5356,-4.2147, 2.2413,-3.4544, 0.9957, 2.5953, 0.7643,-3.9403, 3.8508,-3.1476,-4.3410,-1.5223, 1.4430,-0.5589, 0.9280, 1.9775,-0.5212,-1.5149, 3.1890, 0.0057, 3.6455, 4.4321
 4.4003, 2.3763,-2.5891,-4.9381,-0.8195, 2.6677,-3.8385, 4.2645,-1.5866,-2.0442,-0.8651, 2.8986, 1.6880, 3.0683,-1.4717,-3.4966,-2.0107,-2.2088,-3.0106,-1.6559, 0.5534,-2.3745, 1.3535, 2.9256,-3.5193, 2.2492, 3.0039, 4.7267, 3.1619,-2.0940, 3.1096, 1.9190,-3.1443,-1.5151, 1.0317, 4.6584,-0.6694,-4.6223,-1.1019, 4.0795,-2.1198,-1.5918, 1.9005, 4.2072,-0.6025, 0.8294, 4.2095, 2.0523,-1.9700,-1.2565,-4.1979, 1.3160, 4.2861,-3.2764,-3.7681,-1.0345,-2.2004,-2.8933,-4.0066, 4.8224
 1.5554,-0.1241, 0.6724,-4.0185, 4.2511,-3.9528,-4.6614, 2.8013, 3.4399, 0.9690, 3.2665, 3.3440, 0.1267,-3.5634, 1.2204,-3.4248, 1.4874, 0.7645, 3.1064,-0.3244,-0.3081,-1.8069,-2.2593, 1.0061, 3.2121, 3.2632, 2.4323, 0.4117,-1.3986, 2.9551,-3.0070,-0.7848, 2.8966, 1.9465, 4.1484,-4.3357,-4.0641, 1.3914,-0.7101,-4.3969,-3.9642, 1.6306, 1.7860,-4.8952,-4.9776,-3.1161,-0.5488, 0.4939,-1.2486,-3.9281, 2.4167,-1.5836, 1.4141,-2.8180,-4.1476,-3.9436,-1.0915, 0.3349, 3.1055,-3.4635
 3.9773,-4.6330, 0.4521, 4.9341,-2.5181,-1.1530,-1.7937,-2.9263,-4.6804,-3.9067,-2.2082,-3.4860, 0.6306, 1.2606, 1.9228, 2.1446,-1.6523, 2.0863, 4.1790, 1.3042,-2.7429, 4.7043, 3.5719, 4.5782, 4.8574, 0.9282,-2.3646,-0.8041,-4.9727, 3.0692, 4.9953,-4.7689, 2.5765, 1.6108, 2.7183,-3.5306,-4.2064,-0.9838, 0.3013,-0.5495, 2.9685, 2.1419,-3.3673, 3.0703, 3.0691,-2.0095, 3.4762,-0.5651,-2.7606,-0.5831,-3.2483,-2.1277, 4.1624, 1.2683, 1.7446,-0.3840,-1.4768,-0.9859, 0.1868,-4.6969
 3.8702,-2.8362,-4.4654, 1.6408, 3.6945,-3.6547, 1.9450,-4.8116, 2.8513,-2.7683, 4.9444,-4.1448, 4.3597,-2.9543, 2.7316, 1.9252,-2.7281,-1.1773, 3.6344, 2.0844,-4.7226,-2.9652, 3.7056,-2.9947, 1.8292,-2.6567,-1.4585,-1.3150, 3.1839, 1.5881,-0.9898, 3.4970,-1.8695, 1.4847,-0.3354,-2.3417, 0.1674, 0.6324, 1.2842, 2.6410, 1.8707,-4.0973,-1.1900,-0.5712, 2.6337, 3.6485,-1.0125, 2.9462, 4.7116, 3.1593, 2.0330,-2.0275,-4.2236,-4.4559,-3.6893,-3.9467, 1.7544, 1.6286, 1.2421, 1.7730
 1.6691,-3.4848,-3.2290, 0.7269,-3.2682, 0.3295, 2.8766, 0.9082,-1.6522, 3.1509, 2.2022, 1.2244, 0.2074,-3.7800, 3.0272,-1.2493, 0.9879, 1.3634,-0.3776,-3.3165,-4.7074,-1.1466, 4.0943,-2.9845, 0.0304, 2.5283,-2.8943, 3.7498, 3.5422, 4.0215, 4.5109,-0.3627,-3.4845,-4.6878, 3.4900,-1.0923, 3.0476, 1.2834,-3.1562,-2.4984, 4.2407, 3.8619, 0.7974, 3.6921,-1.2141, 4.6246, 3.4141,-0.4150, 3.2581,-4.0173,-0.8989, 0.3105, 3.0148, 0.6999, 4.4137, 2.1124,-2.8944, 3.4298,-1.5895, 4.0338
 3.4292,-3.7379,-1.2095,-1.9378, 0.2760,-0.4357,-2.5879, 0.6216, 0.7392, 2.8173,-0.5353,-2.7750,-3.3098,-3.5915,-3.8682, 1.8840, 1.1744, 1.5244,-4.8647, 4.3921,-2.8711,-2.2200, 1.5264,-4.6704,-0.8597,-2.1946,-0.6891,-0.6162, 2.8470,-2.0103, 3.6939,-1.4249, 4.0787, 2.1218, 1.3286,-1.4303, 0.3971,-4.0632,-0.5334,-0.5483,-0.8795, 4.6538, 3.3551,-0.4138,-0.9448, 3.8656, 1.0705,-4.4064, 1.1812,-2.0025,-4.3593,-0.4981,-4.0155, 4.3174, 0.3945, 3.9703,-2.7820, 4.5098, 0.3876, 1.4171
-3.1492,-1.1426, 0.4335, 4.8213,-1.7703, 1.8096, 1.4746, 2.3072,-4.1000, 4.9968,-4.8153,-0.3352, 4.2112,-1.9898, 4.3400,-1.6830, 0.4751, 4.8923, 2.0607, 4.3350,-2.3382, 1.1099, 0.6249,-3.3403, 2.3269,-1.0889, 1.1703, 0.2000,-1.2252,-4.7725,-1.8376,-4.9089, 1.0017, 2.5671, 0.6126,-3.7989,-2.2751, 2.3201, 1.6744,-1.3231, 3.1844,-0.4400,-0.8105,-1.6637, 1.5903, 2.0861,-2.6624, 0.6141, 1.9398,-1.2632, 3.2042,-3.5607, 4.1394, 3.9166, 4.1992,-1.2014, 1.3594,-4.0273, 2.4363, 0.9318
-0.6516,-0.2209,-4.5665, 4.9914, 0.8012, 1.9364, 0.4721,-1.9200, 2.1545, 2.9481, 2.7269,-1.2707,-3.2051, 4.6257,-3.5339,-0.0498, 1.7011, 2.9355,-3.9164, 3.2614, 3.9811,-1.5277, 4.9788,-4.9515, 2.1408, 3.5295, 1.6208, 1.1863, 2.4546,-1.8128, 0.2831,-1.0562,-1.2561, 2.4148,-0.7386, 2.6387,-4.0166, 2.2858,-3.6087,-3.7448, 2.7167, 1.5593,-0.8229, 4.6415,-2.8506, 1.4431, 4.4948, 1.7978,-3.1647, 2.5398, 0.4125, 4.0642, 0.3598, 4.6421,-2.4367, 1.1906,-3.2112, 0.3026,-1.8501, 0.0745
-1.0590, 1.5733,-3.1403, 1.6432, 1.4857, 0.1103, 2.8075,-3.0423,-2.1432, 4.2151, 3.7052,-4.2060,-1.3508, 0.4914,-3.5150, 1.8133, 1.8799,-2.0162,-1.1682, 3.8483, 2.4573, 4.3327, 4.2249,-2.5596,-2.0267,-3.4304, 0.1487,-4.2307, 1.8527,-3.6499,-1.1648, 2.4895, 1.1548,-2.4960, 1.4366,-0.0387,-4.9213, 0.3372,-4.8654,-2.9595,-3.0856, 4.3929,-4.2744,-2.8672,-3.7275, 0.7281,-2.2530,-4.0112, 4.7051,-3.0306,-3.5634,-3.3258,-3.9199, 0.2850,-3.0871,-4.4235,-0.6541,-3.2987,-4.5564,-3.5861
 0.3795,-4.3975,-3.7654, 3.7119,-1.8306, 0.3835, 1.8040, 1.7607, 4.9721,-4.6985, 1.9155, 2.3350, 2.0464,-2.7035, 4.4922, 4.2034, 1.3911, 0.1900,-0.1638,-4.4163, 1.4230,-3.5981,-4.0277,-0.2890,-1.1065, 3.5665,-1.3617, 0.9715,-1.6301, 4.4219,-3.5628,-0.3916,-4.4055, 3.3547,-3.5824,-2.4218,-3.1826,-0.2023,-2.2455, 4.9221, 3.1304,-4.1421, 3.8205,-4.6906,-4.1895,-0.2635,-2.4918, 1.5758, 3.1011, 3.8704,-0.5014,-2.7163, 3.8204, 4.0593,-1.0728,-3.6532, 0.4638, 2.0008, 4.7791,-0.2401
-3.0889,-2.5045, 4.7204, 1.6979,-4.0567, 0.4528,-3.8679, 0.4132, 4.1130, 3.2940, 3.7785, 4.8433, 4.6022, 3.5510,-3.9958,-0.9902, 2.4934, 4.4829, 4.1605, 2.8809,-3.0526,-3.3688, 2.7865,-1.7539,-1.2479,-1.8326,-4.8359,-2.3649, 0.8914,-0.8093, 3.5552, 1.9115, 4.6263, 0.7692, 2.9672, 0.8134,-0.4318, 2.5070,-0.5952, 3.1606, 1.1417, 4.1906,-3.6151, 1.8764,-0.5389, 1.5743,-0.4353, 1.9805, 2.1477, 3.2883, 2.3384, 3.1655, 3.1494,-1.3989, 0.4801,-3.7685, 3.7709,-2.7197,-4.5888,-3.3639
 4.2459, 3.4215, 0.5340,-2.5046, 0.8327,-1.5070, 1.8758, 1.3844,-0.3426, 3.2205,-0.2596, 4.3819,-4.1727,-0.7924, 1.3376, 4.5445, 0.0608,-0.6724,-0.6984, 1.8599,-4.3070,-4.1876,-4.1616,-3.9618,-4.6116,-1.3215, 1.7474, 0.2027, 2.8253, 1.7389,-2.0932, 3.4665,-3.7166,-2.9785, 0.7498, 2.9101, 1.9752, 3.5405,-3.3026,-2.5339,-3.8562,-1.7194,-3.6830, 2.7710,-0.8327, 1.9991, 0.5841, 4.8275, 1.7442, 3.2461,-0.5265,-1.0054,-0.4704,-4.8708, 1.1749, 2.8018, 4.0999,-1.1004,-0.4060, 4.7173
-2.3395, 2.9842,-3.8649,-1.9299, 3.9363, 0.4909,-0.6047,-2.4268, 4.8483,-2.0466,-4.9700, 4.6819, 1.0558, 0.8192, 1.5746, 0.8222,-2.1136,-2.7158,-3.7302,-0.9297, 0.4405,-3.8822, 3.1740,-3.2462,-1.3129,-4.0211,-3.9412, 4.0378,-4.9947, 0.5967, 4.6965,-2.1184,-1.7180,-4.1658,-4.4367, 4.7790,-0.2083, 2.4030,-1.9814, 2.4562, 2.1477,-0.0949,-3.7188,-2.9957, 4.0292, 0.2903, 2.4154, 1.2923,-2.8418, 1.9839,-4.0193, 0.2396,-1.4896, 3.1301, 3.5828,-1.9229,-1.9159,-0.5854, 0.0995, 3.3412
-2.1361,-1.5565,-0.6879, 3.8899,-1.9847, 2.7257, 3.4300,-1.5146,-0.1977,-0.1461,-4.9829, 1.5932, 2.9629,-0.5258, 1.6285, 0.2225,-3.5914,-4.3217, 2.3030, 3.7909, 4.2932, 4.8036, 4.0655,-3.4284, 1.1623,-2.4005,-0.1378,-1.6745, 1.2569,-2.0740, 1.0923, 0.8642,-4.8716, 3.3448, 0.4577, 0.1569, 2.8086,-3.2720, 2.9361,-3.8990,-0.7556, 1.2558,-1.9888, 2.4556,-0.3409,-4.4299, 0.3419,-2.9901, 2.2893, 0.3000,-4.4103,-4.1506,-1.7451,-1.1829, 4.0534, 3.8666, 3.4240,-2.3716, 1.3093, 0.4395
-1.7975,-4.4967,-1.4704, 0.9320, 0.8160,-4.3643,-2.8222, 0.0190, 1.9138,-3.3710,-1.8177, 4.5112,-0.8433, 3.0806,-4.0076, 4.8696, 2.5122, 3.6767,-2.9716,-2.0694, 3.4518, 2.0859, 2.3909, 4.5219,-4.9612, 2.3741, 1.4763, 1.7395,-0.2619,-2.9454, 0.2751,-4.4570,-3.9400,-1.4135,-3.9783,-3.9351, 0.4961,-2.3125, 3.6291,-2.3999,-3.2851, 0.0786,-1.1712, 1.8393,-2.4476,-0.1287,-1.3985,-4.7656,-4.7288,-1.9923,-1.0944, 1.5569, 3.1179,-4.5888,-1.9595,-1.0093,-4.3027,-0.3746,-3.4067,-3.2671
 3.4268,-0.8010,-1.6027, 1.1040, 1.0000,-1.1018,-0.7426, 2.4503,-2.2287,-3.4962,-1.5263,-3.2373,-4.9386,-2.1728, 0.6214,-2.6438,-4.7561, 0.7980,-1.6114, 3.3269,-0.6336,-0.2176, 3.0567,-1.6756,-0.1568,-2.8180, 3.7318, 3.2513,-0.4098,-3.2423, 4.5216,-0.2034,-3.2042, 4.4670, 4.7074,-2.9686,-0.0354, 4.8659, 2.0201, 0.0485,-1.7308, 1.6288, 3.6751, 4.8252, 4.4575,-2.4216, 3.4318,-2.5839,-1.0755, 0.4432,-2.9741, 4.6213,-0.3893,-2.0170, 0.9919,-3.5603, 2.6991,-3.4226, 2.4383,-1.8220
 4.3654, 4.4884,-1.8178, 0.2453,-2.7229,-2.8935,-4.9077, 4.4532,-3.6296, 0.5850, 0.0918, 4.4433, 1.9226,-2.3182,-4.6113,-3.4810,-0.4485,-0.7329,-2.7018, 4.6679,-0.7284,-1.8074, 4.4365, 2.7103,-3.7246,-4.3314, 0.2052,-0.8920,-0.8101, 0.8523, 1.0257, 0.2395,-2.7080,-3.0347,-1.6351, 1.8534, 1.9250,-4.5260, 0.9449, 1.9483,-4.4281,-3.5607,-0.9714, 2.3328, 4.5425, 1.7959, 1.8416,-0.1246, 3.1798, 4.1026, 1.5602, 1.0945, 2.5220,-2.1778, 1.9292, 1.5257,-2.6298, 1.9708, 3.6141, 4.2086
-4.8703,-3.2859, 4.3557, 3.7756, 4.3197,-3.2609,-1.5389,-0.1182,-2.6246,-4.9659,-2.8785, 1.6002,-3.4895, 1.8965, 1.1248, 1.7049, 3.7523, 0.8347, 1.7361,-3.3690,-1.8394,-2.5867,-1.5655, 0.1074, 0.9169, 0.5727, 0.4436,-4.2599, 1.3085, 0.4773, 2.1655, 4.8439,-3.6948,-4.1516, 1.1871,-2.6398,-4.5387,-1.9424, 4.6605, 1.4215, 4.6127,-4.5141, 4.6935,-0.8963, 1.5139, 2.8194, 2.0752,-3.9117,-0.8297,-0.6067, 2.9125, 4.9629,-3.6514, 3.7391,-0.2800, 4.7870,-1.8215,-1.5438, 0.6923, 1.5845
 1.7533, 2.4440,-4.8663, 1.0071,-1.5624,-0.8436, 0.7192, 0.3183, 3.4268,-4.2454, 0.6470, 2.6880,-2.0584, 1.2142, 3.9718,-1.8224, 1.6241, 2.8364, 3.6389, 0.9943,-2.8755, 2.2331, 4.4561,-3.7017, 4.7173, 2.3672, 3.0664,-2.9443, 0.1768,-4.1787,-4.4035, 1.1971,-3.0835,-4.7216,-1.7958,-2.5079, 1.4169, 3.9552, 4.8086,-2.5708, 4.6266,-2.6901, 2.6636, 4.6802,-3.9380,-1.9639, 4.8755, 3.5890,-0.7359,-0.0037,-2.3948, 0.3627,-0.8478, 0.7315, 0.7079,-2.8102,-2.8229, 1.4800,-1.9809,-0.5392
 2.7619,-2.3202,-2.2330, 1.2909, 0.4651, 4.2735, 0.9437, 4.1684, 2.2178,-2.9110, 1.8529, 2.9395, 0.5224, 3.9617,-4.3445,-3.5737,-2.7759, 4.9435,-0.4418, 3.8554, 1.9551, 4.3722,-4.0890,-3.1091, 1.2351,-2.9950, 3.1718, 2.0925, 2.8161,-0.5388, 0.1373,-0.9462, 1.3158,-0.7625,-3.7625,-2.6761, 1.1449, 4.6549, 1.4869, 2.6985,-0.2265, 0.7283, 1.2032, 2.4439,-1.5757, 3.1580, 4.1397, 4.6555,-3.5589,-3.5992,-0.8857, 3.4932,-4.8261,-1.6631,-4.0745,-2.9366, 1.4330,-1.2049,-3.3438,-0.9941
-2.5193, 3.2871,-1.8984, 4.8816, 4.2413,-3.7585,-2.5971,-2.9823,-0.4619,-2.6896,-4.8937,-3.6075, 4.1730,-4.8793, 4.1095,-3.8927,-3.5330, 1.1409, 2.3052, 3.6051, 0.6635,-2.0448, 3.5255,-0.5732,-3.3607,-4.8791, 0.0572, 0.9316, 3.8956,-4.3998,-2.0703,-4.9568,-1.2767, 3.2094, 0.1334, 2.3204,-2.0492, 0.4516, 0.4243,-1.8926,-3.3436, 3.3780, 4.0551, 2.2937,-1.2153, 4.3973, 2.3132,-3.5341, 1.2207, 2.0536,-1.4127,-3.0350, 2.9185,-1.5761, 0.2720, 0.3610, 3.3393, 4.7833,-0.7373, 2.3798
-1.2704, 2.8698,-3.9007,-1.0147, 3.2480,-3.6779,-3.8297, 4.8750, 4.3850,-2.8719, 3.2475,-4.8903,-1.1240,-4.7853,-3.3228,-0.1794, 2.8502,-1.3001,-0.5776, 0.8036, 0.0940, 0.3663,-4.8143, 0.5598, 0.5478,-2.7208, 3.3825,-2.5435,-3.3843,-4.4457,-0.8071,-0.9172,-4.4511,-2.9568, 3.4021, 4.8257, 3.7183,-0.0459,-0.8259,-3.1517,-0.9383,-4.3225, 1.4812,-2.1613,-1.0491,-4.2792, 1.7296, 3.2750, 1.7510, 4.0263, 3.4474,-1.9237, 2.7702,-4.4060,-3.4311, 1.8398,-3.2492, 4.9819, 2.1747,-2.4943
-2.3671, 2.3260, 0.9851, 4.4691, 3.7614,-3.5042,-3.4703,-1.7745, 2.6434,-1.1881, 3.8871,-1.4021, 0.0215, 1.8980,-1.2068, 1.1679,-4.7650,-4.9174,-0.8229, 2.7115,-4.1703, 0.9492,-3.6265,-2.8044, 2.6287,-4.5510,-1.4041, 4.9016, 1.9567, 2.4355, 1.8150,-1.4866, 3.0029,-4.3184, 2.1211, 4.2978,-2.1428, 3.1894, 4.2443, 4.2888,-0.6982, 2.4702,-0.0507,-3.6005,-4.8371, 3.9104, 4.2469, 3.0978, 2.4718,-1.8235, 2.6148, 0.3189,-3.1773,-4.1679, 4.3770, 0.7561, 2.4757, 4.9632, 0.2934,-4.5190
 1.8985,-1.4217,-1.3407, 1.5725, 4.0396,-4.5906, 3.4284, 4.9220, 4.6939,-1.2906,-0.8933,-2.8718,-3.4236,-4.7090, 0.3907,-2.9785, 3.9247, 1.2564, 2.0561,-4.1338, 2.0653,-4.9585, 2.1117, 2.7223,-2.8710,-2.9720,-0.5698,-3.6460,-4.8761,-4.0881, 1.3291, 1.8116, 3.3111, 3.2331,-0.1353, 4.7438,-2.0033,-4.2108, 3.0151,-1.4611,-2.9665,-0.8322,-1.7526,-2.8011,-1.4147, 1.1549,-2.2913,-4.4580,-3.0839,-4.0405, 1.9107, 3.1931, 0.7695, 1.7503, 4.1677,-2.2504, 0.1737,-0.7594,-3.2495,-1.7431
 0.1760, 0.2758,-4.5860,-1.0117, 2.4666, 4.1571, 4.7408,-2.0664, 1.0180,-4.0967,-3.3008,-1.3266, 0.8886, 3.6966, 1.8124,-4.8794,-0.0190, 1.0271,-0.6704, 1.2337,-1.5702,-3.2910,-0.9970,-1.1867, 1.4250, 0.4327, 1.8715, 2.2366, 1.7350,-0.6491, 1.0933,-1.7436, 0.9341, 2.8445,-4.6274,-2.4051, 3.9878, 3.3419, 2.5960,-0.7034, 2.3136, 2.5892,-2.7801,-2.3779, 0.1608, 1.2772, 4.7155,-0.3461,-4.7623, 4.3678,-1.5455,-4.4076, 1.6143,-4.6536, 3.1770,-1.2054,-2.8122, 1.3937,-0.9423, 2.8863
 3.8746, 1.6570, 0.4798, 4.3039, 2.0223, 4.7254, 0.7339, 0.8207, 1.1217, 4.4012, 3.7451, 4.5972,-4.9549, 1.0388,-1.7918, 0.8359,-1.8867, 0.2837, 1.9749,-3.5168,-0.6924, 3.5437, 0.7882, 0.7733, 4.0327, 4.4886,-1.3189,-4.6135,-3.7701, 4.4133, 4.7155, 2.6082,-0.8936,-4.8598, 0.0314,-3.4959, 2.9219, 0.4498,-3.1188,-4.6300,-1.3742, 4.2542, 3.4698, 2.3300, 4.5678, 0.8955,-2.4750, 3.9044,-1.2005, 4.1676, 3.1503, 0.0228, 3.3437,-0.5524, 0.1028,-3.9930, 0.8657,-2.6416, 0.1947,-0.9620
-2.5458,-1.1909, 1.9530,-3.9030,-1.9748,-2.3007, 3.4771, 2.2787, 2.2811,-2.6420, 1.5318,-0.2230,-0.5650,-0.9004, 3.3342,-2.5450, 2.2685, 3.0266, 3.2997,-0.6554,-0.9154, 4.7960, 4.1909,-0.3364,-2.2807,-3.3929,-4.8887,-0.5329,-3.2258,-3.7438, 0.8997, 0.0091, 2.3098, 3.1897,-0.3413,-1.4848, 0.1447, 0.9866,-2.6916,-0.0162, 1.4594, 2.2873,-3.2587,-2.1261, 4.7907, 1.0668,-3.0587,-2.3170,-4.6552,-1.9429,-2.3826,-1.8661,-4.3099, 0.8370, 2.8924,-4.2019, 2.9125, 3.6833, 2.0176, 2.3403
 2.8475,-1.0500, 1.0987,-3.1205, 0.6582,-0.2222, 3.5908, 1.7219,-4.7396, 2.8715,-0.8699, 0.2105,-3.9050,-3.8424,-1.5013,-4.7736,-0.5186,-0.1992, 0.2454,-2.2670, 2.3734,-3.3039,-1.0944,-0.2547,-0.6601, 1.6781, 4.8401,-0.1846, 4.4478,-1.4117, 0.2894, 0.3648, 4.3210,-2.9286, 4.9116,-3.5462,-2.2192,-0.1662, 3.6808,-3.0702, 1.5631,-2.3594, 4.7513,-1.7781, 1.2702,-0.9339,-3.5786, 4.1289, 1.1717, 0.4482,-0.9591,-4.0402,-2.2619,-1.7836,-4.9270, 3.1194,-4.5103, 0.6319, 1.6388,-0.7950
 0.0859, 0.1586,-0.4340,-2.2689,-1.1057,-2.4094,-1.8083,-3.8469, 4.2114,-4.4404,-3.6819, 4.1151,-2.6210, 4.0778,-2.1261,-2.3572,-4.8304,-1.8026,-3.8087,-1.6297,-3.2725, 0.7712, 0.2918, 1.9148,-0.2145, 4.8490,-0.4526,-3.4756,-3.9746,-0.8938, 2.3936, 2.0100,-2.3305,-2.2343, 2.7456, 4.6766, 1.3139, 0.5365, 2.9105,-4.8453,-3.0657,-4.3234, 1.3925,-2.0726,-0.3578, 2.6507, 4.8515,-0.9703,-0.8021, 3.8600, 0.6419, 2.7900, 0.1475,-3.4455,-3.4035, 3.9008,-0.7820, 0.3316,-1.2382, 1.4789
 4.7563, 3.5374,-0.4989, 4.3135, 3.5947, 3.1663, 0.0452, 2.3833,-1.3447, 2.8195, 4.0798,-1.4026, 3.5130, 3.7481,-3.4883, 4.9917,-1.9233, 0.5158,-2.3683, 1.9236, 1.6597, 2.1957, 4.6415, 2.0777,-0.4164, 2.8248, 2.2090,-4.8425,-2.4938, 3.4043, 2.0481,-4.2397,-3.2253, 4.3606, 3.8112,-2.0380,-4.8928,-1.8820,-2.4500,-0.4628,-3.6061, 0.6968,-1.0742,-1.5674, 0.9455,-1.3320,-2.8896, 1.7360, 1.3471, 4.0939, 3.8904, 3.5735,-4.5231,-3.2009,-0.1248, 3.3306, 3.7022,-0.9309,-3.2147, 2.3584
-3.4256, 2.5217, 4.3729,-2.2872, 0.2639,-1.0945, 0.3343, 3.3614, 4.0574, 4.8319,-2.0307,-0.7619,-3.7760, 3.4105, 0.9364,-1.8653, 4.8092,-1.1256, 3.1798,-0.0449,-1.5456,-3.9839,-4.7184,-4.0658, 1.6127,-3.5637, 1.0513,-0.3787, 0.5439, 2.8275, 4.7035,-4.8024, 1.3061, 1.9904, 2.1417,-4.7268,-4.0604,-0.1023,-4.3279, 0.2089,-4.7163,-1.7471, 4.0257, 3.7265, 2.0151,-0.8940,-4.2037,-4.9199, 2.4868, 1.8838, 4.3785,-3.2183,-1.6604, 1.3700, 2.0959,-1.9839,-0.7409, 1.4267,-0.3766,-4.8312
 0.7025, 3.6512, 1.6929, 2.8260,-3.5375,-1.6186,-3.0152,-2.8892, 0.1758,-2.2106, 0.5927, 4.6784,-4.3973,-3.3239,-1.7319, 1.5210,-0.2944,-3.3214, 3.4092,-3.4663, 2.3294,-3.6821, 2.8806, 1.0844,-1.3284,-0.5998, 0.4981,-0.1413,-2.2004,-2.8322,-1.3674,-3.3623,-0.2818, 2.3186, 0.9039,-4.7729, 3.0065, 1.2991,-4.0991, 4.4668, 4.0641, 3.7943,-1.7226,-0.2972,-3.4998, 3.1698, 2.8538,-2.1986, 2.4770, 4.6952,-4.8793, 2.7005,-1.9132,-2.8415,-2.2796, 3.4767, 3.8311,-4.7036, 2.4664,-3.6825
 4.2863, 2.4779, 3.1779, 0.0006,-2.8711, 0.7988,-1.3732,-1.6226, 3.6625,-0.4193,-1.8947,-2.5298,-2.3761, 0.2640,-0.5507,-1.8558, 1.7912, 0.1534, 0.7287, 0.4468,-4.1088, 1.9765,-4.7225,-0.5457, 4.9564,-1.2770, 2.7563, 2.9071,-1.4408,-1.5423, 4.4588, 3.4303,-0.2991,-3.8465,-2.0774,-2.7835,-4.5118,-4.6893,-4.6780, 4.6648, 3.7963,-4.1857, 1.2879,-2.9532,-3.3015, 0.6175, 1.2567,-4.9076, 0.1609, 3.7623, 4.2019, 1.3933,-1.6557, 1.0075,-1.2324,-2.7307,-1.6847,-4.4958, 2.2282,-4.6424
-2.9584,-4.6063, 1.9147, 2.9038, 3.9194,-2.6614,-0.9099,-3.1604,-4.0168,-1.1664, 3.8266,-2.9491,-1.6927,-2.0355, 1.3872,-0.2141,-0.0490, 1.9024, 1.5133,-1.0982,-4.2871, 2.9500,-2.6625,-0.9999,-3.8833,-0.0260, 0.4055,-0.1262,-1.5609,-3.7995,-3.1300, 1.4399,-2.6757,-3.6596,-0.9914,-3.7431,-1.3083,-1.3948,-4.8939, 0.4208, 2.5006, 1.0149,-4.6446, 4.1000, 4.4463, 2.6550,-4.7153,-1.6348, 3.2011,-0.4503, 3.8354,-1.3344,-2.6508, 1.8440,-3.3286,-1.3370, 1.9598, 0.7327,-3.1443, 3.4793
 4.6966,-0.3929,-0.1837,-3.7327, 2.8333, 1.1404, 2.5536,-4.6618, 3.5667,-1.0548, 0.1569, 2.5991, 3.6014, 3.8244, 3.1099, 4.2195,-1.2568,-1.9337, 3.9955,-3.0885,-0.3220,-4.6734,-2.7284, 0.2926,-3.1826, 3.0375, 0.2936, 0.6165, 0.8863, 0.1021, 4.6875, 1.0452,-4.2557,-3.3191, 3.6851, 3.6921, 0.5639, 4.4935, 2.4690, 0.7481, 2.5435,-4.3842,-2.4452, 2.7030,-2.2814, 3.7903, 2.1254,-2.8042,-3.5346,-1.0958,-1.4926, 2.7648, 2.1454,-1.8690,-0.1963, 4.8437, 1.2236, 3.3786, 3.7564,-0.2406
-4.3882,-3.1095,-0.3954, 0.8831,-2.5244,-3.0816, 4.1301,-4.1031, 1.9839, 3.2545, 0.6807, 2.6031,-4.6709,-0.8056, 3.1391,-0.0872,-3.8272, 3.6553, 1.3544,-4.9557,-1.5692,-4.1559,-0.9111,-0.3474,-4.0880, 0.9431,-2.1106, 1.3724, 4.6709,-1.2997, 1.7842,-4.2327, 2.5855, 3.9246,-2.8078,-0.9720,-4.5471, 1.7383,-1.6597,-3.4640,-1.5479, 1.3616, 2.0872, 2.4151, 4.5751, 3.2558,-0.1107,-3.2204, 1.3547,-0.4119, 4.3343,-4.5538, 0.6792,-1.7991,-1.0113,-0.3844, 3.7060, 3.6704,-2.8196,-3.6794
-4.7796, 3.4362, 3.8603, 3.5685,-3.1870,-1.8495,-3.6097,-0.4290, 2.4277, 3.3387,-2.8930, 1.5298, 1.1861, 4.6485, 3.3829,-3.4452, 0.8303,-0.4566,-3.3195, 1.4271, 2.2538, 0.3164,-1.6992,-2.5485,-2.8512,-0.5735, 1.9681, 0.4669, 2.7197,-1.9817,-2.7037,-4.4580, 3.0993,-4.1165,-4.1189, 0.1079,-0.6986,-3.5885, 4.2725, 4.3743, 0.7662, 2.0395, 0.7417,-1.7818,-2.6233, 0.2784, 1.5303, 1.0630, 0.2390, 0.2024, 3.2559, 2.0381,-4.7615, 0.8608, 3.3756,-3.0311, 2.8883,-1.2244,-4.3157, 3.3261
 4.5896, 0.3136,-1.8108,-4.9324, 4.4938,-0.3039, 2.0024,-4.1854, 2.6397, 4.1509, 2.8834, 1.8097, 0.4198,-1.2078,-1.3914,-1.4339,-1.2283, 4.3634,-0.6538, 3.0579,-1.6656,-4.1584,-1.1246, 2.0848, 0.4440,-3.5500,-0.5548, 2.8092, 4.1513, 3.3794, 4.3280, 0.7224,-0.8544,-2.4730, 4.8725,-4.6266,-4.3522, 4.1250,-2.9430,-1.1275,-3.2207,-1.2789, 1.2357,-2.4810,-0.2808, 2.6711, 1.6309,-0.6297,-1.9535,-4.9988,-1.1501, 0.1078, 4.3947,-4.5504, 4.0616, 2.1500,-1.5146, 4.5547, 2.6451, 1.9882
 3.3669, 2.6136, 1.5005, 4.7224, 0.0308, 3.6443,-1.2148, 3.0875,-4.6814, 4.1252, 3.0266,-3.9532,-0.1498,-3.8855,-0.2814,-4.9725,-0.4907, 2.1461, 0.2196,-1.5951, 2.5240,-3.7924,-4.9932, 2.7392, 2.5707, 3.3819,-3.5438, 2.2503,-0.0625,-3.3665,-2.1672, 2.7295,-3.1266, 1.9816, 3.4424,-0.9543, 3.6662, 1.9823,-4.9696,-4.0201,-1.0820, 0.3695, 1.4815, 2.7776,-0.4073, 1.6598, 1.9804, 3.9223, 4.9079,-3.2356,-1.8239, 1.2667, 0.3747,-3.4264,-2.7757, 0.9985,-3.5417, 4.3856,-1.4056, 0.5908
 0.1797,-2.5861, 2.4618, 2.3218,-2.2157,-4.3018,-2.8396, 4.7447, 0.9120, 2.1732,-3.2331, 4.7340,-1.5802,-2.0410,-3.6555,-0.9669, 2.6054,-4.0332, 0.0287,-2.0426, 0.1708,-2.3499,-4.4495, 3.3086, 4.3378, 2.9794,-0.4040, 3.4891,-4.7613, 3.4240,-1.5457, 4.6933, 0.8684, 4.6446,-0.9019,-0.7778,-2.1862, 2.8381,-3.3069,-4.9755,-2.0389, 2.0444,-0.5533, 3.4737,-0.9719,-0.2551,-3.6104, 2.6013,-0.7753, 3.6026, 2.9241, 1.6477,-1.9843,-2.6484,-4.5172,-4.9246, 1.5195, 1.4281,-1.2450, 1.5719
 0.6407, 0.5726,-4.3083,-1.0407,-2.4830, 0.4486,-2.9915, 3.6766, 0.2881,-4.9264, 1.8359,-3.2021, 4.0700,-2.8911,-3.6369, 1.4778, 3.5101,-2.7597, 0.6328,-2.5538, 1.2948,-0.4163, 3.8551, 4.5063,-4.6493, 3.0505,-0.0463,-3.9871, 4.9463,-2.6441, 1.6487, 0.0858,-3.5893,-3.7509, 4.0457, 1.6768, 4.3897, 4.1751,-2.8079,-0.1583,-4.9925, 2.3823,-4.6319, 2.1698, 3.2883,-3.2328, 4.0149,-0.1915, 2.8834,-3.1361,-0.3172, 0.4394, 3.2739,-2.1217, 2.6785,-4.3003, 2.6324, 0.3531,-4.0349, 1.4325
-0.3267,-1.8723, 4.7138, 2.9140,-0.6470,-4.9602, 2.4728, 4.5024, 1.5171, 4.3785, 1.9023,-0.2826, 3.1031, 1.4489, 0.2369, 4.5749,-0.6079,-0.2155,-3.3774,-0.7442,-4.4984, 4.5099, 3.8700, 2.5959,-4.6688, 4.4323, 2.8648, 4.1829,-4.1994,-4.1450,-4.9169, 0.4797,-4.4591, 4.7526,-3.4613,-4.6965, 0.2082,-2.0381,-2.5431,-4.6671, 0.2007, 3.4497, 4.5245,-0.7693, 4.5178,-0.3719,-3.0208, 0.6008,-4.7578,-0.6148, 0.6837,-2.4217, 3.1239,-0.6081, 1.0637, 1.6388, 1.8993, 0.8555,-0.2486, 3.6818
-1.0493, 1.1835,-1.2447, 0.4342, 1.5383,-4.9369,-1.2623,-2.2202,-1.8362, 4.6439, 0.1545,-4.7476, 3.3016, 0.5168, 0.8218, 4.0133, 4.3323, 2.9205, 0.6412, 0.9838,-4.6984, 3.1139,-3.2380,-4.9912, 3.7400, 1.6111,-2.9777,-4.5693,-4.2720,-1.6691,-0.9985, 2.6267,-2.9356,-4.1706,-1.8020, 0.7990,-2.0144, 4.6856, 1.9989, 2.6411,-1.7194, 0.6150, 0.6142,-4.0429,-0.6173, 1.5183,-2.8666,-0.7422,-4.8358,-1.9227, 4.1251, 3.9282,-4.7127,-4.3130,-1.0588, 0.6081,-1.2523,-0.0833, 2.0244, 2.8931
 1.0834, 1.0969,-3.9569,-4.7508, 4.6962, 0.6657,-4.9376,-4.8478, 2.2971,-2.7730, 2.4718,-3.6974, 2.1459,-2.6984,-1.6952,-4.5993, 3.3843, 0.6789, 4.5364, 0.7498,-1.6680,-3.2002,-3.9523, 3.7848, 1.8559,-2.5969,-4.6647, 0.0791,-1.1807, 0.8070, 1.4118,-0.9276,-3.8857,-3.2147,-4.8321,-3.1619,-0.7533,-2.3459,-0.4776,-0.1499, 1.8833,-3.2691,-2.1220, 3.5048,-4.5762,-0.1014, 0.5004, 2.0087, 0.6658, 1.4449, 2.6418,-1.1474,-3.0165, 1.1933, 0.4645,-2.1087, 1.8263,-1.3848, 2.3579,-1.6649
 3.4109,-4.9065, 1.6953,-2.4889, 4.9881,-4.3973, 2.6980, 4.0618, 2.6405, 3.7180,-0.8489, 3.8734,-3.4174,-3.1875,-2.2776,-2.5620, 0.0587,-3.3188, 1.8280,-4.6839, 2.3808, 4.9994,-0.5395,-2.4047,-2.8804,-2.2338, 1.7594, 4.9241, 1.9308,-3.4633,-0.0511, 3.4812,-0.7559, 4.1208,-1.7420, 3.0458,-3.4026, 1.7167, 1.6803,-0.1829,-4.1625,-0.7472, 3.8168,-0.6279,-0.8141,-3.5470,-4.5173, 2.4527,-1.3416,-1.0547,-3.2179, 0.0259, 0.6048, 0.0398, 1.6042,-4.9242, 1.7515,-1.9822, 2.5868, 3.9116
 0.8223,-1.4281, 1.2839,-2.8385,-3.1750,-3.6052,-2.6870,-4.7544,-3.2283, 3.0758, 1.7218, 2.1762,-2.4749, 2.3094, 2.6860,-0.8225, 0.0448, 2.2519, 2.2991,-4.7206, 2.8672,-3.4427,-4.5249,-2.5178,-2.0342,-2.2747,-3.4736, 0.9727,-3.1145,-1.5044,-1.0603,-3.2513,-0.2433,-4.9365,-2.5913,-0.7943,-2.5227,-4.9348, 2.7920, 0.2940, 3.1546,-3.6820,-4.4986, 3.2021, 0.7037, 0.7343, 2.7064,-1.3838, 3.3482, 2.0090,-3.0293, 4.2874, 4.7908,-2.2751,-1.8699, 3.4380, 3.6976, 1.4813,-3.1460, 2.7708
 2.0734,-2.1697,-0.5804,-2.0979,-1.1952,-4.4263, 0.5029,-2.1636, 2.3511,-3.7985, 1.5203,-1.2133, 2.5236, 2.9318,-0.7321,-0.2220,-3.1887, 1.9142,-1.5962,-1.5628, 2.0985,-1.5356,-1.3495,-4.5591,-2.1932,-2.6073, 3.3673, 1.6040,-0.5168,-3.8212, 4.8768,-0.6657,-3.5663, 3.9175, 0.6176,-1.6620, 1.8493, 2.6813,-2.2767, 3.2942,-4.8954,-0.8145,-0.0235,-1.5028,-0.2600, 0.1835, 3.8799, 1.5381,-3.2606,-3.4533, 3.1988, 0.8852, 0.3247, 0.9712, 2.2886, 3.2607,-2.1434, 2.4186,-1.8887, 1.2783
 0.7815,-4.7260, 1.0285,-2.0705, 4.9768, 4.4064,-0.9221,-2.6946,-3.4050,-0.7842, 2.2148, 2.5808, 0.7404,-0.0641, 0.2580, 1.4081,-1.7507, 4.3148, 0.4185,-1.5984, 3.1122,-1.6053, 4.4715, 1.8889,-2.6558,-4.6834,-0.1061,-0.3604, 1.9243, 0.6404, 3.2335,-4.8913, 1.0002,-3.8998, 1.2878, 1.0284,-0.7526, 3.6173, 0.2892, 1.4644,-3.7054,-1.3493,-2.2563, 4.9967, 0.8569, 0.9213, 1.2213, 3.1168, 4.4380, 0.1974,-1.7420, 4.6769,-4.4283,-0.0355,-4.5356, 0.1634, 0.3343,-1.9633,-2.1537,-2.0549
 2.2683,-3.9959,-2.8349,-1.8574,-1.1928,-0.4891, 2.0818,-4.0968,-2.2937, 0.4234,-4.7799, 3.8927, 0.2283, 2.1848, 3.9974, 0.8922, 3.2260, 2.4669,-0.0039, 1.4055,-1.5408,-1.8452,-1.4208, 3.1440, 3.6756, 1.9984, 1.2312,-1.3948,-3.6082, 3.2032, 2.6205,-3.9453, 0.4137,-0.9334, 3.9196,-0.6857, 4.0262, 1.9166,-2.7841, 1.6024,-1.6860,-0.3310,-3.5417,-1.2344, 4.3725, 0.1904,-2.3026, 1.4859, 4.0485, 3.8737,-4.5817,-2.1773, 0.6306, 2.3170,-2.6624, 2.0888,-0.0806,-2.9482, 0.5740,-2.9635
-0.3060,-4.9997,-2.0754, 4.3470, 3.9772, 4.0272, 3.9223, 2.9042,-4.8619,-1.6980,-4.8777, 4.7209, 0.0714, 4.8453, 0.9194,-1.0920,-0.0280, 1.6844,-2.0839, 3.2921, 4.6668,-4.3088, 1.6128,-4.2045,-1.6081,-0.4476,-1.9318,-1.7471,-3.5450, 3.5520,-0.8599, 2.0660, 4.7079, 4.0325,-0.9216,-1.4640, 4.6359,-4.5904, 2.3725, 4.7024,-4.5265, 1.0577,-4.6988,-4.9854,-2.1696, 4.6209, 1.5856, 1.4063,-0.2657,-4.7237,-3.6640,-4.3091, 3.5161,-3.2389,-2.5814, 1.0788,-1.3836,-1.0557, 3.3357,-1.9464
 3.4734, 2.8598,-1.2350, 1.9973,-0.8049, 2.0932, 1.3031, 2.9142, 0.1742, 3.0472,-3.8133, 3.4550,-4.9670, 4.1415, 4.0229, 2.2594, 4.3009,-3.9177,-2.8504,-0.4517, 4.9238,-2.5151, 1.7625, 2.7117, 2.9143, 2.6445,-4.3239, 3.1998,-0.6525, 3.5336, 2.7859,-1.2098, 4.9472,-0.6306, 3.3024,-4.8178,-0.4634,-2.4340, 1.0993,-4.7798,-1.8836, 2.7308,-4.9198,-1.3042, 1.9680, 4.0751,-4.9590,-3.4051,-2.0765,-2.7923, 1.3395,-0.3798,-4.0836,-3.0990,-4.8839, 4.0072,-0.9625, 4.4507,-3.2584,-4.0492
-3.3247,-1.0680, 4.8797, 0.0023, 4.1124,-4.7362, 1.7862,-3.3677, 2.0680,-3.8982,-2.3725,-3.5261, 4.8942, 0.3302,-1.7469,-3.1900,-1.2560, 3.5192, 4.4001,-2.3191,-2.6156,-2.1720,-4.8604, 0.2173,-4.6901,-3.8067,-3.8622,-0.6157, 0.6244,-0.5608, 4.3754, 1.7967, 2.2495, 4.8810,-3.3254,-0.3235, 4.6085, 0.6809, 1.4670,-3.6900, 3.9141,-3.9720,-2.8960,-3.2165,-4.8597, 1.9374,-3.2464,-1.7847, 2.5333, 2.5784,-4.1091,-0.4509, 1.9286,-2.5804, 4.6807,-0.0399, 0.1196,-1.4675,-3.5679,-3.0485
-2.3968,-0.3412, 2.9505, 1.0846,-0.6481,-2.9667,-1.7720,-4.8192, 4.3285, 0.4382,-1.4644,-3.5671,-4.7768, 3.1933,-0.7613,-3.2570,-3.8410,-4.9809, 1.7320, 1.9853,-3.9360,-2.3275, 2.2648, 4.4846, 3.3588,-2.7373, 4.8751,-0.1382,-0.6506,-0.7839, 3.7107, 3.7937, 2.3764,-1.9924, 4.4532, 0.2688,-2.4067, 2.4261, 0.0756,-0.0911, 2.0805, 2.0134, 0.9448,-1.8463, 3.8044,-1.1100, 2.3768,-1.8653,-3.4124, 1.1480, 3.3496,-3.0923,-1.3161, 3.6691, 0.6198,-0.8973,-2.7931,-3.7430,-4.9657,-3.0044
-2.6326, 1.8122, 2.7985,-4.6925, 4.6736,-2.1926,-3.7157,-0.6565, 2.9340,-4.4196,-0.4179,-0.2565, 0.4286, 4.6102, 2.4180, 0.9364,-2.8076,-1.3911,-1.4861, 3.5451, 2.5606, 1.9787,-0.2232, 0.3361,-1.9700,-0.8176, 1.7104,-4.0732, 4.9750,-0.0761, 0.4255,-1.7000,-3.3678,-1.3276, 3.3489, 0.4125,-3.7559, 3.0181,-0.3269, 0.2419, 0.5353, 2.9962,-0.3449, 4.1433, 3.7891, 0.6417,-4.7640,-1.2997,-1.7682,-3.2425, 0.6797, 4.7005, 0.5179,-4.6443,-1.9275,-1.7059,-2.8040,-2.8186,-2.2231, 1.4166
 2.0309,-2.6960,-1.6233,-0.8784, 0.7127,-0.8408, 4.6252,-4.5838, 4.7036,-0.9569,-3.3041,-0.6609,-1.5585,-4.2955, 1.2015, 4.2758, 0.7439, 2.8811,-1.8008,-3.2299, 3.5199, 0.4204, 4.7297, 3.7701, 1.6626,-1.3644,-4.4974, 2.4841, 3.8726, 2.7108, 4.6119, 2.1355,-2.5251, 1.6023, 0.9583,-3.7737,-2.6487, 1.5702,-1.3558,-1.4827,-2.6748, 2.1060,-1.9821, 0.8989,-2.9052, 0.0467, 1.2653,-1.5298,-0.6137, 0.0294,-1.9365,-2.7597,-0.4448, 4.8780, 4.5979,-0.4577,-1.9172, 0.1034, 2.3056, 0.9150
 0.1162, 4.2353,-2.4045,-1.3186,-3.7314, 2.9461,-4.5264,-0.0638, 4.7940,-1.9379, 0.1026, 0.5710, 4.7156,-3.6357,-3.5121,-2.0803, 4.9068,-2.1924, 0.4859, 3.7938, 2.9128,-3.5526, 2.1204,-2.1879, 4.9798,-1.9028, 2.1233,-1.5258,-2.6296, 0.1134,-4.5927, 1.0533,-0.5820,-3.3667,-3.8026,-0.6153, 1.3746, 1.1568,-2.6430,-1.5824, 3.1877, 4.5477, 2.6144, 4.4616,-4.5916, 4.3539, 2.2886, 4.0303,-0.8127,-4.8863, 0.9107,-3.2480,-1.3330, 3.6336, 1.1673,-1.5453,-4.7491,-3.9759, 3.5557,-4.0444
-4.7908, 0.2776,-1.2201,-4.9238, 3.1555,-4.9455,-2.5271,-2.2695, 1.0688, 2.7562, 2.8558, 3.0582, 4.2560,-1.9701, 2.7485,-3.6088,-3.3347,-4.2220,-2.8713, 0.5060,-0.6167,-3.2761,-0.4682,-0.9010, 4.6546,-0.9768,-1.1427, 3.4931,-0.5029, 1.5619, 3.1056, 0.3671, 2.7392, 1.0801, 4.5278,-1.4192,-1.5576, 1.4119,-4.1971, 2.7058, 4.0669,-1.8770, 3.3820, 3.5656, 0.3699, 2.6126, 2.1819,-4.3531,-0.0164,-1.5502,-4.8876, 4.7564,-1.1979, 0.7702, 1.8797,-3.0532, 4.0168, 3.2523,-2.4760, 2.1190
 1.6546, 0.0195,-4.9230,-4.0213,-0.8311,-2.1236,-2.3975, 3.2027,-3.8830, 2.2406, 0.2569,-4.8704,-1.3322, 1.7790, 1.7538, 0.7982, 1.3664, 4.7307, 0.0074,-0.7422, 3.0304,-3.6578,-3.5687, 3.1144,-2.6698, 4.5419,-4.8538, 2.3841,-3.3231,-4.1181, 3.6883, 1.9460, 0.3467,-3.9488, 0.2749,-0.4955,-3.7543, 4.9549, 2.5173, 2.7518, 3.1931,-3.7175,-1.4839, 2.5588,-3.6977,-4.5803, 3.2810,-1.1669,-4.1288,-3.3317,-3.1184, 1.8355, 2.3720, 4.3909,-4.0475, 1.8379, 1.8146,-3.7199,-4.1309, 1.1591
-3.4552, 3.0470,-1.6233,-2.3396, 1.7011, 4.4094,-0.7401, 4.8042, 0.6276,-3.4279,-3.0026, 2.3026, 1.6495,-1.9940,-1.1051, 1.9544,-0.4349, 0.0429,-4.0251,-0.0998, 0.7159,-3.2266, 2.3356, 4.7561, 4.6961, 4.5910,-2.1865,-0.2839,-2.6103, 4.2036, 0.3648,-4.3399, 2.6798, 2.9720,-4.8165,-3.2335, 4.3461,-1.7181,-0.1905, 1.8176,-0.7673, 3.4860,-2.3887,-2.8321,-4.6194,-1.2072,-3.5642, 0.1851, 0.0981, 4.5849,-2.6478,-4.3111,-0.4746, 2.0214, 2.6376,-1.4277,-0.0541,-3.4871,-4.2887,-0.3928
 1.1156, 3.1994,-4.5501, 0.7422, 3.7665, 2.4333,-2.8784, 0.0133,-0.6447,-2.7795, 4.3902, 1.0846,-3.6266,-2.0730, 1.4954, 4.8049, 0.8188, 3.6452,-3.0285,-0.2660,-1.5183, 2.1579,-1.5244,-3.4131, 2.1264,-2.6574, 4.4051, 2.8362, 3.7265,-1.1347,-4.3084,-2.2843, 3.5147, 3.1150, 0.7176, 2.5891, 4.9661, 1.7797, 2.8007, 0.2079,-0.4081,-3.4226, 2.9093,-0.9030,-2.3285,-4.8564,-0.9284, 1.2467,-4.1939, 3.5531,-3.1216,-3.3571,-0.6711,-3.1755, 2.4612, 1.7991, 0.6920,-3.7307, 0.0428,-4.5779
 0.4828, 2.2555, 3.3217, 2.1944,-3.8110, 2.8538, 2.1356,-3.9306,-1.7171, 3.6780,-2.0725,-0.6770,-1.5744,-3.0219, 0.4268, 3.6131,-0.7103,-2.4499,-4.5798,-1.7255, 4.2654,-3.6997,-2.3507, 4.3974, 2.0477, 2.5566, 4.6980,-1.3611,-2.9365, 3.1137,-0.0628, 0.7764, 3.3269, 4.4220, 4.6349,-3.8934,-1.6606,-0.7323, 4.1205,-3.6510, 3.4534,-0.3514, 2.9779,-4.0953, 2.0538, 2.0663,-1.5085, 2.9344,-0.4757,-4.0366, 2.3293,-4.7678,-2.4909, 2.1071, 1.6650,-3.9833,-3.9043,-2.5727, 3.8573,-3.7707
-4.7665, 4.4768, 2.2977,-1.3622,-2.6480,-2.8191, 3.4826, 2.6171,-2.7444, 1.7321, 3.8164, 4.6859,-2.6214,-1.4763,-4.7597, 3.3491, 3.1269, 4.4126, 1.8013, 2.3184, 4.4435, 1.8971,-0.4840, 0.8369,-3.5889, 3.9670,-1.1479, 0.9050, 1.8878,-0.3551,-2.7913, 0.8762, 4.1641, 4.9437,-1.3209,-4.3777, 0.2806,-0.4908, 4.3981, 4.7400, 4.6010, 4.1484,-2.5145, 3.1289, 3.9862, 2.8297, 1.4745,-1.5344, 3.5017,-1.3605,-2.1699, 1.5215,-1.4395,-4.3773,-4.2407,-3.9698,-0.6442, 4.4664, 2.2375,-1.3215
-3.9803, 0.2455,-3.1212, 0.2297,-2.5144,-1.0661,-2.9403, 0.0574,-1.7187, 0.5746,-4.2881, 4.2327, 1.5047,-1.4381,-1.3571, 0.4860,-2.0992,-4.1017, 3.0917,-2.1996, 4.4451, 3.5533, 3.5358,-2.1383, 2.0740, 4.0192, 4.2938, 1.5127,-1.2726, 2.1369,-3.7029, 4.2103, 1.8891, 4.7198, 1.1212,-3.7140, 2.6692,-0.6287,-0.4997, 4.3622, 0.3181,-4.9130,-0.8276, 1.0775,-0.6167,-0.3802, 3.2914,-4.6175, 1.4111, 3.4299,-2.2808, 3.1338, 1.5956,-4.2667,-3.2332, 2.1804,-2.7308,-1.0849, 0.9635,-2.5552
-3.3113, 3.6765,-0.0548, 0.9844,-3.7830,-0.5225, 4.3337, 0.1417,-0.4284,-3.3393, 2.1915, 3.6740, 3.6367, 4.7829,-4.4222,-4.9468,-1.6504,-4.9765,-2.2908,-4.1914,-2.2042,-3.0670, 3.3435, 4.7441, 1.2250, 0.8280,-3.5844, 3.8128,-0.9835, 2.0357,-3.1245, 1.6141,-3.1989,-2.1675,-0.6260, 2.4992, 1.0165, 4.1209, 0.5636,-3.1394,-3.9864, 2.6353,-3.4304,-0.9669,-0.5321, 1.4314,-4.6184,-0.2249,-2.1876,-0.6164,-2.7076, 3.0135,-1.5718, 2.1438, 0.8635,-3.1109, 4.6760, 4.9406, 2.4632,-1.7485
-2.9539, 0.7348,-4.7704,-4.9071, 3.7106, 4.8431,-4.5475, 1.2373,-3.3660, 2.0146, 2.6690, 2.9678, 4.6835,-0.7546,-3.0019,-1.8984, 1.9354,-0.9017,-1.6257, 4.3709,-4.4195,-2.5789,-4.5165,-4.1552, 2.5879,-4.6193, 0.6014,-3.0966,-1.3068,-2.6595, 1.1321, 2.3573,-0.0868, 1.3043, 2.5288, 2.1712, 3.5649, 4.9424,-1.2994,-1.8410,-4.2748, 2.9925, 2.5891,-1.8131,-2.6162, 1.6496,-3.7636, 2.3725,-4.3558, 1.6647, 3.7104, 4.8216,-4.9865, 4.9439,-1.3529, 4.9964, 4.4087,-1.4789, 2.4826,-2.7592
-3.3001,-1.9352, 4.8944, 2.5240,-3.9714,-4.1882,-4.1333,-3.3934, 2.2092, 3.0172, 2.4209,-2.0773,-3.9036,-0.7753, 4.7273, 4.0805,-0.1894,-4.9413, 3.5849,-0.0212, 3.8616,-3.9455, 0.5423, 1.3579, 3.0782, 2.5186, 1.1864,-1.8929, 4.8715,-1.9801,-1.0147, 2.2268, 4.3633, 4.9580,-4.9879, 4.3813, 4.9842,-0.4906,-4.9235, 1.9647, 3.5496,-3.0818, 3.8411, 1.0814, 2.2544,-3.4850,-3.9540,-2.3552, 0.3838, 1.8013, 1.7323,-2.5550,-1.2325, 2.7913,-0.3424,-0.5146,-3.4778,-3.4367, 1.2279,-3.8212
 2.7771, 0.3653,-1.6927, 2.2567, 2.0313,-4.3703, 3.9756,-0.2416, 2.9885, 2.8247,-2.1902,-2.6537, 0.3548, 3.3143, 0.7522, 3.3836, 2.9250, 3.6335,-0.3386,-4.6662, 2.6321,-0.4196,-0.2021, 1.7011, 4.2942, 2.5073, 2.6450, 1.3119,-1.7437,-2.5793,-3.3125, 1.3852,-2.9623,-1.9155, 4.3885, 4.7195,-1.2139,-1.8610, 0.3951, 0.6473, 0.5982,-4.9280,-0.3468,-4.4579, 0.8655,-0.8952, 0.3393,-4.3675, 0.3616,-0.3537,-2.6622, 1.4806,-0.2209,-1.2954, 0.1083, 0.5055,-4.7860, 1.4155, 2.5482,-1.2900
 0.4312, 4.1380,-4.1026,-0.7289, 0.4992,-2.7197, 3.8217,-2.4759,-3.4162, 4.9835, 3.8917, 1.9030,-1.4974,-0.1406,-0.2499, 1.9298, 4.2450,-4.1022,-2.8566, 0.8050,-2.3347, 1.1175,-4.2638, 0.4728, 4.8857, 3.3623,-3.0875,-2.9608, 3.7275,-1.9141,-1.3519, 1.7508, 3.5171,-2.4242,-0.5498,-2.8876, 3.7293,-1.8947,-2.0154, 3.3544, 3.7321,-4.5885,-1.3144, 4.8685, 3.8912,-4.4107, 0.5971, 3.0292, 2.7584,-3.9034, 1.0130, 0.1298, 3.8692,-4.3679,-2.0216,-4.4828,-3.0436, 0.3586, 0.4055,-0.6560
 1.0633,-2.0580, 2.1561, 3.6909, 3.1053, 1.4223,-4.8650,-4.9631, 3.6466, 2.2034, 4.3320,-1.3234,-0.9359, 1.1455, 4.1145, 2.6910,-1.2480,-4.4404, 1.8268, 0.1489,-1.9912,-3.4780, 4.5940,-1.1413, 2.7523, 4.7790,-4.4124,-4.5674,-3.9888,-4.0267, 1.4858,-3.0487, 3.5418,-2.2846,-4.5198,-3.3124,-1.0931,-1.5569, 4.3969,-0.4632,-0.3460, 4.7737,-2.8749,-2.5377, 4.2908,-3.6563,-4.4459, 0.1729,-3.3251,-1.8271,-1.0628,-3.0388, 2.0255, 0.5996, 0.0761, 1.8067, 0.8703,-1.3630,-4.5163, 0.0379
-3.7723, 2.3179,-4.8836,-1.4913, 4.2558, 2.5673, 4.5683,-2.4323, 4.4908, 2.1100, 2.1694,-0.0421,-2.2158, 4.1771, 3.2156,-0.7561, 1.6243,-1.6482, 2.9305,-2.6201, 2.9095, 3.0544,-3.9832,-1.8489, 2.7434, 4.2058,-1.0920,-2.6216, 1.5387,-1.5662, 4.5892, 3.0031,-3.6303,-3.0020,-0.4008,-4.4326, 0.3785, 2.4515,-0.0676, 0.4516, 4.4566,-1.7754,-2.6567, 2.0947,-4.7655,-0.2970,-2.0560,-3.0947, 3.0376, 0.9313,-2.1754,-0.8079, 3.0516,-3.7353, 4.2722,-0.5287,-2.6974,-4.6241,-3.9362, 3.5612
