 3.1834, 0.2626, 4.3425, 0.3726, 3.4189,-1.4732,-2.5450,-2.4995, 1.8580,-4.8055,-2.7021, 3.1677,-0.4897, 4.7026, 2.1879,-1.8199, 1.4950, 4.5759,-0.7310, 2.9862,-1.1793, 0.8515, 4.4208,-1.0319, 1.6465, 0.9231,-0.5794,-0.2108, 0.0556,-0.8884, 1.3651,-1.1410, 0.0796,-3.0066,-2.8932, 2.1070,-4.8617, 0.6686,-0.6811,-1.7742, 4.9109, 0.7436, 2.6724,-3.9154, 4.1695,-4.0550,-1.6479, 3.2376, 4.6404,-2.5375,-1.0113,-2.1810,-3.0389,-4.3953, 0.8514,-4.8585,-2.7391, 4.4579,-1.6900,-4.3006
-2.2946,-1.6476, 0.0951,-1.8539, 2.4051, 1.3586,-4.2238,-4.7172, 1.0236,-2.1290,-2.0992, 0.2327,-4.1275,-0.1250,-2.5947, 1.2462, 2.0790, 2.9532, 0.3043, 3.2915,-2.6171, 2.1368,-0.8668, 0.7726, 0.4347,-4.7382,-4.6813, 1.0840, 1.8560,-0.6781, 3.4164, 1.2810, 2.5005,-2.2207, 0.4040, 2.4670, 0.6403,-3.9662,-4.1285, 1.8068, 3.7001, 4.3804,-2.0555,-0.6281, 0.0302, 2.3891,-2.8712, 0.2392, 2.4957, 3.9255, 1.4782,-3.8124,-0.3028, 2.5393,-1.1674, 1.3141,-0.0442, 3.0421, 1.5489, 2.3780
 0.3631,-2.7137,-1.1500,-1.1783,-3.6245,-2.3909, 2.4474,-4.9930,-0.0012,-0.9629, 4.9665, 2.5436,-0.4589, 0.9470, 3.8156, 1.8489, 3.0891,-3.5485, 4.1460,-3.5138, 3.1365,-3.0408,-4.8954,-3.3570,-0.8927, 2.3707, 2.4568, 0.0419, 2.9875, 4.0985,-4.5391,-4.4175, 3.0646, 3.7737, 4.8493,-3.8007, 1.9879,-0.9090, 1.3347, 4.2611, 2.0311,-3.4506, 0.1982,-0.5453,-4.3940,-0.5411,-4.9647,-3.5285,-2.4114, 3.3366,-1.9348, 0.1453,-4.3020,-0.0442,-1.7515, 0.6988,-3.8641, 4.6725,-4.2688, 4.3719
-2.8357,-4.6771, 0.3343, 4.0454, 4.6992, 2.1761,-1.6599, 1.0678, 4.5928, 4.5152,-2.1205,-4.9679,-1.6780, 1.6557, 4.9730, 0.2050,-3.9751, 2.9940,-3.1085, 0.0965, 0.6255,-2.6445,-2.1298, 2.2884, 2.4628, 2.7958, 3.1311, 2.2169,-1.5757,-4.1591,-4.3397, 1.0582,-1.5402,-1.7885, 4.4908, 4.5135,-3.5224, 0.0359, 3.5045, 2.0840,-4.4387, 3.1776,-4.4464, 2.4108, 4.9840, 4.5590, 1.8909, 4.2965,-3.9864,-3.3149,-0.1784,-4.9207,-4.5693,-2.7965, 0.6211,-3.3894,-2.3318,-3.3509, 1.5051, 1.7397
-0.7209,-1.8652,-1.8684,-0.9336, 2.0977,-2.8073, 2.9229, 2.8171, 2.3883, 4.5404, 3.5674,-2.2195,-0.1844,-3.2658, 1.1641,-1.6329,-1.9150,-4.7492, 4.1128,-0.7608, 4.5570, 3.8854, 1.5763,-1.2102,-3.3679, 2.3767,-4.9188, 0.1785, 0.0969,-1.1131,-4.7194, 0.4223,-1.8741, 1.9618,-1.1424, 4.7017,-2.7240, 3.3212,-1.6974,-2.6624, 4.1116,-2.9907, 0.3237, 2.3590, 3.2768, 2.8191,-0.5304,-0.7146, 2.3220,-2.8797,-4.9911, 0.7507,-1.0627, 0.7890, 1.4088,-3.2454, 4.7298,-4.1270, 3.2187,-2.9884
 4.0253, 2.8119,-1.4234,-4.8996,-3.5732,-4.8872,-4.8085,-4.4166,-0.1562, 2.3512,-4.8444,-0.5134,-4.4254,-2.8468, 1.7239,-4.6366, 1.4735,-3.1750, 4.7820,-2.2207, 4.5216,-4.6008,-3.4293,-2.4873, 0.4974, 4.1864,-0.0965,-2.8727, 4.3618, 4.5366,-2.5653, 2.5917, 2.7716, 0.1631, 3.8714, 4.4296, 0.4934, 3.7761,-4.7553, 4.9769,-1.5358, 1.3046,-0.1083, 0.1869, 4.5344, 3.9713,-1.3143,-3.7081, 1.1415, 0.8303,-4.0961,-0.4880,-0.8726, 4.8024,-0.0866,-0.9630, 3.5248, 1.2526,-0.8087,-0.1264
 1.8051, 1.7489,-3.1064,-4.2020,-1.9127, 4.6299,-4.5052,-0.4377,-3.4634,-3.6505,-1.5859,-1.5904, 1.0170,-2.3510, 4.3620,-1.4387,-1.6593,-3.3418, 3.6161,-1.1724,-0.1053,-2.6608, 4.5066,-3.8800, 0.3274,-3.0252,-3.0409, 3.3592,-4.4692,-3.0469,-1.6926, 1.1007,-0.1019,-2.7444,-4.6567, 4.2917, 3.4094,-3.1381,-1.9062,-2.6616,-0.3556,-1.7898,-4.5661,-2.1254,-2.4154,-3.3662,-0.2336,-4.5115, 3.5399,-3.5598,-4.7582, 4.3038, 2.9261, 3.9273,-0.3403, 0.8256,-2.1345,-1.7582, 2.4762,-4.6200
-4.7733,-3.3685, 2.0865,-0.9620,-3.9430, 3.6555, 2.7252, 0.2170, 0.0656, 0.9705, 2.4088,-2.5104, 1.9399, 4.1770, 3.8397,-0.5428,-0.3396,-4.7007, 0.3252,-0.7670, 3.0976,-3.7161,-1.4573, 1.7482, 0.3695, 2.2737, 4.6826, 1.5419,-0.9119,-2.6337,-0.5052, 3.5504, 3.1680,-4.5969, 1.5825, 2.8369, 0.1742,-3.1524, 1.8913,-0.6059,-2.5394,-3.8017, 4.3119,-0.7027,-4.6212,-0.5195,-2.8714, 4.6127, 1.3161,-2.5023,-1.2997, 0.6666,-4.0847, 1.4650,-2.6846, 2.9412, 4.2257,-2.3207, 4.1332, 3.4560
 2.1917, 4.8000,-0.8662,-2.3418,-1.1696,-2.0072, 2.4403,-4.5011,-4.4348, 4.9812, 1.9254, 2.9332, 1.0962,-2.8443, 3.1587,-1.5692, 2.7919, 4.7559, 4.1235, 2.4926, 0.3608, 1.6405,-3.0820,-2.8706,-3.5484, 0.1133,-0.4421,-1.8640,-2.8698, 2.6795, 2.9177,-2.3672,-1.8885,-0.1593, 4.0880, 3.3269, 3.3395, 1.7044,-3.1039,-0.8227, 3.3979, 1.5603,-4.8935,-0.9471, 3.7435, 3.1500, 0.2792, 1.2849,-0.8716,-0.2965, 4.2768,-3.0898,-2.1836, 0.7693,-2.2766,-3.0366, 3.8556,-1.0077,-0.1437, 2.4857
-0.1475,-1.9739,-1.9891,-3.5598,-0.5690,-0.4515,-2.1556, 4.4509,-4.1069,-0.3768,-1.3822, 3.4786,-1.7163, 2.2998, 1.9636,-4.7372,-2.7091, 4.8745,-1.4001, 1.9152, 2.4019, 0.3767, 0.8557, 2.1140, 0.8618,-4.2318,-3.4518,-3.8990,-4.8350,-3.3346,-0.0500,-2.1567, 0.0855, 4.0412, 4.1055,-2.0991,-1.3301,-2.1814, 3.7653,-0.2855, 2.2528,-4.5180,-2.6923, 4.2866, 4.6135, 1.7378,-1.6063,-1.4469, 1.6375,-4.4529, 1.5463,-0.0884, 0.6356,-3.3709,-2.8553,-3.8843, 1.8689, 3.3856, 0.6832, 4.9687
-2.1261,-4.2776,-0.9783,-0.8357,-4.8176,-4.7785, 4.6752,-0.3335, 4.8423,-3.6893, 2.6085,-3.3048,-3.6939, 2.5622, 3.4034, 1.5005,-4.2715, 1.0777,-0.6677,-1.3969,-1.9315,-0.5410, 1.0594,-0.5415,-4.1167,-3.9677, 3.4645,-4.2557, 3.5625,-1.8573, 3.2633, 2.8224,-1.9922,-0.5355, 0.5196, 1.2691, 4.1546, 0.6093, 1.7641,-2.3516,-3.1927,-2.4681, 3.0307,-4.5680,-0.4901, 3.1054, 4.6877, 0.9575,-4.0937,-2.9899, 4.8426,-3.7736,-2.7146,-4.5492, 0.3075,-1.8745,-1.3426,-1.8631,-2.8825,-0.0166
-0.9382, 1.3908, 0.6387, 1.4046, 2.7064,-3.5493,-2.5502,-3.5643, 0.3784,-4.0714,-3.1770, 2.5878,-4.3379,-2.5504, 4.4908,-3.5781,-2.8839, 4.1475,-2.1119, 4.0192, 0.4458,-0.6631, 4.5544, 0.1294,-2.7666,-2.4550,-1.7872, 0.1072, 3.7143, 3.3881,-2.9591,-2.6042,-4.6426,-1.5989, 3.0882, 4.3461, 2.5617, 4.8019,-0.4067,-1.3717, 0.3553,-3.8605,-1.7831, 2.1108, 0.6543,-1.3832,-0.8009, 1.8761, 0.4354,-1.3196,-1.2085, 2.2533,-4.1464,-0.6808, 2.7637, 1.9063,-0.0871,-2.9096,-2.1762,-0.3881
-0.3408,-4.6806, 1.5341,-4.0132, 4.0249, 4.6532,-0.2647,-2.5052, 3.2122,-4.4935, 0.5352, 0.0382,-4.1712,-3.3974, 1.2906,-1.3363,-1.5695, 4.0283,-3.9139,-3.3160, 1.0029, 3.8053,-1.8775, 1.9610, 0.8057, 4.9676,-2.0201,-0.3749, 4.3326,-3.3222, 4.5422, 1.3216,-4.0745, 2.7125, 4.3449, 1.2503, 4.6123, 4.9284,-2.5859, 0.7481, 2.3872,-4.2511, 1.8375, 1.3085,-0.3641, 2.3278,-3.6061,-0.8048,-2.7826,-2.7774,-0.3632, 4.3436, 4.8046,-2.6630,-0.1708,-4.5634, 0.0266, 3.6091, 1.1630,-4.8988
-4.6365, 2.8923, 1.0236, 2.9236, 0.4816, 0.9771,-2.5045,-2.5069,-4.7152,-0.3699,-1.3145,-3.0249,-2.7404, 2.8841,-2.4877,-4.0358,-4.0386, 3.1953, 0.9437, 2.0339,-2.5704, 0.1815, 1.7850,-0.5328, 4.1861,-0.2300,-2.3989,-3.6612, 1.9969,-4.4698, 2.0919, 2.3618,-1.6620,-0.3885,-0.6606,-4.1019, 0.9898,-0.0151, 1.6338,-3.5577,-1.1129,-1.2116, 1.5232, 0.0444, 3.7674, 3.4872, 2.8909, 3.4772, 2.9933,-4.4185, 0.2523, 2.3319,-2.8367, 4.0209,-0.9972,-0.5165,-0.4295, 3.3590, 3.1095,-4.0834
-2.8122,-0.2839,-0.5470, 0.5209, 4.6307, 1.6754,-2.0926,-4.5767,-1.3962,-1.1232, 1.4488,-3.5024,-1.9744, 2.5524, 0.7095,-2.7593, 0.1768, 4.5174, 2.2543,-1.8906, 0.9631, 4.7552,-2.1148, 2.8191,-0.8509,-4.6708,-1.1693,-0.9095,-2.6774,-2.8037,-3.1064,-0.9651, 3.1488, 2.9306,-1.1052,-0.2784,-3.0850,-0.5564, 1.8785, 2.7957,-2.2084,-1.3534,-1.2831, 0.6839, 3.4067,-2.1791, 3.0534,-4.6846, 2.2290,-3.3583, 2.1558,-3.9120, 4.4578,-3.6559, 3.0694, 0.9388,-1.5795,-3.5688, 1.1705, 0.8616
 3.7299,-2.6456, 4.7778, 2.3794,-2.1159, 4.0564,-0.1805,-1.7155,-0.0469,-1.4263, 2.8251,-2.9919,-1.3420,-3.5650,-4.4970,-4.9775, 4.5393,-1.2706, 2.2279,-0.2939,-0.2723, 0.7322,-3.9363, 3.0886, 0.3858,-2.2418,-0.3864, 0.6768,-2.6366, 3.4825,-3.2433, 0.5485, 4.1276, 1.3681, 2.8975, 4.4120, 4.1418,-4.9269, 1.2035,-0.3803,-1.5310, 3.1324, 4.0800,-3.0704, 0.6712,-3.2779, 2.9010,-3.8785,-3.6369,-1.0256, 2.8791, 2.0346, 0.1195, 3.5361,-1.3974, 3.2740, 0.6410, 0.6721,-4.8531,-0.1980
 4.6641, 4.1091, 4.9302, 3.5755, 1.1454,-0.4178,-1.6977, 1.6534, 4.1178, 0.5197,-2.1533, 3.2482, 0.7268, 0.5288,-1.7055,-3.9374, 3.8406,-3.9003,-4.6014,-4.7817,-0.9938,-4.2548, 1.0909,-0.5893, 1.4223,-1.8869, 2.6480,-0.0842,-3.5469, 2.0890,-4.9295, 2.1825,-0.2875, 3.3500,-2.8120,-0.5047,-3.5611, 1.0084, 4.6695,-2.9148,-4.1024, 2.9157, 3.9460,-0.4658, 1.7359,-1.8385,-3.7208,-2.5965, 4.0102,-1.2890,-0.9890,-1.6977,-0.1905,-0.0567, 1.0479,-0.2861,-3.4474, 0.4441,-0.7990,-4.4683
-3.0736, 0.8726, 1.2198,-3.1425, 1.7172,-1.9712,-1.8214,-3.0859, 0.2881, 1.4062,-0.4612,-3.6056, 0.1946,-0.3239,-2.1385, 0.3518, 1.3226, 1.5938, 1.6790, 3.7971, 2.2163, 1.0520,-1.2080, 0.7523, 3.3231, 4.2007,-4.1998, 0.5022,-0.8150, 0.4746,-2.8507, 2.1613,-2.0100,-4.8822,-2.9833,-4.8023,-2.6425, 0.9650, 3.6006, 1.2280,-2.2214, 1.2975, 1.9558, 1.0491, 1.8257, 4.6095, 2.6727,-1.3855, 3.1202,-1.3533,-2.5761,-2.4918, 4.2749, 1.7087, 4.1438, 0.3330,-2.4173, 3.3700, 4.7568, 3.3226
 0.1924, 2.3646, 3.3738, 1.6412,-3.6451,-1.4097,-2.6689,-4.2993, 3.3935,-3.7693, 0.9892,-2.4729, 0.6845,-1.5458,-2.0523, 3.3556,-4.8507,-4.5964,-2.3223,-2.4460,-4.1897, 4.0747, 3.2834, 2.5089,-3.7939, 4.3872, 4.6629, 2.2004,-0.8549,-2.1542, 4.9456, 3.3388, 2.6068,-2.6090, 3.5482, 4.2611, 4.2770, 1.8704, 2.7834, 4.3360,-0.0678,-1.2774, 1.2386,-4.2974, 0.4738,-3.2266, 3.4477,-1.2645, 4.3420, 0.4332, 2.8276, 3.0480, 2.9852,-2.9946,-2.6549,-2.7089, 3.2890, 0.1539,-1.4795, 2.9466
-3.7910,-0.7968, 3.9914, 2.2617, 4.8682,-1.9911,-1.3162,-1.4204, 4.6336, 0.2149,-0.1798,-0.6310,-2.7154,-2.2502, 2.4789,-1.6426,-0.9573,-3.9263,-1.6638, 1.9554,-2.8523,-1.1172,-4.6198,-4.7545,-1.1381,-0.9571,-0.8474, 4.7018, 2.9914, 1.0449,-1.9579,-3.5134, 1.7685, 0.2615,-1.6091, 0.9204, 0.2156,-4.7574,-2.0452, 3.1681,-4.2722, 3.0449,-1.0101,-1.9819, 0.8784,-2.4977, 0.2057,-3.5670, 2.2161, 0.7352, 2.2971, 0.6197,-3.3393,-2.6943,-0.7338, 2.6015, 3.0153,-0.3575,-2.9088, 2.2868
-4.1663,-3.5838,-2.8672,-2.8222,-1.0264,-4.3361,-3.4462, 4.3415,-2.0070, 4.7901, 2.2747, 1.5734,-0.1286,-1.4341,-1.9118, 4.5793, 0.1134, 2.7285, 2.5565, 4.3309, 3.4197,-2.6346, 1.2705, 3.7589,-0.6403,-3.9284, 2.3249, 1.1047, 3.5278,-2.4617, 3.7715,-3.1866,-4.4425, 3.6639,-0.2650,-1.0065, 3.4205,-4.4875,-2.2657,-3.1458, 2.5712,-0.8090, 2.8288,-3.3585, 3.0864,-2.5811,-2.8814,-4.7826,-1.1382, 4.2172,-3.4737, 0.4916, 2.7960, 4.4720, 3.5243,-0.8538,-4.1496, 2.4807,-1.5910, 3.7990
-0.6337,-1.6628,-2.7857,-2.2988, 2.2567, 1.4507, 2.3852,-3.9148,-1.1235,-2.2983, 3.5035, 3.7932, 4.1744,-4.5174, 4.9398, 4.1532,-2.2765,-3.9998,-0.5774,-2.2617,-2.5206,-2.3657, 3.0473,-3.0571,-0.8533, 3.3921, 4.6491,-4.7607, 1.7467,-3.4893, 0.5675,-4.3948,-4.6442, 3.0616, 4.5749, 4.4855, 4.7418, 0.7982,-2.8221,-2.5225, 3.9694,-1.4746,-1.6253, 2.1266, 2.1425, 2.4751,-0.2646,-0.8972, 1.9043,-1.1499, 2.9559,-3.2523,-3.6920,-4.6916,-2.8843,-3.2406, 0.1740, 3.3512, 4.6197,-1.8677
-3.4792,-1.4493, 2.0628,-0.4749, 2.0383, 0.5118,-1.1335, 4.2740, 0.1617,-0.1542, 3.2966,-1.8665, 2.5214,-4.8658,-0.1750,-2.6879,-4.8311,-0.0496,-3.3664, 3.2764, 2.9171, 3.4851, 0.2917, 3.6390,-3.8663, 2.3067, 3.5962, 3.1603,-4.9686,-0.2537,-2.6186, 3.0589,-3.8550,-2.1376,-0.3104,-4.0626, 4.6337, 4.1528, 2.7323,-4.8396, 0.2201, 0.0242,-2.7171,-3.4476,-4.7198, 4.2478,-1.3053, 3.8433, 4.8894,-4.3115,-0.2206,-0.9547,-1.7611,-4.0044, 1.0588,-4.1522,-1.7280, 2.7748,-4.8927,-1.0997
 0.1203, 0.8001, 0.8685,-0.2936, 0.8464,-2.1221, 4.5592, 3.7804,-2.9159, 2.4525, 2.2575, 2.4993, 1.4860,-2.4733,-0.0715, 1.3232,-3.2161, 0.7196, 3.6810,-2.8391, 3.5647,-1.5257,-0.3697, 4.0552, 2.9841,-1.9805,-0.1638,-4.1444,-4.7682, 1.8330,-0.8358,-4.6976, 2.2729, 1.4161, 0.3868,-1.0080, 3.0484, 3.9241, 0.2550,-2.3893,-3.8074,-4.4456,-4.5961,-4.1516,-2.6352,-2.7230, 0.1419,-3.5628, 3.5224, 0.9121,-0.6201,-4.4045,-0.8293, 3.6333, 4.9892,-2.1686,-1.6151, 2.1431,-2.6755,-4.8730
 4.2080, 3.7389, 2.4411,-4.8491, 4.5565, 4.8873,-0.6418, 4.6857, 3.5456,-0.8352, 0.1784, 1.9436,-3.5310,-1.8087, 3.6224, 0.9763,-1.4377,-3.9354, 0.7833,-0.5171,-3.1290, 1.1521, 2.6805,-2.3240, 4.1229, 2.3093,-0.6791,-2.9870, 4.3854, 0.6822,-3.0686, 0.1693, 4.6060,-0.6806,-2.0724, 3.5598, 2.9767,-2.8623,-3.6439, 1.9479,-4.0913,-1.6036, 2.4221,-3.8744,-0.1536, 2.4215,-2.6478, 3.6312, 4.8095, 2.5538, 4.1855, 4.0959, 2.1937, 3.1845,-4.4104, 0.7547,-0.0888, 3.9984, 2.0217, 3.2068
-1.6654,-1.5077,-4.9107, 0.9215,-2.2019, 2.0489,-4.9275,-2.9629, 0.9163,-3.8313, 4.7677, 4.4062,-1.9001,-0.2618, 4.0091, 4.4705,-0.0042, 3.8270,-1.9454, 4.9542, 1.1016,-0.5285,-4.6329,-4.7776, 1.6229, 0.1998, 2.2362,-1.6807, 0.1689, 0.5282,-4.9032, 2.5546, 4.6167,-1.5390, 4.6638, 4.8411,-2.6290, 1.4495, 0.4472,-3.5492, 4.6916,-1.9527, 4.9293,-3.4334,-2.4560, 2.8597, 2.5885,-1.1846, 2.2073, 4.7239,-3.0820, 0.6529,-2.6587,-3.2531, 1.9088,-4.5047, 3.9943, 1.7078,-0.9660,-4.2585
-0.5692, 0.7801, 4.2546,-2.2231, 3.0269,-4.3413, 2.9936, 1.1087,-1.8073, 1.0519,-1.3562,-0.9465, 4.7258,-0.7074,-2.4039, 0.4177,-0.1102, 3.7571, 4.5795,-1.5623, 3.5848,-4.3835,-0.0546,-3.1096, 1.4302, 4.4342,-4.1327,-4.4145, 2.2835,-2.0675, 3.2677,-0.2480,-3.5187, 3.2677, 3.9908,-4.8063,-0.8011, 2.6765, 2.0086, 1.7250,-3.6700,-1.8053, 3.1484,-3.1718,-4.7780, 2.3975, 0.5254, 2.2066,-1.9852, 4.8557, 0.7953,-0.0912,-3.3210, 4.8786,-0.1155,-0.6370, 1.5557,-3.3941,-2.2666,-0.7306
-2.2994,-2.6417,-1.2000,-3.5950,-3.6847,-0.8719,-2.7751, 3.1312, 1.0736,-1.6315, 1.5470, 4.5813, 3.2271,-2.9189,-2.7442, 3.6340, 0.3898, 3.9225, 1.6050, 4.0584,-2.1391, 2.0470,-2.1757,-1.3041, 2.1324, 2.9714,-3.6353, 2.2943, 0.4187, 0.1622,-0.2505,-4.4580,-2.0366,-4.0471,-4.0880,-2.2085,-0.0161, 0.2430,-0.3787, 1.5405, 2.4459, 4.8699,-0.3976, 0.4265, 2.9741,-3.1954, 0.2060,-1.9046,-0.3328,-0.9342,-2.2415,-0.9383, 3.8923,-0.7362,-1.7816, 3.4130,-4.4696,-3.8102,-4.9062, 4.8468
-4.6975, 4.1259, 1.1568, 4.6297, 1.0492, 2.1134, 3.9121, 1.1744, 4.9173,-4.9766, 1.2205,-4.5929,-4.3683,-2.7239, 0.5217, 1.2885, 4.3402, 3.8891,-2.8914, 1.8061, 4.9004,-4.9681, 4.0822,-0.0447,-2.0764,-2.9104,-2.6954,-0.3468, 3.3185,-4.3821,-1.7214, 1.0043, 2.1638,-4.6743,-2.5102, 2.8453, 4.1392, 0.5051,-2.4357,-1.4696,-3.6129, 0.2848,-1.6817, 2.3819,-3.3757, 4.6005, 0.3965, 2.4381,-4.6343,-3.5561,-2.2932, 4.3614,-3.6492, 0.1918,-3.2331,-3.2808,-4.8325, 3.5123, 3.8123,-3.3529
 3.4547, 0.3557, 2.4361,-4.1679,-0.6019,-4.8680,-2.5148, 1.9061,-0.9890, 2.6248,-3.8909,-4.4353,-2.9953,-0.1914, 2.0247,-1.3552,-4.2276, 2.0190, 0.7551, 3.3206, 1.8544, 0.5798, 1.6857,-0.9501,-2.4508, 4.4370, 1.8518,-4.8540, 0.7154, 1.4282, 0.7102, 4.3557,-1.5848, 4.9389,-0.8779,-1.1747,-0.6864, 0.9500,-1.7923, 0.1851, 1.9972, 4.0893,-2.2507,-1.7880,-3.2937, 3.2982,-4.0936, 4.0422,-1.5190, 4.0430,-0.2068, 2.2555, 4.6191, 0.1646, 3.9503, 1.2149, 0.2729,-4.5894,-4.6655, 2.0510
-3.2701,-3.3816, 0.8421, 0.6679, 4.0716, 4.4635, 3.8994, 4.3940,-3.1633, 2.1634,-1.2024,-2.8941, 4.6923,-3.7955, 3.5093, 1.9558, 3.4669, 0.5333,-1.0805, 2.8502, 3.3685,-0.2027, 0.2069,-4.4100, 2.8135, 4.7279,-1.3692,-3.0241, 2.2507,-1.7226, 4.6454, 3.5835, 2.4408, 2.0392, 3.6684, 2.9670,-2.6643, 1.5210, 0.5407,-2.5659, 2.4513,-2.0307,-0.9274, 4.5211, 4.6817,-2.4409, 3.0270, 1.0812,-1.2908,-3.0470, 1.9473,-1.5582,-0.1591, 0.4604,-4.8048, 0.3545, 1.8276,-0.4422,-2.7230, 1.1480
-2.4052,-4.5035,-2.6959,-1.7713,-4.2781, 3.1740, 1.5556,-3.3356,-1.7189,-0.6545, 2.0171, 0.1186, 4.6808,-4.7959,-2.1161, 4.4598,-4.8742, 2.0264,-4.5367, 4.4686,-1.6440,-4.1119,-0.8812,-1.4843, 4.4322,-0.5762,-3.3126, 2.1661,-4.4161,-2.2455,-0.8625, 1.8916,-4.4791,-4.4106, 3.6052,-1.9828,-3.5875, 0.9845, 3.9605, 2.8785, 2.7817, 4.1275,-0.0372,-0.1832, 0.2218,-0.0901, 1.9621, 2.7061,-3.2531, 1.0307,-4.0381, 2.4377, 1.6743,-1.2750, 0.7962, 4.3708,-1.7796,-2.0393,-4.7996,-1.4836
-0.8243,-3.1778,-3.1759,-4.7954,-4.1635,-4.1425, 1.4484, 2.3105,-1.6443, 0.7142, 4.3787,-2.9599,-0.6269, 2.4843, 3.2728, 4.9346, 0.4721,-1.3561, 1.1298, 1.2950,-1.1607,-4.1526,-0.7787,-0.0926, 1.9570,-3.7024, 1.2607, 1.9906,-2.0567,-4.1339,-0.2189,-2.9539, 3.5419, 1.1494, 3.9144,-2.8943,-1.0753, 0.7990,-0.4769, 4.4869,-3.4031, 2.6504, 2.9465,-0.9847, 4.2937, 0.7500, 1.3668,-4.8378,-3.3397,-2.7062,-2.0997,-2.8830, 4.5111,-3.9725,-3.4715,-2.3234, 4.0920, 3.8917,-0.8219, 0.8764
 1.6799,-1.1153,-3.7783, 0.8066, 1.0730, 2.6923,-4.0069,-4.6698,-3.6351,-0.2680,-3.7271, 0.1606, 1.6855,-4.3731, 2.6614, 1.5774, 2.2684, 2.6465, 2.2091, 1.0683,-2.0056,-0.5035,-4.5925, 4.0270, 1.6338,-4.1213,-3.6118,-2.7153,-0.3913, 4.9714, 1.5947,-3.3267, 2.1666, 1.8245, 0.5516,-0.9929, 2.0665,-1.0610,-0.5374,-1.3390,-0.5428,-2.7022, 4.8650, 3.0435,-2.6738, 4.4117,-0.4906, 0.7746,-3.7593,-3.2661, 1.3072, 0.2840, 0.1114, 2.5058, 4.4811,-4.7346,-4.5065, 1.4347,-0.6014, 1.6679
 1.2324,-0.6892, 3.7629, 4.7724, 3.9642, 1.2456,-4.7744,-4.9115, 4.5867,-0.5757, 4.2644, 1.3180, 3.5516, 4.8633, 2.8716, 1.9813,-1.0735, 4.4761, 4.6150,-4.1787,-4.1011, 2.4799,-2.1586,-2.9425,-3.6973, 2.2432, 1.4121,-0.4726,-4.2280,-3.5639,-0.7722, 0.6383, 0.6485,-4.8432, 4.6781,-0.0513, 0.6167,-2.5724,-1.7183, 1.1786, 3.4689, 1.9959, 3.9159, 1.9307, 2.3283,-4.4036, 3.6187, 2.5813, 4.1810,-3.4682, 0.1510,-4.7537,-4.3595, 3.1606,-2.8849,-0.8258,-0.3345, 3.4556, 0.0833,-3.5119
-3.2488,-3.0831, 3.6105,-4.4027, 2.2348, 4.1720, 4.4944, 4.4624, 3.2911, 1.0275,-1.8607,-2.5391, 2.4712,-1.3035,-1.3349,-4.7024,-4.1688,-3.2759,-2.7591,-3.1724,-0.5280,-0.2364,-0.4627,-0.0952,-2.5060, 4.2322,-3.5151,-3.8560,-2.3625, 0.3070, 3.6362, 0.2153,-0.3270,-0.9808, 2.8012,-4.2280,-2.5948,-3.9578, 2.1906,-3.0186, 3.5703,-4.5334, 3.1997,-0.4449, 4.7550, 0.0980, 0.3778, 4.4065,-2.6456, 1.2362,-3.4962, 1.5913,-2.1317,-4.5878,-0.8570, 3.7729,-3.3744, 3.3713, 1.5956,-2.9262
-0.5279,-3.9954,-4.3706,-0.9074, 3.0428,-3.0067,-1.4529,-2.1242, 0.3821,-3.7008, 1.7619, 3.3209, 0.6399,-1.5378, 2.6932,-2.6552, 1.7396,-3.5087, 1.4901, 1.6548, 2.9432,-0.6448, 3.7714,-4.8142,-1.7356, 2.9546,-1.4648,-0.8379, 4.2783, 3.3049,-3.7564,-2.2755, 4.1218,-4.6727, 3.6055,-0.2600, 0.3912, 2.9768,-2.2808, 4.4262, 4.2865,-3.8864, 4.6151,-4.7366, 4.5803, 1.5119,-2.3446, 2.7506, 1.7528, 1.7542,-1.1940,-4.8056,-2.1062, 3.9236,-1.5740, 3.9412, 0.1207,-1.5431,-1.2354, 3.1495
 2.8550,-4.7950,-0.4577, 2.5622, 0.4343, 4.2111, 0.6586, 2.2528, 1.7411,-0.9975,-4.9455, 3.5490, 0.9055, 1.9486,-2.6161,-4.9794,-0.0987,-2.5962,-1.8185, 2.2786, 0.1641, 3.6165, 3.3069,-2.0766,-3.6313, 1.2664,-0.7259,-4.1238,-4.1904,-4.8821,-1.9026, 4.8891,-4.6894, 4.8094,-4.9016, 1.1351,-2.6222, 3.3861,-2.0509,-0.7060,-2.1726, 2.2004,-2.2658, 1.1253,-3.2875,-3.3424,-0.5936, 0.9145, 4.9879,-2.4444, 4.8723,-0.3103, 2.6545,-3.4170,-1.7756, 3.2622, 2.3364,-3.1617,-1.3765, 0.5400
 0.0090, 0.7397,-2.7744,-3.4027, 3.7335,-2.8384, 1.8142,-2.9583,-1.6471, 0.8465, 1.3983, 0.2396,-4.2623,-3.4995,-0.6591, 1.0569,-4.6709, 3.7810,-1.4743,-2.7810,-4.7899,-2.6287,-4.9937,-4.2678, 0.0169,-4.8875, 1.7605,-0.4106, 3.1031,-1.2953,-3.4699,-1.0597,-0.3011, 0.2725,-2.0925, 3.2010, 2.0137,-3.6586, 1.3126,-2.4563, 3.1057, 1.6625, 2.6157, 4.7490,-4.3455,-1.9579, 3.1400,-3.3173, 4.9462,-4.6545, 1.5289,-0.5467, 4.9761,-4.6753,-0.6764,-2.2868,-3.0332, 3.9997, 1.1744,-4.3111
 4.2536,-2.2705,-4.5634, 2.9104,-0.2531, 0.7297, 4.5175,-1.6547, 4.9187, 1.7420, 0.9068, 4.5383,-0.4941,-2.5268, 4.6247, 4.2438, 2.5291, 0.4495,-4.1673,-2.1448, 0.1877, 0.2075,-2.1082, 1.2713,-0.7456, 1.6810,-4.8550, 1.0680,-3.4233,-1.7247,-0.0116,-4.7517, 1.7529, 3.4272, 1.4174,-0.5174,-4.1195,-1.6139, 0.5455, 3.1729,-4.4163,-4.4964, 2.8910,-2.4180,-3.7499,-3.7585, 0.6562, 4.3184,-2.9753,-0.4720, 2.1119,-1.2085,-0.9119,-4.1373, 4.8980, 1.6219, 0.3588,-1.3943,-0.4751,-4.0477
 2.3586, 2.2415, 0.3104, 3.5146, 2.3797, 4.8321,-4.3915,-1.4636,-1.9243,-0.9811,-4.1959,-4.9875, 2.6042, 3.0642,-0.0343,-0.0208, 4.3787,-0.4642,-1.8330,-1.1199,-3.4318, 1.7113,-3.5517, 1.0248,-1.4973,-3.0044, 2.6467,-2.3253,-4.2945, 0.5243,-1.4703,-1.0226,-4.9507,-0.7921, 4.1038, 1.1378, 1.2211,-3.6998,-3.7806,-3.1504, 3.1529, 1.3789,-4.6107, 4.2302,-4.4120,-0.4994, 0.4281, 0.2446,-3.6519, 4.9198,-1.7038,-3.1444,-4.1524,-1.1703,-4.7187, 0.0321,-0.9742,-2.2946, 0.5599, 2.3635
-4.0407,-3.3879, 3.2562, 2.2808, 3.7075,-0.1579, 0.7755, 1.8402, 4.2757, 2.0623, 3.1195,-3.2983, 3.4773, 0.7589,-1.0087,-3.6029,-2.8545,-1.6704,-2.4423,-3.0651,-1.8424,-2.9751,-0.5619,-0.5211,-1.4259, 2.9890,-3.2449,-2.9075,-2.5789,-3.8007,-1.9504, 3.1700,-0.6354,-2.7782, 4.4532,-3.7791,-1.8651,-2.6382,-4.6437,-0.6435, 3.7991,-0.7098,-3.8080,-4.7586, 2.6012,-2.0757, 1.7719,-2.9330,-3.7986,-0.4450,-0.5897,-3.7393, 2.9357, 4.1422,-2.8909,-3.1153, 0.4915, 3.6256,-3.0264, 1.7288
-1.4212,-2.5456, 2.8813, 0.8521, 0.2294, 4.1778, 2.0320,-2.2361,-4.7335, 3.0128,-4.4335,-4.9827, 2.2601,-4.7114, 1.1903,-2.4424, 4.4533, 2.1684,-4.0203,-0.5717,-0.9677,-4.8740, 2.9993,-2.1416,-3.1358,-1.9339, 3.8165,-4.5690, 4.2545,-1.5094, 4.7030,-1.3728,-2.6061,-3.5416, 0.4302, 3.1910, 3.5897, 0.7571, 2.0644,-0.4837, 3.1754, 2.1819, 4.4697, 4.0385,-4.7389,-0.8380, 1.1432,-3.9263,-1.4924, 3.2091,-0.2560,-0.3179, 2.2111,-4.7370, 4.4754, 0.3391, 1.3248,-2.9140, 1.9330,-0.4530
-4.8187,-3.7935,-1.4265, 2.1640, 0.9128,-3.1923,-0.1463,-3.0198,-2.7756, 2.4213,-2.8834, 3.3715, 0.0948,-3.6973,-3.9061, 1.7729, 0.8934, 3.6233,-3.7262, 3.0194,-0.9470, 3.8845, 0.6142, 4.5352, 4.9774, 1.2389, 3.8369, 1.5960,-3.3972,-3.4074, 0.5485, 2.3396,-1.5500,-0.4214,-0.7315,-2.5703, 4.3631, 1.8181, 1.4277,-4.1845, 1.2022,-0.4330, 3.1864,-2.2280, 2.1924, 0.6343, 2.0665, 3.1405, 0.2129, 2.1598, 1.0608, 0.4678,-3.2412, 1.5027, 4.7455, 4.1847, 2.2518, 2.6451, 0.7639,-2.3444
-0.0185,-1.9042,-3.1227, 1.0487, 1.2347, 3.2387,-1.0219, 3.2678, 4.1728, 0.5406, 0.9994,-1.5080, 1.9488, 1.3797,-3.1619,-4.1920, 2.7384,-0.7163, 3.3573, 2.1105,-2.3303, 3.7509,-2.3564, 0.0339,-2.7271,-1.7628,-1.6605, 4.2994,-2.5410, 1.4863,-0.1502,-1.7606,-3.3009,-2.5828, 1.7926,-2.4113,-3.5367,-3.2473,-1.9093,-1.6883, 1.5018,-4.5118, 0.4203, 3.3952,-1.1983,-1.5907,-2.7695,-4.7096, 0.0699,-0.7338, 1.7322, 0.6812,-1.0716,-1.6090, 1.1798, 0.4867, 0.7325, 2.9366, 1.3362,-4.6328
-4.0412,-0.4870,-0.1919,-0.5415, 0.4038, 3.2438,-4.1071, 1.0583, 4.8018, 3.4016, 4.7506,-1.3603, 3.6261,-2.7275,-3.8557,-4.2125,-4.6792, 2.3588, 0.4836, 4.6176, 4.8502,-4.5957,-0.2302, 2.6554,-3.8328, 1.3443,-4.2484, 2.6364, 0.0515, 0.5565,-0.1980,-0.5004,-4.4883,-4.0588, 2.8295,-3.9280, 0.5195, 3.7552,-1.4035, 1.0407, 0.1036,-2.4557, 2.3418,-2.1035,-0.0137, 0.4594,-0.7977, 0.8394,-0.3327, 1.0874,-4.7082,-1.8994, 3.4086, 3.1641, 2.7549,-2.1058, 2.6484, 0.7955,-0.6525,-3.9451
-2.6481,-1.1969,-1.3641, 4.5905, 3.0462, 2.0905,-2.9295, 1.5241, 0.4565, 3.7357,-1.3252, 2.0886,-2.5400,-1.1422, 4.9539, 1.1573,-3.6746,-3.4338, 4.1516,-1.2384, 3.2550,-4.0656,-4.7979,-3.7434,-0.4878, 0.1509, 0.5842, 4.7549, 2.7789, 0.9295, 4.1939,-1.5817,-1.4318, 3.3848, 4.4161,-0.7269,-0.6411, 2.4458, 1.4083,-2.3201, 2.5933, 4.1726,-3.8687, 4.1724,-3.6247,-2.1779,-2.4984,-0.0804,-0.9122,-3.0556, 1.8326, 2.2882,-1.4244, 1.5067,-1.4536,-4.2739, 1.3201,-3.8735,-3.5995,-4.6920
-3.9000, 0.5537,-3.0805,-4.6837, 2.3208, 0.5560, 1.0904,-4.0728,-2.2203,-4.3860,-2.2086,-0.6102, 2.1863,-2.2594, 3.4188, 2.7575, 2.6431, 3.8230, 1.6335, 3.1467, 4.5986,-4.3726,-3.1742,-4.3595, 4.4705, 1.3506, 1.2387,-0.3732, 4.6885,-4.7614,-2.8980,-2.5531,-1.4030,-0.4866,-3.8444,-2.0946,-2.3844, 4.7877, 0.7627,-4.5967, 1.6104,-0.8898, 1.2008, 3.7361, 1.0305,-3.5038,-4.2536,-3.4194, 3.5057,-2.7729,-1.3822,-0.7924, 3.5332,-1.8834, 4.1864, 0.9135, 0.6830,-2.2021, 2.8272,-1.6849
 4.4575, 3.6089,-2.7920, 0.7853, 4.8568,-1.8559, 3.5683,-2.8797,-1.0903,-1.2110, 2.0976, 3.0658, 0.4005,-0.0598,-0.8815, 2.0421, 1.6276,-0.7904, 0.0792, 4.4920, 4.4004,-4.0230, 3.6117, 3.3235, 2.6917, 0.3111,-2.7488, 2.6353,-0.9574,-3.5730,-3.2609, 1.4639, 1.5546, 0.7555,-0.4768,-1.1228, 0.6206,-2.0789,-3.7881, 4.5298,-4.6518,-0.4828,-1.2410,-3.2672,-3.2393,-4.2112, 4.2015, 4.0375,-0.4193,-2.6297, 2.6153,-4.1989, 4.2762, 1.4221,-1.9898,-0.9998, 4.9279,-3.2429, 4.2630, 1.0745
 4.4143,-1.4503,-1.3232, 1.3143, 3.2424,-4.2143,-4.9159,-3.2857,-1.1766,-3.4611, 1.8310,-0.3750, 0.7343,-3.3650,-0.5761, 4.5420, 2.0512, 4.6211,-4.0674,-1.4478,-1.1381, 0.6930,-3.5930, 0.5109,-1.4414,-0.7190,-1.6705, 4.5156,-1.8730,-3.2608, 0.8151,-1.0735, 4.1938, 3.8050, 0.9999, 3.6456,-1.2117,-1.9983, 1.7313,-3.8777,-1.9054, 3.8285,-0.4924,-1.2285, 4.0822, 4.1216, 0.8216, 0.1150,-2.1796, 3.3470,-2.4398, 0.9784, 3.6747, 1.2068,-4.8044, 2.5694,-0.4986,-2.3999,-4.6059,-3.9375
-1.3430, 2.6683,-3.5367,-2.8404,-0.8954, 3.9728, 2.9776,-4.9656,-1.0300,-2.5891,-4.2979,-1.7887,-4.0492,-1.0163, 2.0017,-4.2971,-1.3777,-1.4060, 1.0171,-0.6001, 2.7561, 1.7144, 3.0779,-0.3634, 1.4195, 1.6401, 3.7549,-0.4750,-0.8245, 1.7654, 4.5774, 4.3840,-2.7031,-3.6956,-3.4760, 3.8941,-1.0969, 4.1001,-3.3691,-3.0884, 4.8274, 4.0972,-1.5394,-4.6233, 2.7905,-0.7348,-1.6544, 2.0586,-1.2704, 0.8499,-4.9984, 2.3584, 0.5204,-0.7057, 2.5609,-4.2185,-2.0487,-3.8247, 4.6442,-3.6934
 2.8009, 1.1409, 0.7587,-3.8932,-2.8691, 2.6567, 2.6985, 2.1218,-1.2376,-1.1864, 1.3334,-3.5721,-3.7481, 3.7600,-1.5804, 2.6692,-2.5657,-2.8657, 3.8419, 1.4842, 4.6057, 2.2749, 3.2884,-1.4252, 4.7228, 1.3245,-4.5304, 4.3256, 2.7185, 1.5899, 1.9837, 3.3312, 4.9963, 4.9907,-0.7792,-0.9993, 2.3010,-3.7577,-4.3623,-3.0176, 2.0261, 1.3711, 4.1821, 0.6764, 0.5573, 0.7189,-2.1203,-1.4628, 3.7917, 1.6152, 0.2110, 4.3165,-2.9114, 3.1195, 0.8807, 1.7229, 2.2392, 1.8955,-3.8391, 0.3683
-4.0218, 0.4201, 1.4629,-2.2784, 1.7912, 2.0708,-4.7271,-1.3539, 0.1108, 4.4415,-2.2411,-1.2039, 3.4841, 2.7946,-3.5107, 4.1707, 4.8845, 0.2790,-3.1132,-0.1582,-0.4057,-2.2950,-4.4233,-3.1581,-3.1808, 4.7275, 4.5343,-2.7282,-4.9760, 4.7934, 3.2281, 3.9658,-4.7867, 1.4049,-4.5004, 1.6084,-4.9182, 3.0591,-4.4593, 3.4228,-3.1056, 4.8493, 4.5343, 0.6516, 2.4205,-1.7200, 2.2815, 4.6334,-0.2252,-0.1985, 1.9116, 3.6398, 1.2722, 0.8573,-0.6523, 2.7531,-4.3787,-4.3686, 4.4777, 0.6237
-3.1131,-2.5080,-1.7389, 2.9474, 4.4463, 0.0929,-3.4505,-2.4616,-0.5904,-2.3966,-3.9520, 1.2712, 0.6197, 0.5408,-4.4685,-3.1295, 1.9906,-3.4715,-0.2214, 1.4538, 0.8384,-3.0476, 2.6544, 3.4979,-1.9496,-3.3364, 3.0437,-4.1004,-3.5012,-4.4233, 0.8474,-0.6450, 1.5199, 3.2415, 3.1930, 4.4892,-2.2763,-2.4635,-1.4649,-2.6612, 3.9339, 3.1522, 3.4809,-2.0185,-3.2289, 2.5000,-1.8572,-3.9725, 3.4705, 4.5367,-3.5450,-3.0928, 2.0863, 1.5487, 3.9876,-2.0768,-3.9984,-2.9129, 0.8761, 3.7366
 1.4814, 1.6775,-3.1673,-0.7733,-0.1321, 1.1192,-3.7744,-4.6422, 1.4094, 0.2742,-1.2117, 1.4396, 1.5975,-0.7503,-3.7373,-4.0452, 4.8590,-1.6622, 0.8076, 0.2805, 3.2735,-1.0101,-3.1009,-4.3610,-3.9406,-3.4280, 3.8484, 4.3759, 4.6472, 0.8051, 0.3833,-1.0733,-1.7461, 2.8409,-1.0318,-0.4554, 1.4107, 0.4072, 4.1235,-3.2232,-0.0315, 4.8086, 0.1410,-2.4871, 2.3102,-1.3676,-4.6288, 2.1243, 4.8029,-0.5706, 3.3588,-3.1519,-4.5496, 3.7291,-2.7283,-4.8875,-3.4533, 3.2612, 3.6129,-4.9658
 0.0424,-2.5686, 4.8540,-1.0612,-1.4655,-0.8525,-3.2747, 0.7355, 1.0685,-2.6548,-2.7130,-4.3267, 3.6640, 2.1155, 1.8204,-2.3386,-3.4743,-2.4262,-4.1043,-0.1941, 2.1612,-1.5392,-2.3766,-4.7229,-1.6161, 1.9336, 3.9997,-0.4270, 0.8179,-1.9084,-1.4536,-4.6453,-0.1124, 3.9789,-4.3131,-1.3421,-3.6288,-0.8109, 4.9518, 1.4744, 0.2625,-0.4089, 0.7108, 4.0931,-1.4311,-1.1333, 4.6723,-0.5196,-1.6595,-2.5174,-0.4566, 4.9411,-4.1290, 4.9458, 4.2983, 3.6739,-4.5897,-2.5063,-1.6004, 4.3947
-3.7272, 1.4409,-4.3233,-2.5874,-3.3812, 4.3526, 3.6473, 3.9945,-3.0638,-2.9279,-4.0728, 2.8278,-2.0587, 4.9813, 1.3017, 2.1809, 4.6958,-4.5083,-2.6439,-4.1030, 1.6957, 1.7224, 0.3957,-1.2697,-0.2612,-4.5861,-2.5896, 3.4529,-1.6291,-1.5101, 1.8705,-3.3224, 1.2678,-0.6972,-1.3495,-1.7144, 2.4107,-0.8397,-0.2727, 4.6297,-3.4757, 0.8960,-2.4740,-3.2172,-3.7702,-2.7507, 3.8907,-3.6644, 0.8056,-3.1638, 3.7773,-1.0845, 0.9036,-1.3316,-4.4757, 4.8857,-4.2853,-3.4165,-3.2643,-4.1358
-4.9227, 1.4345, 2.7180, 2.3209, 0.4757,-4.2075,-4.0866, 1.6579,-4.4176, 3.4772,-0.9252,-3.5746, 0.1024,-0.0739,-4.3891, 1.3750,-0.6004,-4.2689, 2.3810,-4.0690,-3.0226,-1.6585, 3.2626,-3.0421,-3.3743,-3.6092, 4.5023, 0.2642, 4.4810, 3.0073, 0.3095,-3.9905, 4.6697, 3.4880,-2.2149, 3.5601,-0.3505, 4.5881,-1.2727,-2.1156, 2.7226,-3.7086, 1.1031, 1.7076,-2.8171, 2.2120, 1.4096, 2.2318,-4.0367, 1.4635,-4.3068,-2.8768, 3.5500,-4.1908,-0.8763,-1.7353, 3.0870, 2.5123,-1.6222, 3.7020
-3.9116, 2.5623, 0.4288, 2.0566, 3.8486, 1.9506, 4.6787,-4.5727, 4.8302, 3.5079, 0.9470, 0.0502, 0.0682, 2.6232, 4.6268,-2.6651,-0.8734, 2.9144, 3.0509, 4.2763, 1.3207, 1.3672,-3.9678, 0.6692,-2.0066, 0.7233,-1.8639,-1.4642, 0.4099, 1.5173, 0.2695,-3.2236,-0.9212, 4.0650, 1.8551,-1.0400, 4.9432,-2.4164,-1.8967,-4.9119, 2.1871,-2.7093, 2.6364,-2.1406, 1.9167, 0.7525, 1.0569,-1.7449,-2.4404,-0.7591,-1.6365, 2.3053,-1.5914, 0.3854, 4.9057, 4.6708,-1.5429,-3.6661,-2.5261, 1.0413
-1.9007, 0.2500,-3.5472, 0.2561, 1.8186, 2.8711, 4.5223,-2.6519, 3.7714, 4.6806,-4.9208, 1.6313, 1.1334, 1.2715, 4.5014, 4.6398,-3.3014,-3.0825, 4.0478,-2.4903,-0.5358, 1.5041,-1.5568, 2.7360,-1.5947,-0.8984, 0.1915, 2.0198, 1.1862,-4.8890, 2.6097,-3.6628,-2.5304, 0.2599, 2.6872, 4.6907, 4.3864, 3.4208, 1.9962,-1.0667,-2.8178, 0.7558,-4.1869, 3.8922,-2.7841, 1.4400,-2.5351, 2.0833, 0.6073,-4.9176, 0.7085,-0.0834,-3.4995,-0.8364,-2.9806, 2.3240, 4.9285,-4.1373,-0.7173,-3.4749
-2.4323, 4.0705, 2.6153,-4.7213,-0.6981,-0.3008,-0.3953, 2.7101, 4.2533, 1.0704, 1.3932,-3.2573, 0.8405,-4.3866,-4.9086, 0.6236,-0.6261,-3.6251, 0.2344,-1.4615,-4.6275,-3.8917, 3.3294, 4.6908,-2.3497,-0.9458,-0.8385, 4.9774,-3.9195,-0.6555, 4.9877,-3.8454,-4.6818, 4.5403,-2.5142, 2.0946, 2.0025, 1.7572,-4.4765, 3.4856, 2.1329, 2.9557,-0.9972, 0.7236, 1.7577,-4.1867, 0.9603,-0.1822,-2.1791,-1.9062, 0.0260,-0.6051, 1.6373,-2.1803,-2.8277, 3.6798, 2.9189,-0.0632,-2.8793, 3.9854
