-4.5254 -1.2933 -1.9881 -4.1754 1.6193  0.6331  -0.3943 -3.4857 -4.7866 1.1469  4.8096  0.3010  4.4839  2.8133  -0.8621 2.8999  -1.6161 -0.5049 1.6258  -2.6337 -0.3866 3.7472  0.3888  -4.1712 0.4953  -3.3422 0.5226  2.2336  0.9417  2.9996  -1.6839 -2.3989 0.9365  -1.4509 -2.0094 -3.6244 -2.5798 -2.0708 4.1253  2.9972  -1.0047 3.6116  -2.0065 -0.6606 -2.4740 2.8916  4.1638  4.8435  3.3043  -2.0247 0.8314  3.0445  -4.3553 -0.4395 -2.8472 -3.6990 1.3463  3.9088  0.1039  4.2728 
3.6468  -4.8964 -2.8720 3.6155  0.0179  -0.0024 -3.0615 4.6146  -3.9489 2.5355  2.4799  0.7503  -0.9869 4.5294  -4.9443 -0.7719 0.3131  1.5721  2.3410  -2.6317 -3.1894 -1.6137 -0.0473 -1.6652 -2.9246 -2.9268 -3.0030 -4.3468 1.1386  -2.5869 -4.7204 -2.2013 -2.2455 1.1641  -1.8325 1.1697  -1.7629 -2.6117 -1.2973 4.3150  -1.0994 0.7645  0.9407  -0.7509 3.9218  -1.4052 -2.2786 4.5046  -3.2784 -1.9857 1.9914  2.4949  -2.0258 4.5285  -4.1381 3.7425  1.4449  3.1344  -2.1162 3.7523 
-1.4348 -2.1608 -4.5553 2.9366  -0.7188 -3.3842 0.5717  -3.9297 2.1724  -4.3721 4.3005  3.8041  -3.3266 0.4909  -4.8245 2.5762  -3.2969 -0.5598 -0.5259 3.4194  -0.5645 1.9549  3.0966  0.2319  1.1737  3.1041  -1.1468 -1.5717 -1.1307 0.3460  -2.6522 -4.4040 1.7241  -3.7645 4.2181  -3.5732 1.5087  2.3120  -3.2483 -2.9015 2.1510  -3.5767 3.2431  4.8808  -4.8040 2.7421  4.6808  -4.5679 -3.6776 -2.8810 2.8930  1.8219  -4.1926 -0.1152 -1.6428 -3.1706 4.5443  -1.3542 -1.9346 0.2354 
2.6417  4.1624  4.8211  -1.0790 -1.2846 2.7864  -3.2833 2.5129  -1.9763 2.8186  -0.6149 4.1959  -2.9104 -4.7276 0.6240  2.6463  0.9233  1.2668  -2.1015 1.1500  -1.3035 2.4249  -4.6702 3.8182  1.0790  -3.0685 -2.1997 -0.1784 -0.1027 -0.8572 3.3463  -2.2994 3.3245  -0.9441 -4.3096 4.2000  -2.2100 -2.5829 0.2216  -3.8439 2.7310  3.6102  3.9417  2.1415  0.8639  -0.5164 2.1926  1.5489  1.9766  -3.6445 -1.5924 4.1866  -0.3445 -0.4766 -1.8139 0.9107  -4.3770 -1.1322 -4.8404 -1.5208
1.2376  0.5371  3.6495  0.7401  -1.4954 -1.0534 -1.6131 3.5764  -0.0146 -4.6880 3.5891  -3.5327 4.8352  1.7928  -4.4947 2.9091  -1.1956 0.3792  -1.1599 4.1741  3.7862  -0.3404 2.8783  -3.0587 -3.0222 -2.8287 -1.3856 0.1773  -1.4954 -4.3289 -0.4040 4.0998  4.3985  -0.3298 -2.1075 3.2871  3.9666  -1.8930 -4.2854 4.2539  2.3741  1.0852  3.4233  -1.1830 3.2818  -3.0146 -3.0895 -4.5315 2.5702  2.9872  -1.7950 -0.8520 1.6005  3.6024  1.3292  2.9713  -1.5683 0.7962  2.1740  2.6236 
-0.8987 1.3167  3.5180  3.2239  2.2369  4.5486  2.6572  2.1422  2.3340  3.7946  4.0437  0.3331  4.1143  2.6689  3.1543  0.7688  2.5302  -2.4852 -3.4583 2.9071  -4.2378 -3.6424 2.0138  1.7406  -1.2483 -1.7294 4.1269  -2.5594 4.9075  -4.7213 0.6822  1.4749  0.3903  2.2566  -2.3240 -0.5290 -4.5355 -2.9031 3.9002  -4.5499 -2.9570 3.3456  1.6466  1.2479  1.5546  4.9244  -2.6322 -1.4184 -1.6045 0.7738  0.0362  -3.4202 3.7775  -1.1303 -0.3816 1.7344  0.7734  -4.0589 -3.5147 2.3112 
4.5192  4.1369  -1.2495 1.0706  -0.1878 1.1800  -3.4185 4.1805  3.2382  2.0447  3.4873  -1.9222 -4.6154 2.2671  -4.5564 2.0870  1.2347  1.1005  -0.1976 2.3386  0.0572  -0.1850 -4.8885 -0.0432 -0.4877 -3.7023 0.9193  -4.8454 4.0408  1.9532  -4.3673 0.3386  -3.1363 -1.2129 0.8630  -2.0863 -3.7106 -3.3681 -3.2509 -1.1666 -1.5153 3.2286  -1.4287 -1.1833 -4.1420 -3.2805 0.0215  1.9168  4.9035  -3.3548 4.5494  -0.6295 1.6494  1.4112  -0.7094 1.0788  3.1112  -1.5758 0.6951  4.2747 
-0.5148 -1.2484 -3.5498 3.1536  4.1169  3.6849  3.7516  4.4650  0.7921  4.1663  0.6913  3.7202  -1.1566 -0.4575 -2.8062 -1.6603 -0.8686 -0.1916 1.7366  -4.9675 0.6980  -2.8730 2.8965  -2.6316 2.9589  1.1479  0.4568  -2.9418 -3.2530 -3.6702 -1.1668 0.2877  3.1676  1.3750  3.9304  -3.0418 -2.9803 -2.3611 1.0309  1.4155  -3.4847 -2.1927 -4.7346 3.8561  -2.9047 0.9270  -2.6696 0.6212  -0.3770 -0.0134 -0.5179 2.6280  -4.3834 -3.9460 -4.7484 0.5384  0.4017  -0.1531 4.2781  1.0139 
-1.4445 2.1030  -1.8179 -4.5959 -2.8776 -4.8483 -3.6519 -4.2247 3.4546  2.8339  2.0620  -0.9600 2.2576  1.6985  -3.7073 3.5308  -2.2626 -4.8753 -2.6781 -2.5170 -1.0969 4.7518  -1.2345 -0.2119 1.1189  -1.6009 4.6309  -1.3244 0.2391  0.3977  0.1723  -3.1095 -0.3538 0.2342  -2.2058 -0.9577 3.1976  -3.6783 -3.1959 3.6659  2.1491  2.0120  -1.3929 1.1922  1.0603  -4.9938 -0.2498 -4.2373 1.6533  2.8588  2.9243  2.4275  -3.6389 -4.3034 1.6881  -3.1649 1.2343  -4.8605 -0.8775 2.6601 
-2.8425 1.7338  -4.2044 -1.6305 -4.2098 2.9736  -0.1286 1.6240  1.0232  1.8461  2.9832  2.5449  4.0695  0.8152  2.6154  -4.6942 3.7120  0.0604  -1.7945 0.8049  -1.7914 2.9901  4.6622  0.9596  4.2135  -0.6513 1.4924  -1.2446 3.0733  1.1684  -1.4084 -0.6853 -2.1461 -4.1005 -0.2651 -1.3347 1.2928  -1.8660 -3.1473 0.8994  -3.8466 1.0710  -3.3035 2.7635  0.0651  3.2977  0.4537  2.0310  2.9622  -3.1307 -2.6328 -0.3002 0.4846  -0.1239 3.4739  2.5454  -2.8604 1.1543  -2.9459 3.4090 
-0.4356 -3.5991 3.5698  1.5414  -3.6949 -4.7842 2.3688  1.8175  -4.9286 4.2510  -0.6706 3.0415  -1.5704 4.0666  4.8756  -2.8791 -3.7863 -4.9371 -3.9848 0.0365  2.4367  -4.2998 -0.9718 2.2899  3.1636  2.3883  4.2955  2.3409  -1.4318 -1.9749 1.9493  2.9756  3.7925  1.7943  0.8184  1.5157  -3.7197 -0.0412 4.1121  2.4992  -0.2861 -3.2272 -2.6604 2.7611  -4.7500 1.1216  -3.5120 2.7824  2.6347  -4.1101 0.3211  2.6696  -3.0693 -0.2598 -4.7013 -0.8208 -3.3092 0.4501  -0.9384 -3.6142
-4.5805 -1.1122 3.3737  -0.7580 3.2234  -0.9665 -1.1275 -3.0280 -4.3273 3.9210  -4.2562 2.4931  4.2745  -2.0676 4.1522  1.4519  -0.5274 -3.2410 -3.5573 0.4821  3.6753  -2.0793 2.7324  -1.2133 -2.0763 -4.6098 1.3965  -4.9060 3.6355  -4.8558 1.3048  3.5298  -1.8329 -0.5219 -3.1827 -3.5537 1.4031  -4.9711 3.2114  1.6215  1.8181  1.3725  2.6483  -4.7491 4.2030  1.1012  3.2134  -3.7993 2.7206  -0.9515 -0.1482 0.4346  -3.1577 -2.7996 0.9678  1.6698  -2.3008 -4.0947 -4.5033 3.7463 
-2.4914 0.7665  -0.4425 -3.1405 -2.1866 -4.9559 0.5193  -3.9289 -2.4909 0.8408  4.0725  3.0944  4.1290  1.5617  2.9949  3.2861  -1.7116 3.1230  -4.2714 4.7261  1.0613  -2.4364 -0.7767 2.6988  -3.2321 1.0410  2.0871  0.1154  -3.8127 -3.3799 3.3240  -0.4687 -3.5581 -2.4631 -0.9523 0.4848  2.2621  0.1272  -4.6434 4.4435  0.7921  -0.6222 -2.9440 -1.2632 -1.1801 0.9879  -2.7135 1.5730  -3.6103 -3.6360 2.7217  -4.3741 3.4149  3.2398  4.8953  -1.1151 -2.2135 -3.3086 3.0080  4.7065 
-2.2536 1.3679  1.5863  -0.6182 -3.4484 1.2436  -2.2539 -0.1286 -3.5108 -3.3643 -1.9498 -3.4316 -2.1239 3.4060  4.3374  -4.6671 -0.8520 4.1541  4.6808  0.0453  -4.4777 -1.6159 4.7051  -3.5612 0.5363  4.0865  4.4470  3.0198  0.9789  1.8580  4.7767  3.1739  -3.1250 -0.4798 2.6089  -0.0531 4.9109  -1.0433 -2.7406 -0.1413 4.6579  2.4438  1.5306  1.1765  2.9765  -2.8179 -3.3581 0.9818  -0.9246 -4.2114 -1.8904 2.4094  -1.6913 -1.6260 3.8960  2.2171  3.3627  -2.0571 -1.7929 2.8303 
-3.9529 -0.2949 3.1513  3.9230  1.0161  4.7755  -2.1567 -0.4542 -2.7426 0.7397  -3.0187 1.0441  1.8455  1.6736  -3.4039 4.9088  0.2321  1.3043  1.3514  -1.3944 3.8696  -1.3849 -3.6312 -3.4299 -4.6749 4.3622  3.8247  3.6396  1.3499  -0.2822 -1.3440 4.0982  1.3868  4.1075  -0.1955 1.1454  -3.9820 -0.5208 -4.8835 2.9705  0.1911  0.9524  -1.1787 4.9839  -0.1758 3.6534  -4.8762 1.6720  3.9922  1.3313  -3.1352 3.2967  4.8423  0.8775  -3.9321 4.1686  -0.2569 4.4141  -2.8354 -2.2745
-4.3494 -1.8234 0.1506  -0.3254 -4.4433 -2.4162 4.6978  3.8101  2.8752  -1.2246 -3.4779 1.0543  4.5953  -4.5988 1.3367  -4.4467 -4.0380 -0.0367 0.0055  -4.4366 -0.8794 -3.5145 -1.8142 3.3133  -0.3035 -4.5244 -2.0013 -1.7715 4.6608  -2.4392 0.9075  -3.2271 2.6696  -1.6954 -2.8459 -4.1518 -0.5260 -4.8580 0.4020  4.9130  -4.8875 -4.6408 2.6180  0.8093  0.6591  -3.8716 3.6912  -1.1605 -1.4737 3.1530  0.8577  -4.5520 -0.8450 -0.5032 0.1681  -4.2161 0.4448  -2.5047 4.8363  3.1267 
-0.9499 4.8525  3.5408  1.2071  -4.5566 -3.1212 -2.7202 4.4257  1.9317  1.7010  -3.6050 -0.9271 2.9712  0.4244  -1.8042 -4.5810 -4.0643 2.2205  0.5580  -4.2604 -4.4127 4.6014  0.0492  3.5964  2.6265  1.0788  0.3607  -2.8372 -4.9854 -3.8959 4.6163  -4.3742 -4.0817 1.9962  -2.4902 1.5988  -0.7605 -2.9341 1.0218  2.8205  3.3044  4.8888  1.5060  -2.0842 4.2809  3.9052  -0.9530 1.4689  -4.9775 -1.9597 2.8702  -1.7369 -3.5212 3.5089  2.2688  4.1796  0.4203  -1.1798 4.5682  -3.1743
-3.8682 2.0069  2.5313  -2.3029 -2.7797 4.8701  -2.6166 -4.5321 2.2281  -4.2470 -4.8519 1.6966  -0.5535 -1.8861 -2.2835 3.6256  0.2587  -0.1777 3.4521  0.8366  -3.8749 -2.9874 0.1773  0.8543  0.4113  1.1155  -0.3880 2.7904  -1.0567 -0.7955 -3.4591 3.3019  3.8492  -2.7230 3.3485  1.0908  4.4780  2.1516  -0.8196 1.0935  -3.9509 4.8036  -4.2454 -2.8338 -1.0853 3.5992  -2.1862 -1.7289 -1.3636 -3.6119 -3.9143 2.4987  1.9157  2.0322  3.3915  1.3602  -2.4184 -2.2111 -2.3101 3.1158 
2.0715  -0.1811 0.0886  -2.4888 -4.7541 -0.7998 4.9648  -3.7319 -1.1974 -3.3878 1.3925  -3.3735 0.4273  2.0989  3.1919  -2.3463 4.1816  -1.7023 4.1859  -1.0338 -1.6683 2.8013  -4.6902 -1.9026 -2.4613 2.4477  -3.6726 -3.2693 -3.8794 -2.7540 -4.2616 -3.8578 -3.4786 2.2074  1.2805  0.4585  4.2089  4.7421  0.5709  -1.6200 4.4770  0.8394  0.6064  1.7370  0.1300  -1.3713 2.5518  2.7214  2.0883  -1.0491 1.8590  4.8443  2.1361  -1.1970 4.6666  4.3982  -1.9832 -1.9513 -4.6561 -1.6632
4.7994  -0.0706 -2.3846 1.8550  0.9280  1.5707  -1.8628 -1.9874 -3.7443 -2.3596 -1.0463 -1.8783 3.6041  0.6472  -0.7953 -1.3823 -3.9963 -1.2196 -4.1486 4.5051  1.3119  -2.5464 1.3306  2.9711  4.5095  -3.1347 3.4171  4.8730  -4.9409 3.9533  0.4766  0.5973  -3.2819 -0.3355 2.3227  -2.7609 -0.7274 -0.2960 -3.2835 0.2007  2.8918  4.0594  3.7377  -3.3339 0.6959  3.7244  -0.6500 -2.4678 -0.8140 1.2696  3.7206  3.7858  -0.9031 -2.5990 -0.1950 0.1657  -4.3376 -3.8098 4.9675  -2.8171
0.5803  -4.2928 4.2713  0.8342  -0.3446 -4.0158 -0.1971 4.3672  -3.4660 -1.2090 -1.9657 -1.7739 -2.2179 2.3937  -4.2224 -1.9657 -2.6872 2.5362  -2.7302 0.9482  2.7573  -1.1621 -0.9974 -0.7146 4.1665  4.0015  -4.8506 -3.4002 -1.9628 -1.9481 -4.9397 -2.7837 -2.0819 -1.6593 3.9778  2.3297  4.5741  1.9997  4.1954  -3.2400 4.9602  -3.1446 4.4393  1.3051  -1.6943 1.9504  2.6202  2.7398  3.3153  -3.4073 1.8368  4.6401  -4.6322 0.8405  0.9470  -3.5730 -4.6381 0.4571  -2.2843 3.1050 
2.6843  -3.7120 -0.0910 1.2503  -2.0843 -3.5062 -0.4821 3.0685  3.2673  4.5441  -3.0330 -0.0384 -0.4069 -1.2626 -0.1661 -2.7510 1.1749  1.5477  -4.9807 3.7841  -1.2734 -3.1227 -3.3795 -2.0465 -4.7595 2.5339  0.8379  -4.8089 2.2714  0.7435  -1.4222 1.0455  4.8237  2.2088  1.6691  0.3485  1.3676  1.7920  -3.5275 -1.6366 2.8065  4.5615  2.3880  -1.1139 2.2975  2.9307  -0.8227 1.5854  -2.5157 -0.0520 1.4427  -2.8697 -4.3185 3.3235  4.4620  -3.4490 -0.7103 1.7151  0.9937  -2.4190
3.0394  1.3508  -2.8820 1.7377  -3.5456 -4.1321 -1.5711 -0.4210 1.3180  0.9999  0.5150  -1.9375 2.0320  -3.5203 0.9974  3.0455  -1.2017 -4.1010 1.9571  1.2770  0.7205  0.9056  1.6143  -4.9845 2.9992  4.2982  4.2689  3.4636  4.1807  -1.2593 -0.2797 2.7682  -4.9377 1.1507  -4.4047 4.6308  -2.7962 1.5912  2.5965  4.2468  -2.1081 -2.3309 -4.8026 -2.4550 -4.3704 1.4620  2.5995  -1.9175 0.0802  -3.0957 1.3330  -4.5385 1.2642  0.1786  3.2421  -2.6265 2.0007  -0.4969 1.4451  -0.7348
2.6345  4.0212  4.3665  -4.0546 -3.9091 -1.3424 3.2226  3.6328  -2.9593 -4.8524 -0.2591 -4.9313 -0.8073 3.4388  -2.5787 1.7858  2.3738  -0.5039 1.5528  -4.0702 -3.3729 4.0666  -1.3759 0.4171  0.4770  1.3852  0.0520  -4.4110 -2.7358 -1.7683 -4.5127 1.3585  -0.3338 0.6227  -2.9175 -2.3689 -0.6350 1.0404  1.7169  -0.5310 1.3858  -1.1599 -0.3115 -2.6513 4.9988  -0.1517 1.6996  -2.0996 2.4452  -3.5898 -4.5596 -0.5503 -3.3770 -4.6023 4.3702  0.2523  -0.1315 4.6370  3.9514  3.0464 
-2.8808 -3.2654 2.8642  1.4095  1.1492  -0.4514 -1.9187 3.7268  2.0149  3.7336  2.8218  -1.0628 -2.9641 -3.7831 1.4530  -3.7542 3.4165  -1.9659 -4.7860 2.7156  -3.3899 -0.5870 4.3331  -1.6802 -0.5760 1.7691  1.5817  1.2188  0.2772  -4.7362 4.9903  -1.1289 0.1857  1.5390  2.8028  4.9104  -3.3664 2.2507  0.8785  -4.9035 0.2338  -1.0449 -4.6681 -0.7044 0.8615  -0.6204 4.4959  -0.9866 -3.4132 -2.9862 4.9541  0.4664  -0.5166 0.3353  -3.6271 -4.3568 4.1644  -2.0140 1.4236  -1.2881
-0.0366 -2.4496 -2.5363 -2.8645 -2.0166 4.6799  -4.8805 1.4554  -3.8880 2.6668  0.6282  -0.7074 -1.6687 1.8549  4.8619  1.0693  -2.5549 -0.8110 3.7041  3.4108  -1.2477 -3.0032 -3.6643 0.8558  -2.6139 -0.0779 2.8947  -1.5885 -3.6208 2.6472  0.9297  -1.8738 4.7342  -3.0134 3.0302  4.8103  3.3819  3.8703  1.6452  1.1883  -0.6317 3.7271  -1.2790 2.3495  1.1658  -1.2812 -3.7639 -4.4699 -3.3923 -1.8411 1.7232  4.3952  -3.1778 -3.2627 -4.4501 2.1657  0.4916  -4.0308 -4.1167 3.9745 
4.8906  0.8828  -1.8781 4.9680  -2.7072 -3.7585 0.9227  -2.2218 -3.1129 3.3468  2.0829  -4.5298 -3.5987 4.1801  3.3781  2.5986  -4.6398 -1.7519 0.2762  -1.1682 -0.3111 2.1931  2.1802  -3.7518 3.6975  -1.1692 4.7013  2.0247  -2.7312 0.2767  3.1627  2.8445  -3.6722 3.0668  0.0409  4.7297  3.3516  -1.6206 -4.5678 -1.9272 -3.9129 4.1672  3.5269  -2.3356 -0.2341 -2.1476 1.9163  1.9656  -1.2017 1.3814  4.5437  -1.7688 -4.7024 1.0049  1.7428  3.1379  -2.2721 2.5845  0.7219  4.1166 
-3.8549 3.9325  -0.2101 -2.9262 1.8647  1.5085  -1.0344 -3.7486 -4.3270 1.2669  -4.8808 1.2057  -1.2785 -1.9373 -0.8173 -2.8877 3.9735  -3.2176 4.2695  2.4188  -4.0469 -1.3714 0.2656  -0.8068 -0.8351 2.5455  3.2914  4.9052  3.4180  1.8104  2.0849  -4.6175 -4.9158 -0.5536 -4.9813 -0.2034 -1.1393 -1.8845 4.9101  2.8538  -0.1808 2.8630  -0.0728 -3.6923 -2.0283 3.9127  -3.1413 -3.3374 4.7631  2.9888  3.0143  -0.6095 4.5557  3.7650  2.4665  -2.6868 2.7714  -3.6161 2.2459  -0.2308
-0.9034 2.5897  0.1794  -3.2030 -1.3918 -2.9212 -1.9856 2.0047  2.5908  -0.9594 -2.0979 -0.7731 2.5644  4.6651  -2.7711 -4.6307 -4.6427 -0.6282 -1.9640 -1.7917 3.7953  -1.7324 4.7596  3.5553  -4.1577 -2.8714 -4.2981 1.0655  -3.2543 2.9592  -4.8934 3.1733  3.5486  -3.7429 -4.5280 3.8533  0.7107  2.1313  -0.7639 2.0681  -0.3496 1.7242  2.6028  -0.9401 1.1611  -0.4408 -0.4453 -4.2225 3.7373  -2.4516 2.0792  -2.1926 -1.7581 -2.8202 -0.6516 -4.5779 2.8130  -4.5609 -0.2914 -0.6916
-0.3518 -3.7648 3.0152  -1.6764 3.1740  -0.2660 1.0643  4.1822  -2.5521 1.7797  -1.8289 0.1506  -2.7247 4.5406  -1.6843 -0.7891 -1.5883 -3.6045 -1.8974 -4.9842 2.4287  0.5706  1.9617  3.8876  -4.6783 -4.9359 2.3674  0.6951  -3.1416 -0.6715 -1.3814 -0.5144 1.8737  -1.1718 -3.5397 -3.6622 3.1924  -4.8059 4.3251  -2.2142 3.0715  -4.6918 2.8886  0.6830  4.5797  0.4730  -3.5180 -1.9135 -4.8239 1.4103  2.7054  3.1356  4.1742  -4.9680 -0.6106 4.5797  -2.7814 1.2339  3.8646  -0.0251
1.6450  -0.0167 -3.6906 4.8866  3.5113  -2.1416 -2.4657 0.8533  -4.4280 -1.1189 2.0773  -1.2443 -2.3373 -3.1955 -3.7234 -2.8436 -1.8749 3.9896  -2.4509 -1.0616 3.5451  3.9391  -0.1122 0.1146  -1.3237 -2.9707 -3.7917 4.0772  -1.4306 3.7350  -1.3531 0.8907  2.6479  -0.0399 -0.0089 -2.1326 2.5249  -0.5089 -3.8326 -2.0430 2.2742  -3.1914 2.3937  1.7728  -2.3589 -0.0217 -4.0749 1.6278  -0.0828 3.4455  -1.2715 4.3903  -2.6446 4.6151  0.8087  1.1817  -2.6126 -0.7212 -3.5325 -1.1950
-3.0318 1.4007  2.1348  1.1902  -1.3976 -3.2823 -3.6703 -1.8710 -4.7640 4.3151  2.6674  0.5112  3.9526  2.1728  4.6770  -3.8657 -4.7303 4.1861  -1.0532 2.6875  -3.0634 -2.0058 1.0308  1.4548  -4.7746 -4.4673 -0.7866 4.4841  0.6745  1.9747  2.5877  -4.6013 -0.2083 -1.2411 4.0359  1.6940  -1.8775 -3.2785 2.9118  -3.3697 3.8419  2.8978  -3.5071 -3.1219 -0.7752 1.4138  2.6431  -0.5018 -0.1222 -2.8978 3.0185  -1.4186 3.2665  -2.2330 4.4086  3.9507  0.0933  -3.3365 -2.4441 1.0011 
1.8557  -1.5062 -2.5453 0.5725  4.6263  3.8764  -3.0276 -3.3188 3.8594  -4.8507 -1.0718 -0.7782 4.3920  -0.9407 -2.7454 -1.9924 3.7577  1.1363  -2.5509 -0.1508 2.4710  -1.7412 0.0792  -1.3016 -2.4723 -4.0509 -1.2554 3.9236  0.9352  2.4412  3.7888  3.1428  1.9703  -3.5996 0.7331  -0.6738 -1.9631 -4.0021 3.9495  -3.5730 4.6682  -1.1303 -0.0455 -2.6642 1.8142  -3.5398 -3.7212 2.9696  2.6700  1.2269  4.0986  2.8587  4.0502  -1.8567 3.2093  -1.0939 1.4496  3.4498  -1.6590 4.9382 
-4.1539 3.0010  4.6359  1.9472  -1.2591 -1.7732 4.1040  0.5669  3.0584  4.7334  -1.0918 -2.6325 2.8858  4.1085  0.0499  -1.0701 3.5460  -2.5780 -4.1259 -1.1346 1.4305  1.7732  -2.8613 -1.9717 3.7908  -2.3735 -3.7470 -4.5695 3.8347  3.9853  -4.9712 -3.8148 -0.8852 -0.1877 4.1423  -0.3814 -2.3063 -1.3323 -1.7503 -1.3220 -1.3792 -3.8191 -0.7447 -0.6796 0.5033  2.4603  -0.3356 4.3483  -4.5203 1.5708  1.3594  4.2565  -2.6123 -4.3732 -1.9551 -2.2347 3.0973  -1.1489 3.6359  4.5750 
2.6042  1.7154  -2.7506 1.1578  -4.5303 -2.3158 0.4230  -2.1602 -4.5718 -3.0647 3.5693  -2.3049 -0.7535 -0.7417 -0.7099 -1.9893 -0.0215 2.0848  -2.7749 -0.5238 -0.3713 4.2089  0.5635  2.8320  -1.7031 -3.4315 -2.7384 -4.3600 3.9709  -2.4530 2.2520  -0.0733 4.3388  1.9248  0.8221  -2.9762 2.9783  -4.3986 2.0570  1.7045  -4.6637 1.3622  1.0999  3.9046  -0.5712 3.1553  2.9032  -0.2080 2.9149  2.3638  2.1297  4.5570  1.5859  -1.5831 3.2588  -3.6994 -2.0489 -3.8286 2.7616  -0.1470
1.9538  4.0981  2.1819  4.2662  2.4455  4.1006  4.3126  1.6261  2.1241  2.3858  -4.0819 -0.6484 2.6131  -3.9549 2.3289  1.8715  3.3761  -4.4111 4.4311  -4.8092 -1.6234 -2.8199 -2.9084 -2.8028 2.6879  0.0553  2.4328  -0.5678 -0.1050 1.9516  -4.2852 -1.4248 4.6119  1.8287  4.2005  -3.7386 -4.5762 2.2547  0.0876  3.7899  4.8372  4.9433  -0.8470 2.1532  1.3867  -4.3886 4.8536  4.5089  2.0358  -0.1818 0.3721  -1.0961 3.1294  3.8947  1.5635  4.4809  0.8464  -0.8227 4.5596  -0.4673
-2.3557 -2.2232 4.0661  -3.4042 -4.8138 -0.6795 2.8545  1.7103  3.4861  -0.0938 4.3989  2.2742  -3.5019 4.2792  0.8016  -3.0012 -0.0621 -3.1156 2.4641  -4.4469 -1.4739 -4.6949 -3.4020 -3.9740 -4.6561 2.4927  0.9025  -3.9535 2.9796  3.1701  3.7725  4.6070  0.4525  4.3761  3.2806  -4.5870 0.5168  4.3122  -4.0069 -3.0017 -1.0368 1.5908  1.6434  0.1623  4.3332  -3.4447 -4.3990 -2.8541 2.5224  -0.2327 1.7382  -4.7102 1.4350  -0.3446 2.2657  -3.9811 -4.5502 -3.5963 -2.8275 -1.7492
-2.2867 -0.8405 -2.8473 4.1858  0.2460  -3.4712 3.3923  -4.4438 -4.4335 0.6488  -2.9327 1.4927  -3.5871 -1.8543 -0.6377 -1.2799 1.7966  4.7828  0.5209  4.7158  1.8395  -4.2987 1.2863  2.0604  -2.2557 -1.0718 4.7405  3.4928  4.0790  4.4213  -0.7701 1.2535  3.6587  -4.1841 2.4439  1.0207  -4.5043 0.2905  -2.0489 3.1421  -0.6779 -3.0717 1.2230  4.7613  -1.3075 0.2102  -0.6942 -2.1715 1.1289  -0.6811 -4.6781 1.6912  -3.7236 -0.4511 0.3842  2.2248  -2.4468 1.8102  3.9715  -2.3116
-3.0620 -1.3369 -4.8967 -3.1062 3.8422  -0.1197 -2.8897 -4.6122 -1.1494 -2.6480 -3.6811 -2.7720 -4.1370 -2.1224 4.6982  -4.7970 2.0511  -2.5708 4.6526  -1.9740 -1.6856 2.7831  -1.5267 -2.0240 0.5682  -3.2880 -0.0930 2.0280  2.8753  -4.2595 -2.2314 -2.2880 1.4636  2.4267  -3.8481 4.4385  -2.0024 4.8067  -2.9043 -2.0364 -4.5473 -4.4492 2.5643  1.5007  2.5989  -3.5388 -0.8259 -1.4752 -4.5324 -2.6802 1.8857  -3.9487 -1.3721 -3.9787 2.8631  1.4017  -4.2010 3.6361  0.5702  -0.1138
4.8727  -2.6640 -2.2055 2.7474  -4.2637 -4.2028 -0.4261 2.0257  3.8025  -1.1743 -4.8902 -1.8489 1.9727  1.1453  -4.7134 -4.4543 -2.5349 1.5274  -4.1474 3.9042  -4.9755 4.6968  0.5670  1.0110  0.5515  -0.7355 1.3486  1.7172  1.2335  2.5444  -4.2809 0.1534  3.5101  0.1412  1.1767  -3.8793 -4.2842 3.4884  -3.5330 -1.0313 -1.7947 -4.3462 -0.1203 -4.1555 -0.5748 0.0934  4.9288  -3.9789 0.2578  -4.2149 0.3609  4.7084  -2.0890 0.6515  2.6486  -1.1438 1.0121  4.6057  -1.5823 -0.7797
2.7380  2.1078  1.8258  4.7668  -4.9904 -4.0535 4.6777  0.7774  -1.6938 0.6052  4.3368  1.5130  0.9049  0.9674  0.9171  -4.5279 4.9638  1.1844  -2.7312 4.2053  1.8205  -0.7229 -3.8558 4.6658  0.0443  -4.6388 2.1608  3.4971  -4.1143 0.6101  -4.4891 -0.6671 -3.7796 2.3713  -4.6560 -1.7495 -2.7652 2.9208  1.1694  3.5367  3.9185  -1.9177 0.5189  4.8841  4.2345  3.1556  4.8982  -3.8133 2.7973  4.1172  0.3355  0.2064  -4.9645 -0.8916 -0.0252 1.6665  -3.7956 -1.5824 -1.4000 0.5463 
1.3511  -0.9685 -4.6593 -1.5031 -2.3684 -1.9610 -3.7458 0.7085  4.6643  0.7486  -1.5392 -0.7894 -2.9615 -0.9814 -2.1506 -0.6562 0.5916  -1.4301 -2.2716 -2.0526 1.1198  -1.5687 -4.3403 -0.0037 -3.6306 -4.6688 0.9959  -2.7175 4.3546  1.8354  -0.7699 -0.3629 3.6720  3.5873  2.8392  -1.3777 4.9533  -4.9809 3.8802  -1.6972 2.3960  0.0339  -4.3864 -3.6765 2.0219  -3.9749 3.5921  -4.5791 -0.2870 -0.6779 2.3287  -1.1540 -3.8970 -1.4750 2.5380  -2.1779 -1.8778 -0.5184 -4.6647 0.0579 
-3.3069 -0.8740 -0.4283 1.5638  -2.0918 1.2657  -0.8530 -1.3290 -3.2638 -1.7641 1.8484  0.4273  -3.3873 1.8950  0.6847  -2.9325 2.8132  -3.2496 -4.6525 0.2096  1.0645  -4.3749 2.5066  -2.3746 0.5722  1.7985  -2.3332 -0.7954 -1.0665 -0.9444 -2.7232 4.8292  2.9875  -2.9906 0.8139  1.7349  -4.0953 -1.3262 -1.2837 1.3470  0.5136  4.6301  3.1878  0.3986  -2.4685 -0.4283 0.2250  1.1470  -1.2367 2.9571  4.0255  0.3486  2.7028  4.3536  -1.5834 3.6158  -4.6148 -2.3952 -1.8930 -4.3207
2.6758  -4.0544 -0.3113 -2.0936 -3.7190 3.0417  2.7798  -2.1370 1.4050  -3.7703 -1.9026 -2.2168 0.0284  -1.6995 1.6598  2.2142  2.5937  -4.2812 -0.2673 1.4686  -0.7600 -3.5476 -2.5519 -2.0896 2.9211  0.2774  1.5001  1.9165  1.6473  1.3248  -0.7741 -2.9629 -2.7440 -1.2255 1.5806  1.4430  0.4770  0.1614  -3.1648 4.2101  3.7542  2.1301  -1.8102 -2.2508 -4.8796 1.5956  4.8214  -1.4357 -1.4789 3.9836  -4.5358 0.7006  2.0745  -1.5973 -3.7523 -4.0118 2.7633  3.0945  -4.6965 3.8104 
-1.9707 1.0998  -0.2748 -2.1595 -1.0345 1.2595  0.5301  0.5989  4.5351  3.7141  -4.1489 0.4571  -0.9379 -1.2040 -4.1251 -4.1333 0.7241  1.9831  1.4833  0.7290  3.7069  -3.1202 0.4823  -0.8598 2.4587  3.8938  -1.7308 -2.3020 0.5081  2.4323  0.6376  -1.9078 -3.6629 3.3886  3.0035  3.6455  0.8408  -1.6913 -4.9502 -0.2907 -2.9296 -0.4662 1.4901  -3.9626 4.6000  2.5128  -1.2450 1.0314  -0.5029 -2.8426 4.9771  -2.6668 2.6358  -1.1891 -0.0767 -4.8020 -1.1004 0.6138  -1.1456 4.7681 
4.8761  -2.8110 1.8274  3.5898  -1.9740 -3.4435 -1.2837 -4.7748 2.5334  3.3889  -3.8380 4.2318  -4.5842 1.4593  -3.9519 4.3328  2.7302  3.0685  0.7776  -3.6924 -2.3239 -4.8595 4.1263  3.1398  -0.2158 -2.1649 -1.6859 0.7699  -1.3038 1.2928  -2.3119 -2.2667 -3.4220 -1.2344 0.4375  1.5747  0.1208  4.8752  -1.4908 -0.4336 -0.0754 -4.3400 2.6039  3.3732  1.2482  4.3704  3.0268  -1.4568 3.5890  -1.1679 1.5502  -4.7710 3.0920  4.3974  -2.3610 -2.9604 -4.4791 4.5351  1.6952  1.4284 
-2.5855 -4.7311 0.3728  2.5842  0.8111  -3.3752 -1.0106 -0.0298 1.7139  -3.4883 2.9866  0.4040  -0.0500 -2.5655 -4.0052 0.0223  4.9634  2.0817  -4.4975 -4.6393 -4.0104 -2.9280 1.3300  2.8849  -4.2582 -1.1952 1.7866  0.7745  2.6113  3.2889  0.6376  -0.2344 -2.4583 4.9729  0.0926  -2.8541 -3.4975 -1.3478 -1.8865 -2.4889 -3.2459 -4.9408 -3.9815 3.0948  2.5543  -2.1538 2.5304  -3.2429 -4.1463 3.8416  -2.2436 4.7407  1.2298  1.3324  -4.6599 2.7181  -3.8844 1.9228  -4.7096 -1.3018
3.9227  -1.5303 3.0273  4.8357  4.6995  -3.3984 3.9296  4.2478  0.3664  -4.5295 1.6740  4.3520  2.6572  0.4272  2.6732  4.1981  -2.7000 1.0295  -4.9404 4.7760  -3.4117 -3.8524 -3.2114 0.1370  -0.9586 0.6297  -2.7104 -3.7673 4.0164  0.8756  -3.0659 -1.3322 -0.6508 0.4971  -0.7007 3.5636  2.2373  -4.9541 -3.9216 2.1971  2.4455  3.2529  2.4116  -4.8999 4.9692  3.5840  1.0416  0.3024  2.9775  1.1632  -3.2914 2.9561  -3.0459 3.9094  4.1902  3.7584  -0.6238 -2.7732 -2.9715 -3.4680
1.5243  1.4659  2.8232  -2.1135 2.7194  0.8389  -2.3697 -4.5002 -0.4752 -1.5568 -4.7893 -2.4392 3.6107  2.3932  -2.9766 1.7866  4.0205  3.6394  2.6715  -0.8722 3.9858  -0.1041 1.2101  -3.1683 -3.3143 0.8568  0.3151  3.5991  -4.3095 -1.4056 -3.2951 -1.5973 -1.5401 -3.9880 -1.8258 1.4563  -4.8059 -2.6125 -3.6276 -3.5542 1.1002  3.7007  0.3186  1.7743  4.4160  4.6310  0.1471  3.8011  2.0713  2.8257  0.6192  -4.7459 4.0021  1.3015  -0.6510 4.8319  4.8996  -2.0236 4.7772  4.9223 
-4.7313 -2.8120 -4.6524 2.9144  -3.7533 0.4731  0.7426  -0.7883 0.4833  -1.3335 -0.9416 -1.6400 3.4367  -1.6446 -1.1036 2.5361  -2.1520 1.5015  3.3122  -0.3188 2.9394  -3.2770 4.5027  -2.2153 -2.1604 -0.5174 -1.9781 0.6513  0.7684  3.8648  2.7741  -4.4561 4.9880  4.8658  1.7469  2.6927  -3.7630 1.9834  -2.7373 2.9426  2.2987  -0.6909 -3.4792 4.1742  -4.0816 4.6774  -1.8128 4.7087  -1.7209 3.2251  0.7949  2.2147  3.7434  -1.6390 3.3409  -3.1080 -1.6174 -4.1832 3.1693  1.8099 
