-2.4151, 4.4637, 4.7277, 1.3013, 2.0655,-3.2668, 1.0601, 3.4137, 2.5024, 0.8775, 2.0541, 0.0079, 2.7994,-3.9091, 0.7590,-4.3595,-1.0084, 2.9711, 2.0585, 0.2032,-0.3137, 3.8319,-4.3324, 1.8914, 3.9806,-4.2567,-2.3193,-1.6732, 3.6305, 1.0941,-2.8574, 3.6035, 4.2656,-0.3210, 2.8353, 3.2924,-4.9633,-3.1313,-0.7084, 0.3285, 4.6266, 3.9727,-0.0751, 2.5926, 4.8593, 4.5579, 3.1150,-1.2889, 2.6556, 0.4657, 0.9647, 3.8203,-2.5895, 1.1260,-4.6222, 0.4101,-0.2032,-2.7160, 0.4359,-1.5781
-2.2603,-0.0451, 2.2551,-0.5819,-2.0634,-1.0146,-2.9825,-1.9361, 4.8574,-3.7268, 4.0343, 3.6774, 1.1103,-3.4133, 1.8993,-4.0906,-3.3021,-0.9664,-0.7065, 0.7001,-0.2904, 4.1489,-3.8607, 3.2001,-0.9566, 1.7007,-2.0536,-1.6072, 3.6607, 2.7657, 0.2424, 2.2761, 2.3379, 1.4306, 3.9773, 4.4137,-0.7912, 1.3963,-1.3314,-1.8197,-0.7310,-3.2140,-2.9463,-0.0590, 1.2771, 3.6254, 2.8513,-2.8396,-0.6199, 2.1593, 0.8385, 4.0581,-4.7100, 0.9496,-4.1773,-3.9567,-2.5624,-3.4034,-0.1984, 3.9111
-0.4065,-2.2722,-2.3431,-4.9232, 1.5916, 4.9954, 2.8319, 3.2342, 1.1507,-3.7223, 1.7869,-0.5494, 3.6559,-3.7269,-4.1875, 1.2600, 2.6507,-0.7348, 4.8611, 0.6796, 2.8202,-4.6225, 3.2888, 2.1377,-1.1410, 3.1450,-1.8205, 0.1290,-3.8685,-0.3929, 1.2118,-1.9733,-3.3582, 1.1399, 2.6526,-3.3476, 2.8006, 2.9268,-2.1460,-3.5312,-3.6497,-0.4602, 3.5234,-0.4481, 1.3407,-3.7095, 1.1870,-0.3161, 4.1507,-1.1181,-3.8351,-0.2895,-0.5623,-2.1599,-3.6519, 4.1738,-2.4782, 4.9641, 2.1802,-1.6985
-0.4403, 0.4327, 3.5863, 3.9042, 2.0141, 2.9089,-2.9257,-2.1014, 1.7636, 0.1649,-4.9722,-2.7053, 0.8289,-0.7797,-2.3566,-0.2038, 1.8242,-0.8739,-1.5264, 1.3455,-3.4595,-3.4870, 4.2918,-1.1738, 1.4025,-1.1695,-2.1106, 0.5782,-2.4724, 0.9480,-4.3946, 4.2252, 0.7589, 0.5401, 0.0943,-1.1816, 0.9386, 4.8146, 4.3867,-4.8087,-1.5494, 0.1592, 2.0860,-0.5533,-3.4567, 0.3562,-4.6962,-4.0925, 4.7248, 2.0071,-0.8306,-2.9881,-3.5737,-3.2231,-3.4887, 1.9772, 3.1763,-0.8441, 4.1239, 3.2825
-0.1747, 0.2445, 1.1677,-3.4142, 0.8013, 0.0440, 3.1943, 0.3707,-1.4606, 1.4794,-1.2824, 4.5039,-0.3445, 0.9009, 3.6957, 0.7814,-4.9949, 1.5098,-3.3068,-2.5023,-1.8075,-0.9438,-1.6483, 0.5774, 2.9428, 3.7339, 4.8502, 3.9048,-3.9384,-3.2973, 2.8616, 0.0444,-4.9901,-2.7535,-3.8708,-4.6905,-1.5739, 4.6597, 2.1875, 3.9507, 2.0422,-0.8524, 0.6415,-3.6729,-0.5501,-4.6332,-4.5902,-4.5998,-3.2087, 0.9720, 2.7167, 0.3558, 1.6027,-3.0896,-1.8356, 3.0163, 4.4562, 1.1729, 3.6662, 1.2691
-3.2935, 0.7230,-4.9801,-1.8980,-1.1858,-1.0183, 0.9172, 0.7637, 1.8151,-3.7879, 3.5491, 3.7022, 3.6799,-1.8386, 2.4230,-4.5661, 2.2123, 0.9219, 3.6916,-0.2424, 0.3681,-0.4970,-0.9576,-1.4049, 3.4176,-3.8840,-4.6564,-3.6957, 2.7803,-1.4747,-3.2582,-3.7385,-1.6312, 1.0935,-4.3661, 1.5994, 3.6951, 4.9440,-4.6477,-4.2351, 4.6600,-2.7633,-2.3934, 3.0520, 0.6181, 2.4792, 0.2420,-4.3253,-2.6033, 0.2827, 3.7633,-1.3303, 2.1182, 2.0671, 4.5579,-3.6350, 4.5755,-2.9603, 2.9216,-1.6653
 2.0565,-4.3857, 1.8499, 0.8064, 0.6367,-1.7719,-3.5704,-0.4843,-1.9075,-4.5233,-4.4815,-4.3715,-4.9136,-2.1873,-0.2061,-0.0139, 3.6392,-4.7916, 2.3516, 1.8531, 0.5664,-0.1001, 3.3344, 3.0769, 2.8350, 2.1927, 1.3206,-1.7382,-2.5153,-1.7152,-3.0517,-0.6390, 1.4115, 0.7712, 2.3778, 0.6937,-2.4061, 1.2050,-2.6771, 3.5528, 4.9379,-4.1753, 1.5764, 3.7642, 1.6558, 4.5141, 0.6798,-2.2133, 3.6840, 1.3237,-0.0445,-0.7925,-3.1718,-4.3804,-3.1905,-2.2008,-2.8789,-1.9471, 0.7957, 4.0382
-2.5092,-4.0586,-3.6222,-2.7090,-3.2698,-3.3641,-1.0819,-4.7115, 1.5782,-0.4503,-2.8618,-4.3940,-1.9585, 4.6065,-0.3291, 1.9038,-3.7501,-1.1885,-3.7913,-1.0578, 2.2446, 1.1470, 0.6253, 0.1759,-2.5772, 0.0795, 2.2501, 2.8694, 0.3254, 1.0526, 2.8157, 3.2586, 4.1151,-3.2162,-4.7787, 0.9225,-1.4349, 3.9240,-1.1757,-3.9206, 1.4887,-3.4479,-3.7298, 3.8569, 1.5620, 4.9940, 4.9469, 4.6978, 1.9485, 4.1028,-4.7966,-0.8791,-0.0582, 4.7618, 1.0807,-0.4182, 1.3590, 3.4146,-2.4384, 3.7038
 0.5460,-4.7228, 1.2667, 1.6443, 0.4373, 1.4396, 3.7973, 2.1212, 2.6636,-0.7253, 1.8367, 1.3903, 3.9163,-4.3172, 1.6963,-2.0810, 2.4610, 0.1371, 0.9840,-2.7533,-2.8939,-1.4096,-0.3181, 2.4267, 4.0392, 4.2543,-3.5950,-4.4511,-2.9845, 0.0461, 3.8179, 3.0212, 1.2900,-4.8531, 4.6804, 3.3582, 4.1305, 1.6632, 4.5339, 3.5997,-2.5861, 3.6426, 4.5864, 2.7796,-1.7875, 4.5387,-1.4389,-0.8153,-3.3066, 3.7173,-0.9218, 3.6849, 1.8867, 2.7756,-3.5592, 1.9276, 3.2397,-3.4292, 0.3756, 4.7157
-1.1683,-0.3211,-1.9348,-2.0387,-3.1346,-2.2885,-4.1924,-2.8581,-4.8995,-0.9096,-2.5745,-1.4768,-1.8351, 2.2117,-0.7193,-1.9651,-1.6412, 4.5715,-1.3416,-1.0147,-0.2841,-1.9442,-1.8544, 2.6128,-3.3663, 4.3303,-3.3636, 3.9470,-4.8808, 2.9231,-0.4862, 0.5242, 1.3334,-1.8846, 1.5012,-4.3351,-2.2446, 2.9440, 0.5455,-3.5034,-2.8711, 1.3685, 0.6833, 2.2099, 4.2766, 2.6171,-4.0295,-1.6016,-2.0434, 0.9624,-4.9177, 4.5267,-0.6034, 2.7222, 2.5870, 1.4466, 4.8980, 3.0719, 2.7283, 3.1065
-0.7949,-0.3601, 4.0445,-4.9284, 1.8030,-3.4001, 2.4499,-3.9767, 1.2273,-3.5750,-3.2630,-0.9792,-1.0851, 3.1616,-1.9674,-2.5671, 2.7986, 0.0791, 4.1985,-3.7599, 2.5203, 0.6060, 4.3098, 4.1940, 2.2717,-1.9217, 0.6422,-2.3474,-0.4243, 0.5653,-3.1784,-3.4168, 4.8969, 4.4374, 3.1672,-4.9042,-1.8535, 2.7659, 0.2846, 3.0695,-3.3911, 0.7358, 1.3428, 1.2371, 0.0981,-2.5859,-2.7726, 0.1958, 4.3154, 4.2265, 1.3129, 4.6189, 3.5706, 0.7462,-3.2774, 0.5449, 4.1740, 4.6238,-4.3573,-1.0933
-4.0571,-1.2656, 4.7510,-2.4091, 3.8442,-0.0574,-2.2778, 2.6595,-0.1653,-1.9143, 3.0894,-3.6671, 2.2201,-3.2627, 1.8992,-3.7575, 2.3227,-4.6595, 4.8087, 2.4483,-4.7685, 1.6244,-3.4213, 2.4286, 3.3154,-0.5444, 4.7701, 4.1556,-2.3376,-2.4767,-0.0431,-0.5259,-1.2875,-0.9661, 1.0698, 3.2374, 4.1304, 4.3016,-2.4400,-4.0857, 1.2183, 4.9707,-0.5743,-2.6542,-4.8149,-2.8392, 2.7885, 2.9200, 0.4387, 3.3853, 4.1248,-1.3986, 4.5642,-0.6763,-1.7633,-4.6809,-4.2952,-2.2843, 2.1733,-0.1707
 3.0793, 2.0346, 2.3275, 0.5551,-2.6102,-3.0875, 2.9625, 1.8038, 2.4042, 0.6067, 4.1376, 2.0650,-3.7606,-2.6793, 0.6304, 0.1101,-3.1850,-3.3833,-1.2085,-1.2966,-1.9625, 1.4852, 1.7262, 2.7677, 4.4552,-1.1435, 1.2265,-0.2539, 1.2933,-3.8640,-0.9860, 4.8688, 1.8158, 4.8576, 2.9972,-2.3173, 2.0671, 2.5375, 0.8976, 0.3592, 2.6110,-4.6874, 1.3514, 4.2326,-2.3128,-4.0109,-2.0702, 0.6838, 0.6515, 4.5900, 4.5697,-0.3076,-1.9520, 3.9368, 1.0306,-1.2002,-4.1599,-3.7336, 1.0412, 2.7899
 2.9193, 3.2397,-4.3267, 2.1828,-0.3123,-2.2271,-2.7618,-1.4099, 4.2210, 4.4631, 3.8765,-3.5269, 1.0127, 1.5171,-3.8421, 4.4947, 2.9331,-3.9001,-2.4452,-2.3758, 3.7333, 0.8398, 4.0050,-3.5502,-1.1620, 4.7699,-2.2930,-4.9690, 2.8309,-0.1272, 4.3911,-3.4725, 2.2429,-0.3692, 1.2443, 1.2447, 2.4990, 2.7080,-4.6761,-3.8408,-4.7306, 3.7262,-2.4667,-0.9603, 2.0908,-3.8286, 0.0900, 2.0217, 1.3804, 4.0659, 4.6818,-3.9736, 0.0643, 2.1348, 1.1394,-4.2016,-2.1079,-1.9146, 2.3458, 0.6727
-0.2769, 2.3670,-3.0335,-2.1548, 3.8645,-1.9480, 3.5316, 4.4466, 1.3453, 2.7306,-2.6475, 2.8801, 2.5693,-2.2744, 3.0094, 3.8763, 3.7320,-4.7343,-2.8510, 2.5607,-3.7764, 1.8643, 0.7891, 1.6016, 2.9528,-2.9735,-4.8935, 4.0717, 3.2558,-1.7664,-3.8703, 4.4638, 0.2158, 0.5151, 2.1565,-1.0452,-1.1797, 0.7412, 4.3429,-1.9038, 0.1224, 0.6916, 0.7368, 0.8956,-0.4829,-0.8680, 0.2115, 3.5846, 0.9716, 2.4942, 2.6026,-1.2759, 2.3532,-1.7958, 4.6607,-0.1845,-3.4873,-3.2879, 2.9221, 1.4019
 3.3688,-1.0196, 2.7991, 3.6881,-1.8069,-3.2425,-1.6830, 1.4338,-2.2740, 1.4382,-3.0439, 0.8187,-1.2408,-0.7578,-1.2453,-0.5329, 4.2325, 2.2624, 4.8662,-3.1550,-1.9300, 3.3033, 3.9089,-0.4991,-1.6744, 0.8057,-3.1310, 0.1449,-2.9596,-0.8860, 4.3555, 3.8483,-0.0620, 3.1810, 3.2693,-3.0108,-1.6979, 4.9367, 1.5298,-4.9296, 1.5182, 1.9955,-3.5720, 1.0496,-0.7514, 3.3489, 0.8182, 0.7630,-2.2434,-4.9747,-2.5659, 0.6687,-4.2930,-1.7835, 1.3498,-4.2886, 3.2846,-1.7835,-1.7429, 4.8378
-4.5625,-0.5348, 1.8702,-3.6929, 2.1968,-4.9063, 4.3921,-4.8202,-1.1086,-3.3021,-4.0173,-2.6654,-2.3444,-0.9661,-4.7698,-1.1421,-3.7646,-2.9495, 4.7261,-4.3123,-2.1071, 0.9661, 2.4543,-2.4770,-0.4252, 0.4383, 2.6520, 0.4068, 0.6421,-3.1101, 4.8798,-4.3963,-0.1279,-4.7560,-1.4027,-0.1424,-4.3819,-1.1557,-4.7199, 0.3338,-4.0503, 2.5398, 2.0843, 2.5170,-0.4068,-4.5454,-3.8736, 1.4215,-3.8309, 3.7195,-4.6069,-1.1084, 2.4133,-2.8554,-2.3096, 1.3337, 4.4693, 4.9848,-0.9205,-4.0745
 2.8226, 3.6856, 2.0000, 4.0691, 4.2013, 2.0054, 1.2017, 0.4935, 4.5560, 1.6774,-3.0441,-2.0219, 0.7694,-1.9318,-3.9300, 0.7597, 2.3038, 3.9788,-4.9727,-4.0295, 2.1596, 2.6034,-0.8187,-3.3962,-1.0756, 4.7891,-4.2611,-3.8911,-1.0868, 4.7344,-1.9794,-0.2332, 3.9500,-1.7591,-2.7542, 0.1687, 1.7257,-0.0009,-4.3442, 1.6497, 2.0257,-1.1333,-1.0726,-4.3538, 1.7226, 0.5978, 3.8454, 1.3974, 2.4839, 3.7434,-4.5127, 3.6652,-1.8614,-2.0102,-2.4518,-4.7975,-2.3977, 1.3159, 0.9055,-1.7379
-0.5239, 4.4288, 1.1058, 0.7382, 0.3572,-1.2593, 4.2289,-1.8987, 4.3705,-1.1760, 0.0148, 3.6537,-3.2645, 4.8559, 1.9174,-4.3810,-4.5440,-1.8843,-0.6203, 2.4764, 1.6232, 1.5573,-3.5324, 3.6896, 4.3268,-0.7434, 2.1849,-0.6048,-0.3605, 1.7325,-0.3384, 0.4632,-1.3159,-3.9869,-1.0627, 0.1895, 3.6646,-2.9401,-4.8961, 3.3397, 0.2506, 2.8822, 4.4198,-3.9169, 4.5474,-1.1522, 2.9985,-1.9098,-0.1756,-1.8462, 4.8995,-0.7933, 2.3513,-0.0878, 1.3864, 3.0343,-1.9370,-2.1098, 3.7268, 4.1149
 3.0724,-3.0757, 3.2644,-3.0002,-2.2918,-3.6249, 0.9328, 4.3001, 2.4003, 2.7619, 0.8125, 3.6345,-0.6657,-1.5698, 1.4103,-0.2211,-4.2331, 3.6124,-2.6892, 1.6039,-4.9720,-3.8848, 4.9133, 3.6441, 0.6563,-1.3283, 0.0803,-0.6459,-1.0553,-0.8167,-4.2398,-4.2015,-3.1692, 3.9616,-4.5565, 4.4226, 3.8808, 0.1614, 1.0913,-4.5203,-4.2755, 4.6391, 1.4673, 0.1184,-0.0954, 4.6203,-4.9263, 4.4459,-4.6563,-3.4137,-0.4274, 3.9329, 1.3345,-3.4957,-4.6125,-3.9212, 2.7699, 0.5704,-4.8069,-2.3445
 1.1359, 2.4841, 4.3519,-3.5870,-0.2459,-2.3967,-3.3567,-2.1734,-0.2741,-3.6060, 2.7863, 3.5322, 1.2892,-2.5901, 3.7942,-2.1645, 2.6093,-4.7041,-2.9738, 3.8165, 0.5043, 4.7063,-1.8904, 4.4620, 0.9490,-2.9738,-1.2311,-4.4284,-2.0396, 1.3980,-4.1942,-1.4637,-3.7429, 4.2729, 4.4125, 2.5940,-3.5281,-1.4069, 0.8337, 3.4620, 1.0670,-1.9770, 0.1913,-3.5574, 2.9882,-0.5172,-4.4696, 0.0508, 3.8143,-4.6378,-2.0697, 1.7667,-4.4624,-0.3464, 4.2087, 1.1986, 2.2038, 4.7471,-3.1399,-3.0534
 1.7981,-1.5503,-0.1019, 4.8010, 3.5708,-4.8969, 4.5076,-3.2188,-3.4204,-2.0379, 0.1545, 0.2059,-4.5302,-4.3469,-4.8376,-3.2683, 0.8026, 0.3488, 4.4999, 4.0042, 0.0203, 4.1941,-3.4284,-2.5184, 4.1650,-1.6408, 4.0001,-0.0642,-2.8790,-1.3003, 3.8983,-3.5766,-0.6327,-4.6124,-4.4223, 2.6268,-0.5963, 1.0111, 3.5626, 0.8705, 0.5146,-3.7341, 1.9867, 1.5883, 4.1037, 1.3375,-4.5309, 0.8864,-3.8716,-1.6397, 0.0078, 0.0862, 0.6015, 0.5077,-2.8548,-3.8075,-2.1710,-2.7299,-1.4240, 3.0546
 0.2346,-1.0278, 0.8460,-4.6511,-3.3859, 4.4300,-1.2764,-1.7787,-4.6167, 2.8282, 1.8600,-3.7414, 4.5314, 4.5113,-1.0195, 0.5488, 1.0461, 2.6452, 4.4253,-0.0740,-4.1471, 2.1716, 1.1068, 0.1320, 2.6528, 3.4080, 4.4614,-0.9496, 2.6081, 1.9794, 4.3873, 2.3705, 2.4453,-3.5680,-0.2342, 4.2845,-4.5477,-4.7608,-3.5921, 3.8571, 0.2652, 0.0883, 3.3884, 2.0983,-1.3746,-1.4473, 4.1348, 4.7990,-0.5528,-3.5260, 2.4196,-3.9210, 4.3610,-4.8539,-4.1797, 4.2151,-4.5856,-3.0603,-1.2165, 3.9625
 4.9567, 0.6539, 2.7443, 1.1023,-1.6090,-1.3397, 3.9377,-2.3345,-2.9351,-2.3005,-2.7278,-3.8349,-4.2340,-2.4680, 3.6985, 2.5128, 4.1278,-2.4875,-1.3930, 4.5239, 2.4562, 4.2409, 1.7975,-4.3713, 4.2465,-0.8393, 4.5515, 2.7516, 3.0161,-0.4993, 3.2244,-2.1260,-1.3814,-0.9630,-0.8713, 2.7471, 4.5745, 1.9928,-3.7790,-4.3208,-4.9214,-3.8474, 1.1598,-4.5022, 2.8207,-2.1343, 0.5467, 0.2627,-2.6952,-2.5339, 3.6127, 0.7926, 3.7574,-2.3491,-3.5452, 0.0908, 4.9670, 0.7748, 4.3709,-2.1927
-1.6577, 4.8679,-1.6348, 1.0730, 2.2574, 1.9572, 2.5704, 1.4281,-3.5837, 2.7696, 2.1701,-0.1465,-3.9424,-2.0656,-3.4061, 2.1526, 0.4063,-2.8508,-2.3603, 4.4543, 4.8748,-2.5890,-3.8498,-4.0211,-2.0787, 4.3580, 2.7976,-3.5374, 3.1884,-1.3485, 0.5240,-3.5696, 3.7429,-1.0213,-1.5538, 4.9403,-3.0033, 2.1522,-4.8937,-3.2462,-4.3964,-0.5282, 3.3042, 1.4635,-3.5442, 4.3700,-1.0386,-0.7204, 1.6343, 1.5605, 2.0424, 2.7725, 1.5592,-4.9214, 0.4791, 2.4964,-0.9285,-1.3045,-3.8180,-4.4201
 1.3427,-2.4139, 2.6615, 2.6568, 4.8491,-0.2417,-1.9158,-1.7054,-3.5160, 3.5474,-0.8932, 2.0574,-1.7916,-0.2415,-4.7652,-3.2417, 1.7656,-1.1103,-1.5431,-1.2236, 4.3099,-1.7497, 4.8469,-2.7769,-3.8052,-4.7438, 4.1349,-0.6163,-0.3877, 1.1984,-1.4963,-1.8990,-4.4797, 1.6872, 3.6332, 3.1036, 2.3349,-1.6299, 3.7517,-4.9645,-1.2872,-3.5019,-4.9894,-0.1160,-0.0100, 4.2070, 3.3424, 4.4192, 2.7771, 1.9530,-2.3455,-1.5269, 1.3653, 2.8870, 3.0956, 3.1629,-1.5522, 3.0992,-0.1278, 4.9260
 3.5535,-2.6940, 3.0685,-4.7260, 4.2368,-4.8070, 4.7949, 0.5355,-0.3291,-1.3527, 1.8746, 1.0137,-3.3786,-0.3092, 2.1418, 4.5034,-4.1152,-1.2095,-1.3862,-4.4308, 3.3707,-2.5291, 2.2362,-4.5320,-4.5805, 3.6486, 4.5529,-0.4170,-1.3109, 0.4100, 2.2608, 0.3756,-1.4244,-2.0561,-2.0165,-0.5814, 1.8101, 2.9036,-1.5409,-4.4819, 1.1606, 1.9098, 1.1934, 3.1949,-2.0022,-0.9666,-3.6442, 3.1566, 0.6620, 1.8044,-0.5515,-0.3348,-2.7379, 4.2299,-3.2700, 1.1646,-2.6166,-2.1880,-0.4983, 4.2826
 0.2981, 3.1282,-0.7172, 2.8386,-0.3540,-4.8543,-1.3342, 3.8837,-4.1792,-2.0059, 4.2177, 0.7056,-2.6992, 1.7817,-1.8546, 4.8597,-3.6703,-2.2896, 0.4565, 4.4293,-4.3539, 3.0570, 2.1328,-4.5892, 4.4603,-3.0986, 3.0138, 1.2587,-4.0758, 2.4548, 0.6049, 2.9701,-2.6734, 0.4981, 1.6169,-1.9765,-2.3151,-1.6092, 1.6542, 1.4376,-2.0070,-1.7844, 4.3924, 3.4794,-0.7607, 3.6165,-0.6956, 4.4267,-0.1594, 0.4328, 1.7702,-3.0508, 1.2437, 0.7527,-2.1183,-2.3589,-3.7861,-2.5521,-3.1096,-3.0334
 2.5778, 0.4122, 1.5485, 0.6102, 1.9507,-2.9775, 4.0200,-2.4200, 1.8195,-0.1449, 0.0355,-0.3297,-4.7981, 1.1387,-1.5019, 4.3422, 2.7541, 1.4235, 3.2128, 1.4263,-2.0530,-4.7988, 3.7557,-1.2303,-2.7023, 1.6228, 1.5830, 2.1002,-0.3635,-3.9081, 4.2846, 2.8274, 3.1962, 0.5271, 0.2381,-3.2122,-0.2170,-3.9831,-4.5696,-4.5918, 4.3290,-3.8675, 3.6181,-2.6553, 2.8976,-2.8216, 1.1960,-3.6802,-1.8384, 2.3781,-4.9719, 2.2637, 1.5997, 2.1517,-3.9398,-4.5258, 4.8080,-4.6702, 2.3709, 4.0110
-3.0431,-3.5002,-1.8221, 0.9422, 0.0424,-3.5126, 3.1086, 3.1819,-0.6952,-2.2060, 4.7315,-0.5424, 1.9597, 2.6255,-0.0004,-2.2363,-4.5171, 1.0507,-3.8307,-1.7709, 1.7815, 3.7790, 4.5603,-4.6174, 0.3716,-4.1390,-2.6496, 0.9446, 3.9668, 4.3866,-3.1182, 4.0823, 4.3691,-3.7685, 4.7011, 4.9264,-3.1487, 3.3267, 2.1962, 3.5166,-1.6470,-4.2600,-0.6404, 2.4714,-0.7139, 4.7370,-0.6664, 3.3710, 3.6887, 2.6154, 3.8846,-2.0292, 0.3038, 4.9197, 3.9135, 3.7763, 3.1075, 2.1197,-1.4674,-4.7303
 0.2002, 0.2771, 1.8435, 0.1585,-4.7901, 1.3247, 2.0564, 3.8701,-2.7020, 3.6320,-3.1975,-2.2308,-3.4100, 2.8675,-3.0514,-1.5272, 4.6385, 3.1882, 3.8920,-1.6424,-0.3855,-1.1867,-1.1682, 2.4007,-1.2370,-0.5203, 0.9196, 0.1405,-1.3880,-0.3309,-0.3494,-3.2126, 4.7317,-2.2280, 3.2772,-0.5513,-4.0273, 1.2971, 3.6111,-1.2457,-4.1375,-2.7222, 3.7591, 3.2064, 2.6763, 0.1893, 4.4592, 0.1565, 2.3570, 2.5054, 4.4870,-0.5670,-3.9907, 2.5158, 2.7887, 1.6569, 3.4238, 1.8381,-4.4497, 3.2032
-0.9697,-3.6518, 4.3569, 4.4305, 4.3453, 4.6092,-3.9452, 2.9323,-0.6793, 3.9680, 1.3373, 2.5386, 0.0069, 4.7077,-1.6253, 2.2152,-1.9041,-0.7507, 3.6349, 2.6178,-2.1485, 0.7004,-0.2802,-2.8598, 2.9336, 0.8283,-1.8315, 2.8456, 0.2034, 1.8144,-3.8306, 3.4568, 3.0747,-3.8431,-1.2161, 2.2132, 4.4308,-0.4590, 2.6706, 2.8418,-2.1911, 1.0824, 4.2037, 2.2437, 3.5289, 1.7092,-4.2040,-1.7867,-1.2314, 2.9074, 1.9710,-0.3364, 4.3093,-1.9432,-3.5174, 1.3266, 3.4838,-3.9698, 1.8805, 3.9532
 3.6331, 2.1411, 2.5077,-4.8474, 1.7605, 2.0072,-4.7474,-0.7761,-2.5235, 3.4297,-4.8774, 4.3443,-2.8243,-0.8343,-4.9848,-0.4494,-0.7427, 4.2322,-1.9181, 3.1292, 0.6332,-1.7057,-2.3553,-4.9902, 3.8886,-0.7694, 2.5604,-3.0474, 3.4392,-0.8789,-4.7522,-1.2723,-2.5830, 1.0749,-2.1934,-2.7712,-3.7997,-4.2460, 3.2882,-1.7173, 2.7879,-0.3704,-0.3507,-0.0845, 3.4269, 4.1334,-2.9000,-2.7079, 4.1894, 4.1052,-2.7421, 2.8342, 0.3947,-3.7536, 0.0121,-4.7819,-0.3589,-3.6313,-2.1311,-4.5428
-0.4760, 2.8138,-3.9283,-0.3210, 4.1855,-4.0972, 3.5513,-3.9563,-1.2164, 0.9666,-4.5280,-0.0755,-1.9721,-2.3721, 3.6008, 4.7078, 4.8275, 3.0791,-2.5212, 4.8189,-1.2244, 0.4691,-0.3178,-0.1574, 3.4608, 4.7700,-4.0556, 0.1351, 3.9304,-3.6184, 0.4403,-4.0520, 1.6268,-2.2963, 0.6266, 3.7633, 4.2646,-0.9326, 4.3619,-4.7726,-4.1050, 3.4470,-4.6854, 1.0008, 1.9764, 2.2052, 4.4551,-0.9446,-0.8366, 1.8604,-0.1624, 2.3754, 1.2316,-1.4074, 2.9993,-2.8046,-0.4264, 0.0464, 0.3319,-3.2014
-0.2991,-1.6874,-3.0527,-2.9405, 4.0638,-1.7918,-0.9784,-2.1738, 4.2580, 0.3956, 4.5674,-3.5486, 1.5133, 2.6519, 0.4639, 2.0499,-0.7686, 3.9384, 4.2537, 2.9294, 3.3090, 3.9392, 4.4650, 1.1977, 1.8681, 0.2590,-4.6368, 1.5863,-3.0331, 4.0873,-3.6264, 1.3813,-4.1137,-3.9629,-3.6792,-2.2206, 2.8300, 2.8156,-0.9238, 2.8029,-3.2020,-4.3751,-3.7201, 2.7179, 1.8146, 1.7702,-1.8735, 3.9219, 3.4484,-3.1673, 1.2320,-4.7101,-4.6530,-1.0998, 3.8797, 1.1666, 4.6829, 0.8782, 2.7507, 0.3064
-0.5209, 2.9872,-2.4671,-2.8380,-2.6127, 4.3074,-0.7106, 1.8507,-0.9728, 0.9357,-1.1281, 2.2719,-1.2964, 2.6536,-4.5825, 1.1129,-2.7396, 3.7127, 4.4870, 1.4626,-2.8077, 0.5617, 3.3091,-1.5362,-0.5845, 4.3131, 4.7306,-3.5910,-3.6099, 4.0858,-3.5048, 3.6394, 0.1493,-2.1936,-2.9700,-1.1786, 3.9947,-2.6652,-0.0518,-1.3130,-0.5938,-3.8664,-4.1189, 4.8182,-3.6170,-3.0230, 0.9889, 3.3005,-2.0457, 0.8120, 1.1879,-0.8787,-3.4183, 2.2321, 0.3371, 4.4022, 1.0366, 1.4466,-3.1134, 2.0411
 3.1424, 1.3698,-4.6815, 0.9341, 3.9543,-3.6583, 0.1079,-3.9362, 0.7437, 4.5438,-0.3731,-2.9579,-0.4146,-0.0016, 2.0160, 0.5025,-4.5335,-2.6513, 0.3127,-1.9729,-1.6471,-3.3812, 3.9175, 1.4852, 3.0530,-4.5758, 0.1288, 1.7819, 0.0644,-2.7146,-0.2122, 2.8787, 2.9149,-2.4378, 0.9118, 3.7014,-0.3145,-0.9552, 0.2787,-1.7865, 1.9195, 1.7515, 1.3564,-3.5369,-4.5492, 3.0779, 4.4112, 3.1731,-4.6885, 1.2710,-2.2470,-0.6113,-3.6736, 2.2193,-3.6663,-4.0217, 4.3393, 0.9910,-3.2304,-3.5722
 4.8968, 4.2548, 2.4576,-0.2118,-1.0941,-3.4901,-3.8428, 3.3080, 0.1577, 3.5978, 4.1936, 1.5850, 4.8844, 0.4178, 2.4780, 0.9810,-1.5959, 0.4184,-0.1638, 1.0247, 1.1742,-0.4646, 4.1639, 1.5605,-2.2673,-2.8303,-2.3930, 4.0360, 4.7702, 2.5182, 4.8342,-4.3574, 0.5804,-1.9605, 1.2784,-3.3297, 3.8293,-3.3891, 3.1858,-3.2774, 0.8850,-4.0505,-4.0883,-1.9956, 0.4384, 1.1776, 4.3077, 1.3699,-1.3802, 4.9323, 2.4688, 2.1581,-1.9219,-1.7396,-0.4277,-2.0284,-2.6743, 2.8913,-1.5206, 2.6992
 4.0816,-4.3696,-3.7188,-1.7269,-0.4611,-0.4585, 1.9293, 1.0045,-2.6853,-3.6107,-1.3933, 4.5544,-0.3079, 3.0106, 2.8526, 2.8959, 0.6125, 3.8477,-1.8166,-3.5363, 2.4541, 4.1062,-3.8609, 3.9260, 0.2692, 4.1262,-3.0554, 2.5834, 4.3277,-0.3924, 1.8334, 4.1770,-1.4283, 4.8467,-4.3893, 1.1528, 4.7143, 4.1362,-3.3627,-4.1813,-1.2001, 2.4420,-2.3878, 0.3297,-3.8036,-4.4713, 2.6126, 1.6274,-4.2892,-2.9141,-4.5033, 4.8602, 0.3068,-2.8171, 4.8403, 4.0675,-0.7549,-4.3563,-0.8896,-1.6560
 1.7510, 4.8518, 4.2121,-1.0075, 2.8864,-1.5635, 0.0114,-3.6357,-1.7360, 4.0413, 4.6837,-0.3165, 2.2892, 3.0405, 0.2066,-4.5580, 4.1226,-3.6806, 0.4597,-3.8381, 2.3844,-4.1235, 2.1688,-4.5004, 1.2388,-1.4690,-1.1476, 0.2060, 0.1860, 2.2735,-1.8043, 2.3980, 0.3868, 1.3760, 3.2339,-4.6064, 2.5450,-1.0192, 4.5101, 3.1789,-4.2969, 2.2972, 0.6629,-0.8959, 3.2162, 2.8815, 0.0788, 0.6910, 1.4774, 3.9551,-2.6729,-0.3043,-4.0186, 1.3746, 3.4622, 4.8880, 4.5793, 4.4308,-0.0433,-1.3212
-1.7427, 2.6476,-0.8163, 0.4224, 4.7568, 3.9462,-1.6120,-3.2228, 1.9561,-2.9354,-4.9056,-3.6738, 3.2576, 0.0822, 0.6761,-0.6135,-3.9113,-3.3149, 0.1219,-0.5542,-3.6474, 0.8725,-1.0074,-2.7223,-4.1645,-4.0516, 0.3751, 3.1050,-3.8721,-3.4131,-3.8301, 3.5382,-2.2284, 3.9096,-4.4660,-0.8407, 4.0594, 4.3739,-2.8323, 3.2294, 0.9743, 4.0636, 4.2970, 2.5421,-0.0819,-3.6274, 4.8835,-4.8502,-4.1150, 2.6311,-0.4031,-0.9786,-4.4234,-2.4712, 2.2188, 3.7274, 1.8252, 3.0370,-2.6394,-0.4801
-1.3851, 0.6936, 0.1751, 0.7582, 2.6902, 3.1398, 1.8852,-0.9489,-3.9538,-4.3527, 3.7226, 4.0088,-0.7387, 1.5340,-1.4856, 3.8591,-1.6312, 0.6571, 0.8419, 2.1688,-2.4439,-0.3812,-4.4322, 3.8469,-4.8803, 1.0698, 4.5893, 2.8537, 2.3525,-2.5718, 3.0148,-2.2875,-0.0100,-3.8255, 4.6657, 0.4703,-2.7169, 2.0759,-2.6467,-2.5865,-2.9330, 0.3088, 1.1714,-4.3041, 1.7502, 4.4625, 0.2013, 1.7266,-4.8228, 4.6209, 1.0398, 4.6179, 2.0116,-2.0509,-0.5698, 4.8148,-3.2503,-3.4740, 3.4989,-2.3351
-2.8023, 2.5291,-0.0369,-3.7630,-1.6698, 2.8982, 0.6235,-3.6697,-2.8728, 3.1620, 3.9422,-4.4920, 0.1610,-1.5740, 1.2644,-1.7036, 4.4969,-3.8402,-4.4006,-2.1434, 1.8303, 4.5128,-4.9058,-1.8657, 2.0964, 3.5751, 4.6265,-2.8761, 2.8406,-4.9579, 4.5056,-1.5851,-1.9573, 4.5478, 4.4446,-3.4101, 3.4107,-1.4475, 0.1426,-3.1603,-3.2903,-4.1851,-0.2333,-2.3203,-4.2634,-1.8553, 1.7830, 2.4377, 4.8936,-0.2554, 3.1838,-1.3703,-1.7380, 3.2774, 3.0505, 0.7714, 3.4354, 2.9917, 3.4027,-3.1501
 0.9608, 3.6815,-1.7661,-4.6023,-4.1820,-1.2962,-4.9043, 4.6764,-4.6517,-0.2719,-3.1797, 3.5227,-3.9526, 2.0573, 4.1336, 4.5318, 1.2859,-1.5242, 4.2740,-2.7658, 4.3914, 1.8909, 1.3394,-2.9891,-2.7014, 0.5190, 1.2593, 4.9390,-2.2223, 3.1056, 1.5584, 2.7657,-3.1676,-4.4599,-1.3825,-0.6734, 1.4960, 3.2181,-0.0722, 0.5484,-0.5179, 3.1564, 1.8679,-1.0239,-4.3635, 0.2709,-4.9500, 4.8290,-3.9644,-2.1007, 0.5258, 0.4821,-4.4569,-0.7986,-0.5849, 2.4652, 4.7376,-4.0254,-0.0252,-1.0220
 4.2665,-2.4579,-4.3758, 2.6668,-4.1527, 4.9282,-0.5353,-4.7482, 2.3188, 3.9849, 0.5938,-4.2236,-1.0287,-3.1429,-1.9722, 1.0467, 0.6935,-4.2669,-3.3202,-0.1859,-4.3427, 4.5633,-2.8125, 1.2885,-4.1103, 0.1534, 3.9450, 4.7824,-2.4145,-1.5898,-0.8924,-2.8219,-0.7624, 2.6909, 0.5754,-2.2922,-0.3016, 4.3867,-1.2056, 1.1364,-2.4555, 4.5804, 0.1248, 4.1595, 3.9678,-4.2702, 2.1577, 0.5663,-1.8097, 4.4229, 3.1443,-4.8385, 0.5129, 3.9294, 1.1716,-1.1044,-3.5806, 3.9720, 3.7569,-0.8853
 2.0178, 0.4516, 4.0958,-3.3993, 4.4706, 4.5588,-3.7206,-2.2124,-2.2064,-1.8421, 2.2248,-0.8398, 3.5932, 2.0440, 1.8068, 4.8137, 1.9193,-4.1342, 1.5643,-4.1870, 3.4955,-2.6599, 3.4158, 3.7773, 2.3269, 2.1352, 3.9715,-2.4661,-3.4574, 0.1945,-2.4507,-3.7100, 0.5248, 1.0083,-4.6938,-4.2656,-1.1160, 2.2398, 4.1751,-2.0030, 4.5374,-0.4515,-0.1135,-0.9755, 0.7262,-3.3455, 3.8707, 2.7939,-0.7046,-2.3086, 4.5514,-2.8674,-2.0973, 0.5880,-2.6677, 4.2728, 4.5356,-4.8894,-1.4068,-2.0384
 3.0660,-3.2082,-2.4106, 1.2994, 2.4504,-3.9953,-0.0166, 0.6296, 2.3976, 1.1809, 2.1933,-4.1873,-4.2734, 0.2375, 0.8030,-1.7630, 3.2099, 3.0540, 0.7596, 2.5961, 2.3993, 2.9365, 4.9270, 3.8904,-1.5458, 3.3616, 1.1466,-2.8157,-2.1002,-2.9022, 2.5369, 1.1053,-2.2461, 4.6344,-0.5027, 0.2835,-4.2841,-2.1427, 1.6996,-3.9517, 3.2746,-0.5691, 1.4334,-1.0116, 2.8678, 2.9717,-2.3545, 3.9564,-4.5668, 4.4678, 2.0726, 1.1886,-2.4375, 1.9741,-3.9689,-0.9072,-2.6450, 3.4461, 1.2329,-4.0784
 3.7111, 1.1811,-1.4360, 2.1083, 4.5208,-4.4636, 3.4925,-3.9952,-4.7490,-3.0834, 2.6398,-2.1544, 2.2096, 1.0553,-4.7329, 0.3397, 1.3499,-2.9648, 4.0752,-0.9710,-4.4404,-2.3950, 1.1564, 3.9542,-4.5696,-3.9525,-0.2405,-3.4659,-4.6240,-0.2353,-0.7686, 3.5085,-3.7481,-4.9856,-3.2462,-2.6081,-1.4815,-0.5981,-3.3265,-1.8168,-2.2620, 0.3476, 3.3253, 3.6888, 0.8877,-3.3054,-2.4553,-3.0757,-0.3350, 1.2993,-2.5324,-4.9298, 2.2090, 4.5988,-4.5602, 1.8438, 0.0051, 0.4220,-0.5703, 1.8887
-3.9467, 2.8120, 3.1365,-1.7771, 0.7477,-3.6583, 3.4843,-3.2740,-3.9877,-4.0160, 2.6097,-4.6152,-3.6003,-4.5323,-4.2849, 4.0524,-2.2644,-0.3154, 0.7531,-4.3516,-0.2397,-0.2056, 3.0834,-2.7754, 0.8566,-1.9070,-0.2398,-2.7581, 4.0184, 4.4452,-3.2541, 1.3678, 3.3677, 0.7126,-2.0589,-3.1028, 1.0356, 4.0822,-1.2552,-1.6519, 1.8815, 1.4720,-2.5695,-1.6981, 0.6027, 4.7496,-3.9585, 3.0299, 4.2456,-4.5882, 4.2613, 1.8650,-1.8288,-2.2968,-0.9002,-2.1215, 4.6681,-4.8121, 2.8387, 2.0247
 4.0351,-2.9394,-4.2269,-0.3624,-2.5475, 0.2907,-3.2108, 3.0356, 3.9741,-3.4325,-1.6094,-0.9505,-0.9163,-3.0713,-4.6904, 1.8521,-2.4653,-2.9936, 3.2310,-2.5545, 0.0388,-2.0762, 2.7495, 3.2857,-0.1295,-2.6716, 2.0055,-2.1846, 1.3555, 2.1310, 2.7978, 0.6208,-3.9539, 2.7345, 4.6510, 2.6117,-4.5366, 0.5952, 0.3387, 2.3135,-1.0623, 3.8092,-0.5082, 2.2977,-1.1887,-3.5376,-4.7246,-1.8869, 1.6691, 0.1688, 2.3027, 0.0639,-2.8382,-1.0735, 3.7245, 2.3946,-1.6808, 1.9849, 1.9304,-3.4675
 0.3845, 0.2184,-2.0045, 3.9955, 0.9247,-2.3120,-1.5658, 1.7977,-1.6362,-3.2309, 1.2322,-4.5316,-4.6080, 2.6159,-2.4430,-1.5453,-4.2801,-4.3988,-3.7669, 1.0091, 3.1110, 1.5793,-1.4574, 4.9777,-3.2649,-4.9068, 4.1741, 0.0831, 3.0475, 2.4633, 0.3368,-2.2834, 4.5196, 1.5362,-3.3823,-3.4405, 0.8118,-0.5411,-2.0417, 3.6292, 2.7971,-3.1293, 3.5586, 1.4854,-2.8853,-2.5653, 0.0050, 2.3685,-3.1039,-0.0001, 0.5089,-3.1330, 0.4216,-2.4580,-2.7313,-4.2373, 3.4287, 1.3746, 2.0246,-4.7612
-4.7595, 0.0981, 1.6793,-4.0857,-2.2703, 4.2691, 2.3859, 4.3426,-0.2799,-3.9530,-0.0275, 3.6044, 4.2865, 4.9331,-0.3969, 4.3972,-1.2603,-0.8620, 0.9421,-4.3990,-3.8809, 4.9845, 2.9545, 1.0881,-2.9500,-4.0917,-3.0929,-2.3591, 3.9988,-1.4828,-1.7511, 4.1749,-2.9801,-2.3123, 1.0013,-1.7977, 0.1897,-0.9820, 3.9149,-3.1824,-2.3360, 1.4389, 2.3310,-3.4414, 0.7834, 0.8423,-0.1430,-3.8732,-4.5842, 4.6319,-4.9248, 3.9009, 2.6124, 3.3908, 3.6681,-2.6533,-0.4089,-1.1591, 0.3495, 3.7745
-2.2667, 3.6971, 2.5888, 3.0336,-2.7739,-0.0119,-0.5380, 2.2629, 3.1910,-3.9350, 4.8509,-2.4591,-1.9102, 1.8001,-3.5389, 4.3736, 1.1705,-4.0120,-4.9375,-2.2986, 4.4981,-0.4017,-0.4317,-4.8916,-1.6365, 4.3371,-3.2995,-3.9748, 0.3601,-0.1436, 4.3780, 2.1253, 4.0657,-3.8826, 3.7512,-1.9941, 2.9406,-0.8483, 0.8954,-4.4871,-2.8929, 3.0153,-3.6902,-2.5047,-3.5413, 4.6530,-0.8201,-0.2720,-3.2570, 4.9717,-4.1826,-1.6555,-1.8126, 1.0642, 2.1144, 0.3070,-0.9750,-4.5896,-2.2571, 4.3087
-4.1391, 4.7536,-2.1157,-2.9653, 1.3769,-0.0452,-2.1645, 0.7906,-4.7583,-2.4867,-2.1016, 0.6649,-4.7133,-2.4665,-2.7889,-2.4819,-3.0369,-1.3512,-4.8690, 0.3223, 0.7289,-4.9386, 3.6714,-0.1486, 4.1094, 1.0207,-4.6053, 4.5362,-3.2383,-0.3027, 2.4177,-4.6860,-1.5395, 3.3783,-1.6493, 0.4033, 4.7199,-1.7492, 4.4811, 3.2097, 4.3299, 2.1946, 4.3302,-0.4085, 3.6767,-3.3924,-0.4374, 3.7720, 0.7020, 0.9848, 0.8135,-0.3784, 3.1966, 0.9167, 4.9478, 0.5552, 4.8559,-1.1930,-3.0718,-1.4563
 1.0701,-2.0678, 4.7341, 3.4971,-4.1719, 4.2291,-3.9003, 4.9330, 1.3356,-4.6018,-1.2497, 1.5619, 0.9702,-3.5491, 3.7866,-4.1624,-3.2396, 0.4399, 2.7231,-1.8201,-2.4388, 2.3242,-0.7758,-4.7024,-1.7417,-2.1342,-1.9312,-1.7438, 4.5043, 0.4951,-1.0544, 3.9437,-3.6918,-2.5100,-0.0907,-3.0282, 2.5234, 1.9420, 0.4320, 3.6481,-4.8309, 3.4431,-3.8710, 3.3843,-2.2890, 1.9018,-1.9457, 4.2164,-3.7039,-2.2286,-1.4547, 4.2507, 3.9581,-4.3427,-4.4293,-4.7582,-4.5635,-1.5924,-0.1794,-0.0321
-0.8742, 2.2982, 3.2066,-1.0231, 1.3885, 1.1516, 3.5242,-3.7296,-1.5578,-4.3860, 3.8673, 3.6232,-2.4730, 0.2420,-2.2722,-2.3252, 1.8213, 0.2590, 3.1553,-3.4944,-4.8940,-4.1397, 0.8015,-2.1500,-4.1314, 2.3170, 1.5192,-2.6467,-0.4099, 1.8292,-3.8150,-1.9554, 4.9252,-2.0935,-4.3074, 0.2528, 4.5363,-1.0028,-2.3137, 4.6136, 1.7701,-4.7260, 2.3721, 2.2830,-1.0200,-0.8363, 2.4616,-4.2134, 0.4333,-4.0745, 3.3719, 4.3267, 0.5112, 4.4563, 3.5874, 1.6664,-1.5409, 2.7134,-2.3962,-4.5159
 2.0587, 3.0568, 2.6379, 3.0148,-2.6665, 3.1745, 2.8427, 4.9508, 0.7346, 3.6748, 0.9301, 0.8354,-2.0360, 1.9387,-2.4387, 4.5564,-4.9116,-2.0776,-0.8837,-1.9773, 0.8802, 3.7940, 3.8825,-4.0174, 3.6517, 3.6408, 3.3406, 0.1816,-2.8854, 0.6619,-1.3069,-3.1551, 3.4375, 1.9107,-0.7996,-3.6032, 2.8779,-0.4334, 4.6879, 1.8020,-0.1574,-0.2888, 1.0163,-3.0186,-3.1105, 1.0642, 4.5277, 3.5430,-2.3874,-4.0853, 3.1246, 2.1323,-0.9735,-2.2200, 1.1438, 2.2345,-4.9509,-3.2611, 3.7043,-2.3209
 1.5795, 1.2169,-4.7966,-0.2308,-2.4490,-2.0913,-1.4570,-1.9016,-4.6173, 4.5237,-3.6596,-0.0795, 1.6840,-2.8479, 0.4566, 1.3535, 2.4307,-0.2730, 3.3647,-0.5279,-4.5934,-2.6782,-2.5653, 1.2808, 4.3279,-0.6481, 1.0991, 2.1022, 2.3695,-1.6108,-2.0869,-4.9553,-0.2557,-4.2039,-0.8864, 4.6345, 1.5000, 3.7677, 0.1527, 2.9637, 2.6563,-0.6467,-2.1174, 3.8710,-2.6393, 1.3420, 2.8486,-1.5280,-3.4894, 4.7662,-4.2859,-1.6462,-2.6288, 0.9559, 3.0134,-0.1827, 0.5078, 0.1403, 2.2392, 4.3261
 1.9964, 4.2188, 1.6943, 4.8860,-0.8431, 4.2195, 0.9993,-3.5989,-0.1063, 2.5533,-1.8549,-1.0499, 0.9158, 4.7735,-2.6839, 1.8174,-4.5383,-0.8952, 1.3013,-0.4500,-1.7512,-2.6140, 4.1063, 3.6053, 0.4458, 3.7680, 3.5272, 4.6274,-0.0992, 2.5665, 3.0183,-4.9737,-0.3168,-1.6151,-4.7505,-3.7405, 0.3383,-3.5812,-3.6979,-0.6334, 1.6543, 0.8079, 1.9080, 2.0806, 3.4854, 0.3923, 4.4093, 1.3146, 1.5488,-1.6249,-4.1911,-2.4579, 3.1830, 3.2803, 1.3211,-3.6912,-1.5098,-4.8242,-4.1728,-4.1959
 3.2479, 4.7425, 0.7958, 4.1559,-4.3830,-1.8361, 2.4597,-3.1494, 3.5512, 1.7223, 1.3536, 3.0843, 3.0300,-2.3980,-4.4773, 2.4440, 2.6277,-3.8228,-1.8800, 0.7178,-2.2286, 1.5834,-4.8910,-2.4187,-4.9167, 4.4113, 2.5050,-1.3602,-4.5168,-4.2065,-3.2341, 0.0431, 1.7197, 2.7222, 4.8401,-2.9018, 0.8362, 4.0021,-1.1019, 3.9224,-4.0479,-0.7086,-2.1640,-0.8000, 2.0533, 3.6159,-4.3993,-4.5379, 4.8184, 1.1140,-2.0697, 4.2449, 4.3926,-1.7440, 3.7248, 2.4209,-4.9411,-3.7460, 4.1304,-1.7827
 0.4469, 4.4855,-3.5840,-2.9072, 2.2382, 3.7759, 4.8571, 4.5149, 0.7714,-3.2428, 2.4321, 1.8707, 1.6926,-1.4403, 3.9663, 1.6359,-2.1300,-3.5864,-1.2368,-4.0314, 1.1392,-4.4436, 3.3836,-2.5770,-1.4379,-3.7642,-0.0023,-2.5790,-1.9359, 3.8958, 0.9805, 3.3477, 0.7745, 1.7658, 0.8806,-1.1553, 1.9896,-4.3452, 1.7013, 0.4753, 3.4667,-4.0081,-2.0659,-2.0672, 3.2881,-4.0551, 3.1858, 2.0763,-2.4084,-3.2392,-1.9408,-0.1130,-2.7635,-0.3458, 3.8447,-2.7604, 3.5324, 4.1642, 2.9700,-0.2119
 0.9794, 3.1301,-3.9763, 1.8101,-0.9518, 4.0847, 0.8944, 3.0655,-4.4723, 1.4027, 4.1032,-0.6762,-1.5340, 0.8236, 0.8950, 3.6545,-1.7951,-1.6900, 1.9355,-3.2574,-4.2107, 3.7085,-4.4632, 0.0296, 2.0454, 0.6067,-3.0254,-2.5880, 2.5721,-0.3508, 0.1730, 0.2270,-2.0841, 4.0660, 2.7719, 1.6903,-3.3175,-0.9733, 0.7052, 1.7266, 0.9395,-0.9633,-3.1858, 2.7736,-3.4468, 2.8217,-0.8946, 4.1339,-0.3483, 1.1564,-1.1946,-4.8221,-0.0774, 1.9641,-4.1694,-2.8740,-3.3837,-3.6800, 3.1012,-4.4620
-0.1058,-4.5561, 1.2506,-0.7571,-0.2585,-4.4520,-2.7943,-4.3066, 1.1799, 0.2666, 1.7883,-0.4300,-2.7693, 4.7713,-3.9465, 0.7287,-4.3829, 3.2273,-2.8824, 2.2511,-3.9140,-4.6064,-1.8599, 3.8619, 3.6250,-4.8553,-3.2266, 1.4293, 3.2209,-3.5083,-1.1134,-1.8690,-1.5741, 2.9704,-1.7229,-2.7052,-3.9198,-4.6289,-0.9348, 1.0599, 0.6277,-4.8119,-2.6233,-3.4274,-3.8524, 4.8640, 3.5165, 4.8170, 3.7037,-3.6611, 3.9110,-4.8600, 1.7364, 1.6719,-3.8250, 0.5845,-2.5739, 0.2566, 1.1767, 1.7476
 0.1955,-3.2504, 0.8364,-3.3335,-1.8324,-1.8129,-2.5497, 4.3910,-4.0148, 1.3551, 4.1000,-0.8977, 1.9669, 0.6227, 0.9966, 4.4008,-3.7641, 2.5724,-0.6106,-0.0893,-2.6689,-4.7169,-3.1188, 0.7198, 1.7429, 2.6389, 1.5794, 3.4966, 0.3196,-0.6555, 0.6669, 0.4266,-3.5543,-2.7777, 4.9984,-3.2090,-3.5376, 0.9797,-0.5531,-2.0619, 2.7183,-3.6753, 2.2799, 1.6196,-4.1620,-3.4941,-4.9258, 1.4342, 2.3698,-3.1008, 3.1506, 2.6515, 3.8036, 4.8069,-1.6028,-4.8364,-2.3222,-2.1432, 0.1783,-3.2812
 1.4978,-1.6372,-2.0207, 0.9533, 0.9055,-1.4229, 0.7285,-4.0983, 1.6968, 4.8176, 4.4734,-2.7891, 4.8110, 2.2145,-4.2487,-0.6790, 1.9130,-4.3517,-2.2129,-0.2704, 0.4302,-4.8208, 2.9390, 3.4806,-4.4352,-4.2226,-1.3619, 4.2264, 0.0645, 4.6555, 2.2617, 0.5817, 2.6722, 0.1979, 1.8560, 3.1382,-4.1171, 1.5367,-1.8629,-0.3542, 4.1881, 2.6733, 4.4252,-3.1343,-3.0137,-3.5379, 1.4503, 1.7719, 4.4648,-0.9801,-3.8395,-1.3174, 1.7865,-2.8016, 2.1665, 4.9097,-1.1086,-0.6005,-0.9113, 2.5854
-3.9766,-2.5553, 3.0883,-0.5982,-0.1489,-0.2548, 2.4595, 3.7737, 4.1770, 2.3777, 4.8689, 4.4785, 0.8388,-1.8496, 0.9917, 4.6497,-2.0471,-4.7638, 2.6375, 0.7176,-1.5852, 4.7841,-2.9878, 4.8460,-1.3540,-3.8138, 3.7413,-3.5242, 2.8568,-3.4048,-1.4971,-1.7216, 2.1634, 1.0667,-2.0081,-3.2365,-0.7228, 0.6317, 0.2898,-2.6178,-0.9240,-0.8645, 1.4297, 1.4382,-0.6415, 1.0660,-4.9922, 2.4273,-0.1901, 3.8717, 4.6083,-2.3478,-3.7428,-1.0189, 3.0020,-3.5264, 2.5927,-0.0193,-0.8057,-4.3138
 3.5914,-3.2678, 3.2801, 4.1826, 2.8138,-3.3308, 3.9763, 0.2055,-0.8529,-1.8707,-4.0554,-1.5168,-0.3296, 0.9353,-4.4945, 1.8035,-0.9171,-1.5572, 0.8865,-4.9719, 0.2575, 4.4923, 3.3598,-1.0436,-4.2527, 0.7438, 3.3784,-3.1858, 4.8354,-3.0413, 4.4776,-3.5848,-2.9994, 2.3705,-0.5121,-4.1433, 1.1244,-4.1721,-3.4101, 2.7946, 0.9478,-2.8187,-1.2567, 4.3386, 3.8891, 4.2645,-0.3350, 1.5898, 0.4313, 4.3338, 3.9095,-1.1470,-0.5179,-1.2801, 3.8574,-4.2710, 2.4900,-2.1525, 2.5491, 4.6944
 2.9315,-4.2715, 3.4261, 1.9103,-1.0005,-4.5106, 1.6273,-4.0061,-3.1491,-3.9484,-1.6399,-2.1015, 0.0608,-4.6281, 1.4867, 3.9457, 4.0348,-2.8581,-0.2396, 3.4134, 4.7742,-1.9404,-0.2458, 3.9655,-3.1364, 3.5815,-2.0103,-3.4872, 4.3735, 4.6047, 4.7389, 4.7430, 0.7861, 4.9617, 3.7060,-3.5236, 2.5451, 4.6747,-4.8358,-0.2798,-1.4667, 1.4880,-4.8865,-4.1300, 2.0034,-0.9951,-0.7726,-2.3338,-2.0082,-2.7246,-2.5796, 2.4429, 1.9387,-2.1545,-4.2093, 0.4781,-1.3009, 3.5510,-3.1818, 4.1829
-4.9274,-2.4628, 1.9110,-3.0583,-1.1569,-0.7154,-4.8550,-2.3319, 4.7408, 1.8741, 1.2205,-4.9030,-1.8172, 2.3540, 3.8490,-2.2771, 1.6240, 2.7076,-0.9299, 2.7172, 1.5735, 3.8839, 2.4250, 3.8680,-3.3748, 3.6779, 3.9677,-0.2712,-2.5284,-1.9506,-2.9240,-0.9498,-3.8484, 0.7138,-1.1136, 4.8909,-3.8846,-3.7024, 3.6109,-0.1380,-1.7038, 2.6920, 2.0115,-2.8518, 4.8889,-3.8974,-0.3509,-2.6824, 2.3410, 2.9898, 4.5835, 4.0152, 4.1431, 4.6350, 2.3589,-1.1405,-3.3210, 3.2066,-4.3992,-1.9525
-4.1361,-2.0175,-3.1864,-3.8159,-3.6842, 3.1122, 4.6258, 3.3355, 0.9550, 3.9691,-0.5420,-2.8119,-0.7487, 1.9998, 1.6687,-0.8036, 2.5259,-0.4429,-1.7482,-2.5880, 3.7458, 3.1844, 3.9096, 2.7112, 3.6587,-0.2947,-1.4397, 3.6667, 4.9704,-3.5772, 0.0121, 1.7269,-4.7699,-4.6114, 2.0897,-3.0883,-0.9770, 4.1656, 4.5341,-1.9339, 3.7901,-3.1656, 4.8459,-3.1735,-4.4455, 3.6444,-0.4952,-4.9112, 2.9271,-3.0880,-2.4598,-1.9285, 4.6391, 3.0248, 2.1001, 0.6371,-3.4620, 0.8889,-2.5364, 2.5128
 3.0893, 3.7626,-1.3731,-0.3013, 1.9743,-3.4571,-2.5009, 2.1196,-0.6255,-4.4258, 2.0628,-4.9812,-1.8763,-1.4046, 4.2845, 0.6844,-4.1012,-4.0903,-0.1820, 3.8474, 2.7739,-2.0256, 1.0497, 1.0845, 3.4137,-2.4284, 1.0552,-4.6009,-2.4254,-0.4077,-0.4848, 4.9878, 4.7205, 1.9234, 0.2537, 1.9927,-0.8314, 0.4195,-1.9802,-2.7223,-3.7214,-4.0290, 2.6723, 3.5835,-4.8877, 1.4475,-1.2846, 1.4301, 4.1440,-2.8041, 0.6115, 3.0847, 4.8174, 0.4208,-4.4440,-3.0718, 4.7544, 3.3069,-3.2265, 4.4565
 4.3333,-0.0334, 0.3987, 2.3481,-0.6060,-0.4624, 2.1200, 3.0105, 2.2498,-2.4347, 2.5615,-0.0645,-3.0061,-2.8818,-4.0338, 0.5420, 2.4957, 0.6678, 0.2556,-3.5261,-4.7883, 4.5907,-4.5401,-2.6029,-4.4892,-0.1309,-4.5883, 2.7517,-0.5708, 4.7454,-4.4455,-1.5352,-3.3337,-4.6891, 3.7130,-2.9372,-1.1336, 4.5724, 3.7315,-4.3771, 0.8225,-1.1210,-4.2239, 1.8483, 1.0608,-0.8342,-4.8124,-2.3811,-2.4672, 4.0121,-0.6148,-2.9478, 2.1052,-1.5743, 2.5792,-0.7340, 2.2482,-0.7051,-1.7235, 4.9069
-3.2685,-3.4996, 3.7380,-3.1181,-0.4623,-2.8427,-2.1681, 1.3392, 0.9859, 3.7977, 3.8568, 4.9084, 3.4777,-4.6553,-1.4478,-2.5639, 1.7094,-4.1040,-4.8501,-3.6106, 3.7375,-0.7107,-3.9617,-0.7825, 3.6108, 1.6673,-3.3781,-1.0211,-1.5707, 1.4026, 0.8685, 4.0677, 3.0318,-0.0913, 3.2415,-3.6223, 2.4315,-0.5824,-1.8854, 2.3365, 1.5157, 0.5607,-0.2245, 1.2954,-1.4674, 0.8291, 3.1647,-0.7257,-0.2839, 2.8043, 4.6101, 2.8319, 4.9684,-4.0555, 3.1606,-4.5724, 0.1891, 3.8484, 4.5871,-1.4471
 2.7667, 0.1837, 0.9527, 3.4004, 0.3560, 2.7117, 0.1152, 3.4369,-1.4794,-4.9920,-0.5048,-4.5745,-4.4036,-3.9706, 2.8550,-4.2537, 3.6097,-3.5777, 1.1117, 2.1174,-4.4692,-4.7286, 4.0801, 2.6984,-0.6741, 2.6540, 1.2729,-3.5594,-2.5154, 4.0585,-2.6683, 3.0706,-0.6136,-2.2412, 3.6773,-4.6554, 4.8887, 2.7645, 4.3865, 0.7130, 1.6606, 4.2042,-1.3960,-4.5334, 4.7599, 1.5795,-3.7370, 1.7940,-3.8562,-4.4019, 4.7462, 1.0972,-4.7255,-2.3952,-2.8694,-0.4704, 4.2239,-2.2383,-1.7066, 0.0230
 0.4946,-0.3736,-4.0805,-0.4043,-1.1346, 3.5258,-3.3499,-4.5759, 3.3615,-2.1737,-4.8534,-3.6140,-1.3106, 4.3472, 4.3289, 3.5563, 3.4456,-3.1062, 2.4160, 1.3048, 2.0891, 3.9875,-2.3397,-4.5017,-0.1332,-4.8163, 2.1120, 1.2035,-0.0830,-1.9988, 3.7006, 0.8569,-1.7689,-4.8445, 2.6725,-2.0680, 3.6103, 4.0779, 1.1982, 2.2902, 1.6965, 2.8089, 4.1450, 4.0654, 1.4751, 1.7204, 2.9742,-2.8174, 1.5522, 4.5918,-0.0870,-2.5227,-4.3172,-4.7275, 1.7365, 4.4057, 4.4841,-3.7755, 2.1264, 0.6897
-3.4607, 0.3892, 4.6297, 3.4611,-2.7817, 0.9982, 4.5026,-0.5721, 0.0972,-4.6297,-3.7684, 1.3231,-2.2495,-3.8134, 4.2162,-1.6070,-0.6782,-2.8191, 2.9400,-3.0693, 1.3105,-0.6350,-3.2528,-3.9401,-2.8068, 1.0811,-4.1270, 2.8056,-2.5481,-3.9562,-2.6462,-3.5780,-1.8759,-2.8114, 1.9138,-4.6660, 3.0688,-4.7301, 2.5484, 2.3285,-3.3494, 0.9412,-4.9494, 3.3634,-3.9648, 3.4584,-4.8443, 1.5061, 2.4949,-4.5804, 2.8147, 4.9343,-2.3967, 3.7252,-0.7672, 1.6316, 4.0694,-0.1318, 3.5818,-4.9734
 0.7329,-4.6869,-1.2263, 1.7964, 2.4952,-0.0072,-4.2026,-2.6137, 3.4027,-2.2556,-3.2027, 3.0362,-1.7223,-3.5834,-2.4922, 2.9941, 2.6607, 2.7428, 2.2016,-0.1977,-0.7187, 4.2333, 1.4703, 1.5536,-3.8343,-2.8255,-2.5952, 4.8866,-0.7886, 0.2073,-3.6266, 3.3556,-4.1762, 4.1972, 0.1985,-1.7239, 4.0139, 3.1759, 4.0081, 0.4077,-0.5981,-3.1887, 1.3542, 3.1568, 2.2479, 4.8821,-4.8164, 4.9561, 3.8714,-4.5888, 3.8708, 0.5627,-0.2826, 1.2498,-2.2890, 1.4607,-4.1627,-3.9657,-4.2481,-0.3390
 4.1143, 0.0225,-3.7840,-0.8534, 0.5137, 3.8233,-0.0058, 4.0321, 4.1972, 2.5289,-4.3963, 1.7945,-2.2649,-0.7040, 3.0037,-1.6949, 3.9810, 0.5425,-4.7249, 3.2398,-0.3737,-0.5037,-3.3777,-1.4742,-1.8995,-0.0355, 2.9064, 2.8248, 3.3482, 1.9532,-3.6617, 1.4843, 0.7075, 1.0711,-3.6050, 3.7167,-2.0595,-2.8264,-1.1478,-3.5862, 3.0423,-0.5420,-0.1203, 2.4458,-0.9158, 0.8819, 0.8843, 0.3307, 3.8204, 1.3787,-0.3419,-1.5717,-4.9928, 4.0281,-3.4012, 3.4860, 3.0239,-2.1361,-2.6777, 4.7939
 4.8277,-3.9708, 0.3557,-3.9219, 1.6296,-4.7102, 1.6250, 2.5646, 2.7659,-0.2653,-0.6733,-3.7855,-3.2436, 3.8932, 3.9671, 1.1346,-2.8892, 0.0656, 1.0425,-3.0392, 0.8489, 0.9495,-1.0248,-2.5528,-3.4832,-0.6515,-1.2090, 0.4087, 0.6425, 4.1491,-2.7944,-0.0030, 2.6675,-0.4110,-4.9371, 2.0749,-1.8928, 1.4265,-2.0697,-1.7131, 3.9482, 3.4373,-4.5852,-0.0563,-0.7007, 3.4376,-3.4870,-4.8640, 2.9762, 0.7747,-1.3165,-0.3847, 3.1013, 1.3899, 4.9054,-0.4905,-4.6054,-1.4309,-0.1386,-3.6518
-2.5058, 2.4223, 0.1781, 1.2829, 4.8007,-0.1195, 2.6852, 2.4144, 1.7216,-3.9929, 2.1549, 4.8085, 2.4722, 0.8790,-0.7092, 1.7466,-4.6419,-1.7506, 1.0167,-1.2358,-4.0940,-2.7580,-4.3137, 0.6013, 4.1579, 4.5572,-0.4862,-4.3768,-3.7844,-2.7973, 1.9128, 1.3855, 2.5297, 2.3138, 2.6838,-2.6946,-1.2787, 0.2650, 1.1735,-3.4987,-4.9825,-0.3542, 0.0209,-3.5506, 3.0630, 1.6077,-1.8549, 0.2649, 0.2846, 2.7141, 0.9852, 0.7823,-1.0994, 1.9554,-3.7638,-0.5864, 3.8821,-2.6138,-1.7627,-0.6206
-3.1439,-3.2091,-3.3779, 4.9786, 2.2055, 4.6183,-4.5800, 0.6850,-1.9155,-4.3018, 0.0929, 4.4685, 3.8476,-1.2919, 3.1854, 0.3655, 3.6766, 4.7953,-4.2284,-0.9140,-4.3864,-3.3561,-0.5099, 4.2710,-2.9161, 2.7137,-4.7549,-0.6601, 2.6648, 1.3322, 3.9330,-0.6934, 0.0930,-2.7505,-1.5114,-2.7475, 1.9277, 0.8754, 2.4135, 4.2834,-2.5155, 4.1617, 2.4926, 1.1511,-1.8155, 2.9898,-1.7103, 1.0967, 2.2571,-3.1584,-4.0633,-3.1883,-4.8655, 1.9903,-4.1919, 3.3088,-1.0047,-0.6698,-4.9920,-0.8575
-3.1552, 1.4045,-0.9041,-3.9043, 1.6654, 0.6656,-3.6336,-3.9424,-0.7688, 3.2761,-2.7255,-1.8469, 2.8721, 2.6053, 3.9812,-3.0543,-4.5807, 1.7510,-4.7555,-1.2559,-0.0666,-1.2202, 2.1735,-4.9399, 4.6318, 4.9965,-1.2242, 0.0397, 3.5774, 3.4194, 2.4110,-0.5652, 1.1595, 2.7602, 4.8195,-2.1275, 3.6495, 2.7928, 3.3030,-1.7895,-2.0939,-0.8038,-3.3724,-3.7684, 3.4080, 2.2400, 0.1756,-1.9245, 1.3259,-3.2542,-2.4463, 0.7557,-0.1844, 0.0550, 4.3766, 1.2644, 4.1342, 1.0852, 1.2083, 2.4725
-2.1228,-4.8379, 3.7923,-4.4446,-3.3495, 3.7011, 3.7845,-4.9779,-1.8253,-0.7570, 4.2980, 2.7178, 0.1797, 1.5213,-1.0697, 1.1611, 3.6127, 2.7005, 2.2491,-0.8248,-3.9513, 2.4858, 4.8806,-4.7651, 3.6139, 3.4834,-1.4638,-0.3590, 0.8073,-3.8971,-1.0493,-2.7630,-0.2608,-3.7609,-2.9240,-2.7208, 0.3881,-2.0499,-1.7823,-4.3346,-4.2406, 3.4800, 1.0142, 1.0776,-1.0368, 2.3423, 4.9191,-1.5438, 1.6789, 3.0243,-1.7946, 4.2044,-4.4956, 3.2451, 4.0543, 2.5358, 1.0235, 2.0215, 4.8253, 1.5707
 0.8732,-2.6766, 3.9836,-1.2142, 2.2683,-1.3051,-4.6252,-3.3193,-4.7776, 4.7765,-2.1915,-4.4870,-0.9893, 1.6957, 4.1781,-3.8502, 1.4922, 1.8705,-4.1710, 4.8627,-4.5793,-1.0693, 0.0732, 4.3274, 1.4270,-3.1774, 2.5695, 0.7791, 2.9100, 0.8957, 0.1756, 4.5939, 4.4420,-1.8131,-1.8640,-2.6327,-1.7203, 1.7917,-1.0675, 0.8348, 0.3430,-0.2390,-0.0841,-2.9521, 3.1992, 3.2053,-0.6332, 3.3547, 1.7707,-0.8597, 3.8127,-0.3978, 4.0850,-2.7904,-4.6789, 2.9853, 1.3817, 1.8491,-1.7185, 2.0531
 4.2209,-2.1225,-1.6645,-0.9927,-1.7717,-2.9823,-0.0255, 3.2652, 3.8564, 0.0249, 3.0620, 4.2448,-2.3249,-4.5191,-1.3788, 2.6457,-1.3133, 2.7329,-0.1646, 3.4390, 0.3847,-1.0113,-2.0244, 4.2837,-0.6640, 2.6980,-1.1563,-3.1533,-1.6516, 2.3574,-2.2196,-1.2049, 1.0815, 0.8346,-3.8329,-4.3226, 4.3061, 3.5395, 1.4335, 0.1050,-4.9497, 3.0091, 3.3213, 4.8536,-3.9934, 0.2614,-1.8422,-3.6964,-3.3737, 0.8638, 2.4758, 2.9929,-2.6565,-2.0011, 4.8027,-4.5228,-0.2572, 0.9105, 0.7951, 4.2889
