-2.9368, 3.0544,-2.8045,-0.7202,-0.5761, 3.9705,-4.0260, 3.0553,-4.4489,-4.5925,-2.4144,-0.3590,-4.0644,-1.6491, 3.4223,-0.7770, 2.7026,-3.9753, 2.9913, 4.3601,-2.1262,-3.8840, 4.5363, 3.6190, 4.6854,-3.0180, 0.1086,-0.6450,-4.1816, 3.1952,-2.6762, 4.7304,-2.2122, 1.0364, 1.9566, 0.2580, 1.5665,-3.3063,-4.9387,-4.7558,-0.3969,-0.0473,-0.0945,-3.8014,-2.4322, 4.3592, 2.9643,-1.5227, 3.3072,-0.3913, 3.4698,-1.9890,-1.0508,-1.3465,-0.0561,-1.9325,-4.6869,-0.4912, 0.9185,-2.4864
 2.5579,-1.8420, 0.7790, 0.1550,-4.4106,-4.8665, 2.4769, 4.8929,-0.2774,-1.6533, 0.9233, 4.9058,-3.9245,-4.0195,-0.5389,-1.9235,-4.2396,-4.9619,-0.9717,-3.5138, 2.9732,-2.1752,-2.7031, 2.2857,-1.1146,-4.0758, 0.9471,-1.9839,-3.6270,-1.3154,-4.8231, 0.7286,-1.9512,-2.4968,-3.8011,-4.3476, 4.6969, 1.6561,-3.5202, 2.2242, 4.2205, 1.9647,-3.3185, 3.9122,-4.6404, 1.7782,-3.6283, 1.1212,-1.1876, 3.2562, 4.3490, 1.0460,-2.2429, 3.2212, 0.8159, 2.5913,-1.4988,-2.3206,-2.1581,-1.8702
-2.0898, 4.9653,-0.0702,-2.4303,-0.5453,-2.5934, 0.5054, 3.9740, 4.3321, 3.5146,-0.5419, 2.4129, 1.1517,-3.7203, 2.6179,-2.4339,-0.9192, 2.2862, 4.8088, 4.3494, 2.5790, 3.4080, 2.7749,-3.4134,-3.1738,-3.6524, 4.5903,-3.0751,-0.8878,-4.5127,-3.2069,-0.0935,-2.1037, 3.8406,-2.2757,-1.7844,-0.8325, 4.7447, 2.7732,-1.8332,-4.9329, 4.0913,-1.9685, 4.1804,-3.4714, 2.0766,-2.0019,-3.2666,-1.1169,-1.8257,-4.6343,-3.5667,-4.5358,-4.5901,-3.9365, 3.0337, 2.8080,-1.5372, 3.6962, 0.0312
 2.1811, 1.4759, 0.7431, 4.9841,-2.3954, 4.1172,-0.5285, 1.4595,-3.3026, 0.1996,-2.1141, 0.4696,-2.4217,-4.7723,-0.2238,-1.0951, 1.7495,-1.4226,-4.0656, 3.6207,-2.3600, 2.9756,-4.0160,-4.1484, 4.6734, 3.8379,-2.9126,-2.8205,-2.8913,-3.7275,-4.4878,-4.1774, 0.8013, 3.1749, 3.3175, 2.1738, 0.2281, 2.9931,-0.0327, 3.4501,-2.6930, 3.6090, 2.7333,-0.4094,-1.9728, 3.6437, 3.2420,-3.1612,-3.8172,-1.9141,-3.3424, 4.4487, 2.9208,-2.8716, 2.3899, 4.3877, 4.4571,-1.1341, 1.7422,-4.8202
-3.9208,-4.3211, 2.7233, 2.8864,-4.0406, 4.1044, 1.0107,-0.5511, 2.0304,-0.5967,-0.2607, 0.3823, 1.6995,-0.3430,-0.8048,-2.6023,-0.7468, 1.2614, 1.1544,-1.0961, 1.8054,-1.7778,-1.7252, 4.3475,-2.5945,-0.5827,-3.5320, 0.0007, 4.0077,-3.0780, 3.2448, 4.0011,-4.6150,-4.3591,-3.3100,-1.1464,-2.7093,-4.1470, 2.7676, 4.3160,-2.6662,-4.7417,-1.6728, 1.9694,-1.5731,-1.3365, 0.3249, 2.1557, 0.6436, 2.7025,-3.1819, 2.0750,-4.3552,-0.4889, 4.7032, 0.1904, 1.1976,-1.6685,-3.6237, 2.3850
-1.6618,-1.2470, 4.4313, 4.9090,-4.9767, 1.4650,-3.5524, 1.4139,-3.7939,-2.5047, 4.8919,-4.4830, 0.4209, 2.0086, 4.8776,-1.2224,-4.5493, 3.0987, 4.8374, 3.2036, 1.8213,-4.3301, 2.6408, 3.9079, 1.5308,-1.2117, 1.1518,-1.0385, 0.4617,-0.2289,-4.5837, 2.0225,-0.7521,-0.3194,-1.1280, 4.4353, 3.3565, 3.0520,-2.1020, 1.1816,-0.1622,-0.6365, 2.9365, 2.7893,-2.2136, 3.3752,-4.1921, 1.2904, 0.3279,-0.5518, 4.8036, 4.4936, 3.1553, 4.4894,-2.9464, 3.6515, 2.0215, 2.0592, 0.2395,-4.7749
 3.0749,-4.3720,-3.5792,-2.6170,-1.5080,-4.9983, 2.1584, 1.5005,-2.7269,-0.5966, 1.7481, 4.7802, 1.9535, 4.4267, 2.4833, 1.8186,-1.5271,-0.4005, 3.5189, 3.0598, 2.3463, 1.0519,-3.3545, 2.7616,-1.4053, 0.6838,-4.7697, 3.8686,-0.3925, 1.1213, 0.0348,-1.1802, 0.9428, 2.9894, 0.1684,-1.8755, 1.2685,-2.2889, 0.9294, 3.7009, 1.9170, 3.8994,-0.8079,-0.0275, 1.8301, 2.6935,-1.5748, 4.0272, 1.5041,-2.1205,-4.1559, 2.9848,-0.0637, 0.4235,-0.7574, 2.0232,-2.1170, 0.8249,-2.9348, 2.4658
-1.3227,-3.4472, 2.1381, 2.4698, 2.5102, 2.3510,-3.0119, 0.6296, 3.4152,-0.0093, 4.7402, 2.5078, 3.8377, 0.5914,-1.7352, 1.3065,-3.8202, 2.7277,-1.8269,-2.4256, 0.5273, 0.3366,-2.7751, 2.4861, 4.5190,-0.1379,-1.6079,-0.1894, 2.6072, 3.1633, 1.0536,-2.5581,-1.5180,-0.3785, 0.6072,-2.5250,-1.3996, 3.0955, 0.7081, 4.1419, 4.1323,-3.0938,-1.9047, 1.2540,-0.9477, 2.9942,-0.1893, 4.0787, 2.8012,-3.6395,-3.6781,-4.2288,-3.9581,-2.4848, 2.1861, 1.6555,-0.9136,-0.2453,-4.5050,-1.2573
 3.6171, 2.1733, 0.7376,-3.4309, 3.7918, 1.9000, 0.4095, 1.0284,-2.5431, 1.0327, 3.3521, 4.0759, 2.5093, 3.9484, 1.2462,-4.0987, 0.2928, 1.7271,-2.3728, 2.1764,-3.4622,-1.3448,-0.7767,-2.5529,-2.2943, 0.3846,-4.4028, 3.8653, 4.0245,-3.7298, 1.7275, 2.9145, 4.6967,-4.2405, 0.7594,-0.0031,-1.3143, 3.4026,-4.4971,-4.9537, 3.0716, 4.1054, 4.9592, 1.4613,-1.2749,-1.5472, 2.3727, 3.5514,-1.3990, 1.8818, 4.1527, 0.3755,-4.3852, 2.9761,-0.7930, 4.5352, 0.7273,-0.8501,-1.4733,-3.4782
-0.0254,-2.1768,-1.7429, 1.2783, 0.9813, 0.0765,-2.9770, 0.1510, 2.8864, 3.2032,-0.0139, 1.9318, 3.7944, 4.5029,-4.9134,-1.4014,-1.2914,-0.1123,-1.0907, 2.5421,-0.0121,-3.3895, 2.1941,-4.0671, 2.7810,-3.4869, 0.2279, 0.2149, 2.1982,-0.5905, 1.9238,-0.6834, 1.0788, 4.1975, 1.5437,-1.7554,-3.8181,-0.6283,-1.7637,-1.3692, 0.6026, 1.7178,-0.0982, 1.6531,-1.2176, 2.0162, 1.6753, 4.4934, 4.9592, 0.4578,-1.8956,-1.0743,-4.1946, 0.6372, 1.1185,-4.6750,-3.3720,-2.8352,-1.6226,-1.3086
-0.9744,-3.3913, 0.8409, 3.3192,-4.8302, 3.6147,-4.6506, 2.8943,-0.0772,-1.0172,-3.2681, 2.1985, 0.3540, 4.4127, 3.6160,-0.1294, 1.2632, 3.9862,-0.1145, 2.3563, 4.9281, 0.7930,-1.3043,-4.9054,-2.2887,-2.1614,-0.5095,-4.6313,-1.5748,-1.0886,-1.7297,-0.9499,-4.6753,-2.0573,-1.5943,-0.3029, 2.1309, 3.6338,-0.4521, 4.9148, 2.0170,-3.9850, 1.0940, 0.3721, 1.4582, 4.7694, 3.4182,-2.8158,-0.0031, 2.4869, 3.3672,-2.5073, 4.8014, 1.0649,-3.2431, 1.0336, 4.9338,-2.4959,-3.9983, 2.8736
 3.2880, 1.0564, 4.7868, 0.5526,-0.4484,-2.6041, 1.3500,-3.7861, 1.7935, 0.8895, 0.2623,-2.0910, 4.1608, 3.7974,-0.7763,-0.6358,-2.8833,-2.2416, 4.0184,-0.1263, 0.4697, 0.9676, 3.3350,-3.8159,-2.6972,-3.6117, 4.3993, 4.5884,-0.1680,-4.4120, 4.1588,-1.4214,-1.0168, 2.4521, 3.9279,-0.6864,-0.1451, 0.4242,-3.2604, 0.3538, 2.5495,-1.5581, 1.0922,-3.5738, 0.5648,-2.6771,-1.2530, 4.6140,-2.4636,-1.3730,-3.8408, 0.0601, 0.6418, 2.8311,-1.8198,-2.4528,-3.5661,-1.6848,-4.6016, 0.8075
-4.2029,-2.3175,-2.3334,-4.0356,-0.0952,-0.4026, 2.9047,-1.5229, 1.9507, 1.8824, 4.5885,-2.5859,-4.6543, 1.1664, 1.9771, 4.9399, 3.4339, 4.3113,-1.4952, 0.9890,-3.5010,-4.7319, 1.7152,-1.6190, 0.0550, 0.3393,-1.6015, 2.6030, 4.3465,-2.8988, 3.2887,-4.7329,-2.8429, 1.7139, 1.7375,-4.6324,-4.9232, 1.0950, 4.1679, 0.4542, 0.4260,-4.7575, 3.5866,-1.4784,-0.1469,-4.0626,-1.0921,-4.5731, 4.2274, 4.3562,-4.1433,-0.9920, 1.4088,-2.5367,-2.7248,-0.3284, 4.6804,-4.8939,-3.2700,-2.5135
 3.8162,-1.6912, 1.2200,-2.8453, 4.5463,-2.4486,-1.0009,-4.2492,-2.3543, 0.0829, 3.9004,-1.2479, 3.6937, 3.8312, 2.5289, 0.9739, 3.1260, 2.1705, 3.0770, 1.9991,-1.3151,-0.7876,-4.5139,-2.1958, 1.3242, 0.0238, 0.1852,-1.2070,-0.8877, 0.8930, 4.7333, 4.0994,-2.9757, 2.3935,-2.4356, 3.3861, 0.1759, 4.2306,-4.0863, 4.3590, 0.6868, 2.2960,-1.6693, 2.8978, 3.2325, 4.0167, 3.7864, 2.6794, 1.8695,-1.9528,-0.9278, 0.8362,-4.0528, 3.8593,-1.3693, 1.2834,-2.3459, 3.1511,-2.5301,-2.2263
-4.7565,-4.4869,-4.8769, 4.9261, 1.1507,-3.8191, 0.4115,-1.0364, 0.3509,-1.2252, 3.6679, 2.6037, 2.4336,-1.0002,-3.4379,-3.4044, 0.5474,-2.1501,-0.5681,-1.0056,-4.8690,-1.8169,-0.9150, 0.7422,-1.3860, 4.6923,-0.4132,-4.4494, 1.1592,-4.2016, 4.0046,-0.4002,-3.5075, 3.0133, 4.7155,-2.0899, 3.8386, 4.9216, 1.3621,-4.8131, 3.6306,-3.7497,-3.7834,-2.3874, 4.0179, 1.5077, 4.6875, 2.2855,-0.7641, 0.0744, 0.6961,-4.8897, 4.6981, 3.1197, 4.7826,-4.9322,-2.3075, 4.0576,-4.4330,-4.4159
-3.0822, 3.3375,-3.4128, 0.9096,-4.0973, 4.8790, 0.7780, 3.4545,-4.4221, 2.2941,-2.7267, 1.4233, 1.1359,-3.0301, 0.3464, 1.9197,-4.1211,-4.0135,-1.9104,-4.7872, 2.2664,-3.3348, 2.1396,-1.3800, 3.4525, 0.6147,-1.2233,-3.7157,-4.0164,-4.8113,-2.6394, 4.0595, 4.4362,-2.6535, 2.6303,-1.8599, 0.6336,-0.0544, 1.0517, 2.6028,-3.5980, 3.8259,-0.0708, 4.8476,-2.3161, 1.1457,-1.8084, 1.0993,-0.3711, 4.2871,-0.1757,-3.9978, 4.2716, 0.9956,-2.1010, 4.3965, 2.3282, 3.5883,-2.8404, 3.2920
 0.5558, 1.3701,-4.5724,-1.4632, 4.2728, 0.6512, 2.8850, 1.8275,-0.1697, 2.4562, 2.1415,-1.7377, 1.5012,-1.8613, 2.8018,-1.7686,-4.5161, 1.0920,-0.6981, 2.4752, 0.1925, 0.2706, 0.2128, 2.2621,-1.8830,-3.0003, 2.0412,-0.7804, 4.3886,-0.2337,-1.6102, 3.8650, 3.5591, 4.4130,-1.1417,-4.6129, 0.0854,-2.8928,-2.9859,-0.0470, 4.7494,-1.0146, 4.7618, 3.2817, 1.3471,-3.6561, 4.4413,-1.7501, 2.3309, 2.7169,-4.8347, 2.0884,-1.2876, 3.2483, 0.8996, 3.3341, 3.8269,-0.6525,-0.4873,-4.0149
-2.6743, 1.8875, 3.0922,-4.7918, 1.0087,-0.3853,-3.1537,-4.6768,-3.5036, 4.1096,-2.7479, 3.0619, 2.8064, 4.7918, 0.8394, 2.7456, 0.8733, 1.2203,-0.2418,-4.9532,-0.9983,-3.2935,-0.5727,-0.0358,-3.6456,-3.9781,-4.2208, 1.4335, 3.9413, 2.7386,-1.4843, 1.4964,-1.1654,-4.1966, 3.0080, 1.4103, 2.2227,-1.9789,-0.5872, 0.2648, 1.4316, 4.2038,-2.2920,-3.5259, 0.0164,-4.0525,-1.6312,-2.2753, 4.3871, 3.2474, 3.0289,-2.0569, 2.1505, 0.8241,-1.2243,-2.3183,-3.0965, 2.5045, 3.5364,-4.8257
 4.4633,-1.5170, 4.1671, 3.3698, 4.0428,-4.0973, 2.7190, 4.8485, 3.9891,-3.2457,-4.7519, 1.5280,-4.4964, 3.1276,-3.1693,-2.5915,-0.7791, 4.6852,-1.3221,-2.0129,-2.9232, 4.9984,-0.7968,-4.0501,-1.0032,-1.0762, 0.4253,-4.7972, 0.6027, 1.7829, 4.5473, 2.8409, 1.9475,-0.9177, 1.9891, 2.7510,-1.2227, 1.5981, 3.8661,-3.6784, 1.1628,-2.1076,-4.5285,-0.8672, 4.6543, 3.1179, 2.4521, 0.7210,-1.0402,-1.2261, 2.0312, 0.0262,-1.6533, 0.2385,-4.7914, 2.2892, 2.8589,-2.9095, 3.2322, 3.6507
-2.6388, 4.9798, 2.8044, 2.9428, 2.6482,-4.5203,-2.1099, 2.7763, 2.9370,-1.2161,-0.6391,-4.7373, 3.4964, 2.0399, 1.7761, 4.2737, 4.0567, 1.7121,-1.9716,-4.9727,-0.1993,-3.1026,-4.0174, 4.5613, 4.2812, 4.7874, 0.7898,-3.6809,-0.0477,-4.9250,-4.2473, 0.9777,-3.8248, 4.8525, 1.4361,-4.2432, 2.9126, 4.6870,-3.4117, 0.2498,-0.7561,-3.3198,-0.9848,-4.1118,-0.6977, 2.9402, 4.7796, 4.8716,-3.6662,-1.9551,-1.7500,-3.5587, 4.5750, 2.1852,-3.2347, 3.1395, 2.3370, 4.6014,-3.3703,-4.7995
 4.6046,-4.9095, 2.4191,-4.3565, 4.3718, 4.4731,-1.7113,-1.5644, 1.5882, 3.0946, 1.2848, 1.2497,-3.2597, 1.8548, 0.0658,-4.8781, 0.2683, 4.5080,-2.6152, 4.9920, 2.2632, 1.4518,-0.0087, 1.0660,-0.5458, 1.9777, 1.7095, 0.7329, 2.1210, 0.1652,-4.3754,-1.3743,-0.9838,-3.1228,-3.0752, 3.2594,-1.7745,-1.4194, 0.3508, 3.4616,-0.7078,-2.5926,-1.9582,-4.5761,-4.4237, 1.8294, 0.9644,-4.4432,-1.7880, 0.5659, 4.1867, 3.3321, 0.8240,-3.9401,-3.2570, 2.5409,-2.3139,-4.9965, 4.3357,-1.5005
 4.1018,-1.8242, 3.8405, 0.6400, 4.2281, 3.6201, 2.3940, 2.0176,-4.4846,-1.9866,-0.3831,-3.1719, 0.5696,-3.9299,-3.6122,-4.7530, 0.6175, 4.2330, 0.6644,-4.4038,-3.6252, 4.5447,-0.7509, 3.0826, 3.4502, 3.2186, 0.0311,-4.9465, 2.7570, 0.6895, 3.0866,-2.7628, 0.1401, 2.4970, 0.7235, 3.6486, 3.6245, 1.3384, 0.9919,-2.2432,-1.4290, 3.9931,-2.0290,-2.3990,-1.4633,-4.5203,-4.5405, 4.8167, 1.5551, 2.4845,-2.7964, 4.8954,-0.3521, 4.0845,-0.4128, 4.4586,-2.9966,-4.9103, 2.1309, 3.5002
-2.2532, 3.1622,-4.2100,-3.1329, 1.5030, 2.2582, 4.3510, 2.9777, 3.5997,-0.1525,-3.3867, 2.4627,-1.6711,-3.0131,-0.5298,-1.6748, 0.0086,-2.5598, 1.4330,-3.1798, 2.5676,-2.9822, 2.6131,-1.5628,-3.8659,-3.1028,-0.6916,-2.8950,-0.1514,-0.1810,-4.1128,-4.1863, 4.1663, 0.3503, 2.0558,-4.3892,-1.2316,-0.3038, 0.2441, 1.6099, 0.9518, 3.0128, 1.6795,-2.5183,-4.3734, 2.7986, 2.8222, 3.8740,-3.4150, 1.7025,-0.9798,-0.0619,-3.6365, 1.0682,-2.1174,-0.3710,-1.7909,-4.0335,-0.7697, 1.4000
-4.3417,-0.6377,-0.3176,-0.4359,-2.0080,-3.9688,-4.8298, 1.4907,-4.0878,-2.5792,-0.4722, 2.1714,-3.7752, 2.1769,-3.4394,-1.1550, 3.2365,-4.5923,-2.1437,-2.3703,-2.8409,-0.3020,-1.2416, 0.1125, 4.7816, 4.8878,-1.7587,-4.2135,-1.8368, 0.2327,-3.8414, 4.2096, 0.5000, 1.3229,-3.0627,-3.4035, 0.2618,-1.7501,-3.8255,-0.9079,-0.1878,-1.4798,-2.2046,-2.8492, 0.4505,-3.2393, 4.3866,-2.6396,-1.6567,-4.4917,-2.9920, 0.0308,-3.1951,-1.9305,-4.5531,-0.3254, 0.9125,-1.1695, 0.6042,-3.7372
 0.3874,-2.7265,-0.2848,-3.8850,-4.3927,-3.7315,-2.3549, 3.0302,-2.6055, 1.8103, 4.2872, 2.1818,-2.5294,-2.4943,-1.4502,-1.8603,-2.0285,-0.7185,-1.0114, 0.1023,-1.9552,-4.4853, 2.6550,-3.1216,-0.8633,-0.0169, 3.3384,-0.9359,-1.1435, 3.0064,-3.2935, 3.1636,-0.6679,-1.6257, 3.3540, 1.3438, 4.8593,-3.4295, 1.7790,-4.7221,-4.7717, 2.1093,-0.0825, 2.1446, 2.8876, 1.6868, 4.6210,-0.2385, 2.2659,-4.9210, 4.3751, 3.3061,-1.6708,-4.5578, 3.2647,-2.4140, 0.5571, 2.0572,-1.7299,-4.8688
 4.7879,-3.2058,-4.9859, 0.0878,-1.4302,-0.4576,-0.9831, 2.7788, 1.2959,-1.5799,-1.9777, 2.2217,-1.9009, 4.2757,-1.8717, 4.4114,-2.5200,-1.1713, 0.7022, 4.7524,-2.0329, 2.6289,-3.2409, 4.8716, 1.2187, 4.4201, 3.7071,-1.1529, 2.4989, 2.5720, 2.2376,-1.5282, 1.2095,-3.5643, 0.0457, 3.4506,-2.6648,-4.5826,-1.9170, 4.0316,-4.8367, 2.7455, 1.8156,-1.5466, 2.7719, 3.4832, 2.0866, 1.8025,-2.5565, 4.0592,-4.6293,-3.8013,-1.0353,-2.1289, 0.1269,-3.4200, 4.8547,-2.8224,-0.3773, 4.9041
 1.6334, 2.0833, 1.3420, 1.6743,-4.2872, 0.9592, 0.1899,-0.4689, 0.4681, 4.3108, 1.9706, 4.6828,-3.7140,-1.4458,-3.3791,-3.5014, 3.4153,-3.6349, 1.6984,-2.9632,-4.4974, 1.5729, 1.3428,-3.6837, 4.0697,-4.5892,-3.1558,-4.2633,-2.3882,-4.5609, 0.3692,-0.4312, 0.8536,-4.6570,-1.4866, 3.7318, 4.6004,-1.4220, 0.8774, 0.6415,-3.6213, 4.6548, 2.0402, 1.8501, 1.9002,-3.7786, 3.4248,-0.2633,-3.8731,-2.6531,-0.4370,-0.0329, 3.3559, 1.3957,-2.1221, 3.1961, 4.8985,-3.9831,-1.7934,-2.9240
 2.6126,-1.6485, 2.5721,-4.4104, 2.6242,-1.1001,-3.6825,-2.2669, 0.3498,-1.3004, 2.1967,-1.1179, 2.1141, 0.2029,-3.0437, 0.4794, 4.5497,-0.3760,-0.7166,-0.8112, 3.4999, 0.5025, 0.1726,-3.0953, 2.7208, 1.5384,-0.1836, 2.7604,-0.5766,-3.8764,-1.1365, 3.5291,-1.7060,-1.8508, 3.6540, 1.2274, 0.3269, 3.9264,-0.7373, 2.1500, 2.8844,-2.0214, 4.9489,-3.7807, 4.3409, 4.7562, 0.0056, 1.7756,-2.3955,-0.7529,-0.2985,-2.7495, 1.3069, 3.5943, 1.1919, 4.7742, 4.2808,-2.2075,-0.9083,-2.1811
-1.4511,-2.2755,-1.8065, 4.6670, 0.4261,-4.0876,-4.3288,-0.3603,-4.0725,-4.8402, 0.2373,-1.1891,-4.9883, 4.1523, 4.4857,-3.0999,-1.8015,-4.8578, 0.7840,-3.8685, 0.3347, 0.2716, 2.5218, 1.4174, 4.7752, 2.9619, 0.7401, 2.4201, 3.8750, 0.2909, 0.5923, 3.9799, 2.5219,-1.9644, 1.1953,-3.5079, 3.0604,-3.6824,-2.1135, 1.1702,-1.0162,-1.5525,-1.9911, 2.2753,-2.0406,-1.5541,-0.2533, 2.5577,-1.7033,-2.1334, 3.1980, 4.8210,-0.8424, 3.2834,-2.5553,-0.5870,-4.7092,-3.5709,-1.4728, 0.5834
