-3.9281,-4.8073,-0.6663, 4.9724, 1.6891,-0.6483,-3.0925,-1.6569,-0.7959,-2.5208,-1.0213,-1.3254, 1.9812, 4.9063,-1.4063, 0.9208, 0.8951, 0.4785, 2.3871,-1.3510, 2.8247,-4.4652, 3.6744,-0.1824,-0.9928,-2.6862, 3.2033, 1.6627, 4.5322, 2.5506, 2.3230,-3.1620, 2.0685, 0.3623,-2.1726, 1.0979, 2.8081,-2.3536,-3.9098, 2.1453, 2.9203,-3.2554,-2.3042, 2.2334,-1.6734,-2.7686,-3.8561,-1.0384,-3.5137,-1.6098,-1.9514,-3.1261,-3.9846, 1.7569,-3.4514, 0.4286, 2.7528,-1.6272,-1.9529, 1.4737
 1.2921, 3.7484, 4.3175,-4.1843,-3.6836,-1.2185,-4.4766,-4.7111, 2.3769, 4.6559,-3.8298, 3.7081, 0.9652, 3.2143,-2.3709,-1.7620, 1.3472, 4.8918,-3.3148, 4.8567, 2.7561,-1.2326, 0.8414, 0.6446,-4.9447,-4.7206, 1.3956, 0.8283,-2.7419, 4.2804,-0.6917,-4.7253, 0.2991,-1.8497,-0.8131,-3.6199, 1.3252,-3.1494,-3.1292,-2.3036, 2.5882, 3.9842, 1.2438,-4.6200,-1.2884,-4.2407, 3.0362, 4.7869,-1.0749, 0.9712,-0.5425,-4.0229,-3.5749,-4.3798,-2.8868,-3.1357,-4.5424, 3.6604,-4.6767, 2.3928
-1.1352, 4.3399,-3.4856,-1.7886,-4.9903, 2.5188, 4.9502,-0.3344, 2.3341, 2.5561,-2.9269,-1.6779,-4.0069, 1.1077, 3.5802,-3.2615, 1.0526,-4.3307,-3.5991, 3.0597,-3.4004,-2.4749,-0.5179,-0.3862,-4.2260,-3.0641,-3.2524, 4.5191,-3.1549, 1.5261, 3.6639,-4.0289, 2.8022,-1.3621, 0.3209, 1.7355, 1.2337, 3.8847,-1.3647, 4.3515,-1.5902, 0.8522,-2.5731,-3.1899, 2.1549, 0.3216,-4.0989, 0.5687,-0.7336, 0.0365, 3.7753, 0.9625, 1.5542, 0.4982, 0.7130, 2.2966,-3.2966, 1.6429,-1.5867,-0.4199
-2.6313,-2.7246,-1.4220, 0.2626,-3.1120,-3.4712, 1.2970, 4.2288,-1.9383,-0.1481, 3.7589, 3.5306,-1.6433, 2.9355, 3.6718,-2.7118,-4.2548,-3.9434, 3.3705, 2.3768,-0.3167,-3.2135, 4.6192,-1.1464, 4.7979, 4.0575, 2.0587, 3.9745, 3.0117,-0.0077,-4.4120,-3.6454, 2.4675, 1.6019,-3.3049, 4.0305,-0.6413, 3.0878, 1.0002, 0.9126,-0.3349,-0.8229,-2.6040, 2.5526, 2.8882,-1.2034,-0.7572, 2.7251,-0.3604,-3.3243,-2.2054,-2.3227,-2.8093, 3.2690,-4.8587, 4.3082,-4.4685, 4.7692, 0.8632, 2.5033
-0.2019, 4.2778,-1.4064,-0.6933,-1.0984,-0.2194,-4.8425, 2.1272, 3.5688, 0.9664,-1.5116, 0.7263, 2.5820,-0.6363,-2.2548,-1.2872,-3.6795,-1.1285,-0.6541, 2.1563,-0.5191,-3.5743, 1.8138,-0.5893, 1.3423,-0.3104, 3.5538,-1.4667, 3.8004, 4.3130,-3.4193,-4.1250,-4.9274,-0.6085, 4.4747,-4.9443, 3.5080,-2.1135, 0.1143,-1.9215,-1.6425, 3.8593, 3.0179,-0.9153, 3.9794,-4.3489, 4.1851,-0.1033, 4.0092,-0.8261,-3.9282, 2.9213, 0.7065,-0.5276, 2.0774,-2.0518,-1.5188, 3.8529,-0.7557, 2.4842
 1.1010,-4.6511, 4.1806,-3.0909,-0.2798, 1.4033,-1.2222,-0.7085, 1.3000, 4.3381,-2.5687,-3.1181,-1.1335, 1.5801,-4.4990, 4.7074,-2.4566,-1.0624,-0.3975,-2.2419, 4.7288,-3.1810,-0.9637, 4.0309, 1.1290,-0.2051, 0.8324,-0.5306,-1.9410, 3.9373,-0.8038,-2.4186,-3.9647,-1.1512, 2.3693, 2.9272, 1.8234,-1.4216, 1.1784,-0.3237,-2.4324, 1.2575, 2.1538, 0.2692, 4.3734,-4.1901,-4.3593, 3.8422,-2.8372, 0.4804,-0.0203,-3.1116, 3.8310,-3.7397, 2.3791,-1.7760,-1.0377, 1.6564, 0.4854, 1.1304
 0.4303, 2.3562,-3.8196,-0.2051,-2.9445, 1.4530,-4.6780,-1.6868, 0.6439, 1.4188,-0.4740,-4.7328,-2.4886, 3.3207, 1.5645, 1.3841,-3.9071,-3.8141,-1.9283, 4.4487, 2.7858,-1.7360, 4.3927, 2.8810, 0.3445, 2.0481,-4.3362, 1.5846,-0.7449, 1.4039, 3.7169,-0.4534,-1.2097, 1.6826,-3.4640,-3.4997,-4.0103, 3.2227,-3.7769, 0.2751,-3.3164,-3.5802,-4.5236, 4.0009,-1.7862,-4.0605,-1.3713,-0.9468, 0.7705, 0.0952,-1.2303,-2.8322, 0.1239,-0.4833,-0.5192,-0.9538, 3.5547, 0.8495, 0.1073,-4.8681
 3.9761,-3.4634,-0.0473, 2.2556, 1.6515,-3.8290, 3.4544,-3.4694,-4.5888,-2.0319, 4.4707,-1.9546, 4.6951,-3.2982, 1.2557, 2.9564, 0.0868,-4.4871, 4.9404,-1.3048, 4.7803, 1.3763,-1.3574,-4.5214, 1.1044,-3.2899, 1.7981, 3.1935,-0.1760,-1.0661,-1.7518, 2.0637, 4.6987, 4.6885, 0.0364, 2.5381, 0.0698, 1.8130,-0.9976, 3.8952,-3.3189, 1.8447, 2.3704,-4.7187, 2.0208,-3.7683,-3.0728,-0.8530, 2.7745, 4.6323, 1.4201,-0.2390, 4.9874,-0.1986, 2.6838,-0.5124,-1.7549, 1.3673, 3.9566,-4.7060
 3.6181, 2.4748, 3.3284, 0.3611, 2.8436,-1.6316,-1.3914,-0.8588, 4.9479,-0.9316, 3.8090,-3.8731, 4.6171,-3.1070, 4.7418,-3.0813,-1.4168,-0.4303, 4.1761,-0.0449, 4.7702, 4.2081,-0.7887, 0.6948,-4.2245,-4.0690,-4.9804, 2.5862, 3.8094, 4.1040,-4.7766,-0.1070,-3.2356, 4.1062, 3.1830, 1.8881, 0.7859, 4.8166, 0.8309, 2.3157, 2.5484, 1.8394, 0.1440,-3.5342, 2.3568, 2.4980, 2.9001, 0.0576,-3.7119, 2.7046,-2.4187, 3.0845, 1.8955,-1.6704,-2.7711,-3.9902, 1.8791, 4.3992,-4.1885, 0.7744
 1.6056,-1.1923, 1.6771,-2.0918,-1.0230,-0.6841,-1.0910,-1.2180,-0.0072, 0.9165, 0.1961,-1.6792, 2.3472,-3.4233,-2.3879,-4.6625,-2.5372,-1.5384,-2.8095,-0.2308, 1.1553,-4.8328, 2.7372,-2.6819, 4.5620,-1.2826, 0.8278, 4.9681, 1.5089, 0.1274, 1.8310, 0.4890, 4.0333,-3.2290,-2.1780, 1.8561, 4.0659, 3.5593,-3.3900,-4.3806,-3.0545,-1.8989,-2.2118, 3.0335,-1.4852,-4.9106, 2.5851,-1.0123, 1.4444,-0.5938, 1.5256,-0.0226,-3.5183, 2.0474, 1.8633,-4.5352,-3.6184, 2.4468, 3.3396,-1.3196
-3.5066, 0.0130, 0.4321,-0.4779, 3.6776,-0.2184, 0.1639,-1.4879, 1.8890,-4.3348,-1.7269,-4.1693, 3.0585,-3.9006,-1.3150, 0.4864, 3.1120, 0.2782,-2.1447,-2.4325,-2.5544,-4.8471,-1.4873,-1.2385,-3.7353,-3.2590,-3.8265,-4.6669,-3.0847,-4.3971, 2.4511, 3.4920,-4.1968,-1.4952, 2.7952, 1.3581,-0.2035, 0.6193,-0.8976,-1.4557, 4.9928,-1.1500,-0.6020, 1.2871,-4.2780, 4.1769,-4.9821, 4.5142, 2.9132,-3.2692,-3.8031, 3.8244, 2.7560, 3.9864, 2.2472,-2.2307,-2.3578, 0.0628,-3.1906, 3.6853
 0.1086,-1.8746, 4.4982,-2.5956, 2.5544,-2.1214, 1.4251, 1.3219, 0.5319,-1.1784,-4.9538, 2.2547, 0.8043,-2.6881,-2.2949, 3.3706,-4.3768,-3.1106,-4.0973,-0.7058, 1.0571,-3.1648, 4.0749,-1.8379,-0.1736,-0.7816,-4.3469, 4.4684,-1.5880,-4.4872, 1.8478, 0.8857,-0.6710, 1.2227,-4.5207,-2.7071,-0.2344,-1.6915, 0.8928, 4.2716,-0.0253, 3.1046,-0.5719,-1.2922, 1.8883,-2.7793, 1.4670,-0.3510,-3.2290, 1.3633,-4.8433, 0.4632,-2.4783,-4.6787,-1.0960,-1.0744,-1.3710, 2.8423,-1.8232, 4.7163
 4.1830,-2.7946,-0.9380, 3.2047, 0.4277,-2.3739, 3.7108, 1.9982,-1.7458, 1.5410,-2.1031, 1.9046,-3.1379, 4.0087, 1.8621,-4.4415, 4.1145,-4.8481, 2.8163,-2.5474, 2.5899, 1.7501, 1.7135, 1.8852,-3.6813, 3.5699,-4.0791,-1.2834, 0.7916, 0.6812, 4.2581, 4.3312,-0.3088, 0.7064, 3.9200,-4.3574,-0.3570, 4.1214,-0.1756, 3.0993, 2.6004, 1.2442, 3.8156,-4.1982, 1.0954,-2.0994, 3.4250,-0.6240, 4.5523, 0.8122,-4.5407,-1.5030,-3.5065,-0.2674, 1.7944, 0.6260,-4.6574,-3.1698,-0.7252, 4.9107
-3.2459,-0.8094, 3.1449, 4.4621,-0.5027, 1.9849,-0.3292, 1.6670, 3.8588,-0.6715, 0.4684,-4.5339, 0.5196, 4.3150, 2.5382, 1.2373, 3.1838,-2.3318, 1.8308, 3.9539, 1.7009, 3.7601,-0.0595, 1.7978, 3.3375,-3.3119, 4.4342,-3.0617, 3.6513, 2.5918,-0.0019, 4.3252, 2.6929,-2.8131, 3.4982,-4.4117,-0.7333,-0.2156,-4.3746,-1.9507,-1.8346,-2.2505,-2.4735, 4.7209,-3.1653,-3.7036, 1.0465,-1.0200, 4.8768,-3.5005, 0.2030,-2.2859,-1.9453,-0.1412,-1.6094,-3.4994, 3.0343,-2.5670,-1.4740,-0.4373
 2.1093,-4.5285,-3.5866, 2.2499, 3.2676,-4.7999, 1.3997,-1.4374, 2.3343,-1.3843,-1.0595,-2.0263,-0.3482, 2.6950,-0.4593,-0.3223,-0.0319,-0.6418, 2.9233, 0.2998, 3.1023, 2.7295,-0.0898,-0.4665, 0.1006,-2.3981, 0.9776,-2.6783,-4.4854, 4.2501,-2.4302, 2.6883, 0.4074,-4.9518, 1.6031, 1.3788, 4.5087,-0.8620, 4.3355, 4.0890,-3.9479,-3.3353, 2.0499,-2.3306, 3.2495,-1.5076,-3.9633, 2.9806,-4.9332, 3.6019, 3.0867, 3.9442, 3.4358, 2.8037,-4.3922, 2.0855,-3.3169,-4.9235,-2.7411, 1.5212
 1.3814, 0.5298, 3.2184,-2.9273, 3.7718, 1.9524, 1.7359,-1.1767, 2.4902,-2.8628, 1.7701, 4.5231, 2.0779, 0.7204, 2.8099,-2.6943,-0.6954, 1.4028,-1.4459,-2.0621, 0.4079,-2.8896, 0.3919, 0.4063,-4.7673,-4.4198,-2.1575,-4.0772, 4.7176, 2.7114, 3.9857, 2.9637,-2.0206,-2.8958,-1.0555, 4.8939,-3.3720, 4.3245, 1.7007,-2.7466,-2.4133,-2.7996, 2.8230,-3.0935, 3.8726, 2.0817, 3.0821, 4.1484,-0.6632,-1.6657, 3.4447,-1.3984, 0.4330,-3.6299,-4.8719, 3.0157, 4.8533, 1.6298, 3.2679, 2.6859
 0.7749,-4.2683,-0.5906,-2.5849, 2.2915, 0.4406, 0.6776,-1.6671,-3.7279, 4.7361,-2.3684,-4.3422,-1.4890,-4.9842, 2.6919, 4.2973, 1.7278, 2.1839, 2.8682, 0.6325,-1.8436,-0.1854, 4.1373, 4.7905,-0.7392,-3.5509,-3.5325, 2.3730, 4.7027,-3.0712,-3.9661, 4.9672,-1.0726,-4.4662, 0.1869, 1.3545,-4.0112,-2.2883, 2.0282, 3.1813, 4.5892, 1.9364,-1.4088, 3.5846, 0.5071, 3.2521, 0.9036, 3.5762, 2.3467,-3.6081,-2.8269,-3.1627,-1.2793,-0.2244,-2.1793,-2.8061,-2.4835,-2.1875,-3.9166, 1.6123
-1.1561, 3.4773,-0.6339,-4.8930, 1.0013,-1.6293, 4.4258,-2.8536, 1.9099,-3.0360,-2.9528, 2.1482,-4.1589, 4.6810,-1.6495, 3.1954, 2.2149, 2.5229,-0.5341,-3.7031,-3.8416, 0.9688, 4.2931, 4.7725,-3.4479, 0.3423, 3.3246,-1.0658,-4.7944, 4.5529,-4.0164, 0.7183, 4.0761,-3.7085, 4.8131,-3.9874, 4.6811, 1.3979,-3.5668, 2.4511,-4.6776, 3.3087,-3.3568, 1.2945, 0.2067,-2.1762, 4.8431, 0.7107, 2.8908,-1.7551, 0.6189,-3.3295,-2.9675,-4.4430, 2.9169, 2.9149, 1.3520, 0.1485, 4.6377,-3.7973
-3.3459,-3.2238,-1.8062, 4.8085, 3.0030,-1.2735, 0.3452,-4.1285, 3.8643, 4.8495,-3.6919,-0.6972, 4.5523,-4.8470, 2.7059,-4.8675, 0.3988,-4.7015,-4.7538,-2.4775, 2.4054, 3.9477,-4.9196,-2.2343, 0.3904, 4.6638, 0.5578,-2.8476,-4.5805,-4.8647, 1.2563,-3.1008, 0.3795,-4.0258, 2.2289, 1.4024,-2.7783,-1.5803, 4.4601,-0.0369,-1.0708,-0.5951,-0.4026,-3.7318,-1.5993,-2.6108,-3.6533,-1.5116,-0.3282, 2.4248,-1.8302,-2.2529,-4.9740,-0.4620,-0.4809, 1.4688,-3.3654, 3.4044, 3.6976,-2.8680
-0.0754, 2.2109,-3.3658, 3.2186,-3.9880, 2.3466, 1.0110, 3.2613,-4.4276,-1.7157, 2.2773,-3.3260, 3.1749,-3.6575, 4.4661,-1.5195,-0.0937, 3.9038,-1.1861, 3.2483, 2.6815, 2.1896, 4.0079,-2.9731, 2.6900, 0.8750, 1.3342, 0.4199,-1.6663,-3.4604,-3.3880,-1.6116,-4.1346,-2.1415, 2.8792, 4.8523, 3.5444, 1.6998,-3.1615,-2.2530, 0.6766, 0.7793, 2.8767, 1.8588, 4.4798, 2.6905,-0.4658,-3.8596,-4.1427,-3.4793,-0.7019, 3.2095,-4.4131,-2.2403, 2.8715,-4.9400, 2.4534,-3.7414,-1.9013, 4.3244
-4.8479, 2.0312,-2.5963,-1.6419,-0.5897,-1.5226,-4.2300,-1.7815,-1.6566,-0.2438,-4.2415,-2.7474,-0.1632, 4.3871,-3.5709, 1.2951, 0.4207,-3.2954, 4.8897, 2.5486, 1.7817, 2.9876,-1.9847, 0.0487, 1.5343, 0.0692,-3.1237,-0.8292, 0.7578,-4.3130,-2.1572, 0.6383,-0.4966, 2.3824,-3.4391, 2.3920, 0.3217,-2.7757,-3.8994,-0.5024, 1.4159, 0.6452,-1.5135,-0.1797,-0.2189, 2.8995, 1.7619, 1.3652,-4.7061,-3.3927,-4.7813, 1.6194,-1.7073, 3.0295,-0.6765,-4.4347,-2.7785, 0.8301, 1.6637,-2.4530
-3.6680, 3.2370,-0.6102, 2.3841,-0.3887,-2.9322, 2.0867,-0.7790, 2.1388,-4.9472, 3.8436,-3.7586, 0.1477,-3.6005,-1.7470, 0.0459,-0.5194,-3.6082,-4.3014,-4.0850, 0.2741, 1.8973,-4.1317,-0.2282, 0.2981, 0.3662, 1.4203, 2.1896, 4.3459,-0.3230,-2.1579, 3.7005, 0.2504, 2.2455, 0.3610,-1.9127,-2.2504,-0.1532, 3.2803,-1.8857,-0.4322, 4.2825,-0.6862, 3.7464, 3.1930, 0.6596, 0.6061, 3.4489, 3.3924, 1.9457,-1.0610,-4.8900,-4.9380, 2.7173,-0.7528,-1.3030,-0.2530,-1.2548, 2.7749, 2.5220
 3.6606, 0.1182, 0.9979,-0.1305,-2.7070,-3.7974, 0.9532,-4.6186, 1.2412, 3.1207, 1.9567, 0.6824,-1.7391, 1.6025,-3.5620, 4.8730,-4.1863, 1.8126, 1.3733,-4.3589,-4.4049,-1.0747,-0.7498, 0.8616,-3.4128,-2.5233, 4.8348,-4.1234, 1.3482,-1.8934, 3.5590,-0.9051,-4.8534, 3.0734, 1.3395, 4.8278, 4.6865, 3.6399,-2.5678,-0.9926, 3.2473, 0.3637,-1.9004,-0.6615, 4.0635,-2.2407, 1.8437,-4.2440,-0.0746,-4.0654,-0.4037,-4.7027, 3.2776,-1.0629,-4.7501,-3.9768, 4.5834,-4.8235, 0.6993, 1.7043
 3.8141,-2.6469,-0.0539,-4.0964,-1.3319, 4.0877,-3.4842,-2.1155,-4.3876, 4.0277, 1.4095, 4.9019, 0.7002,-1.0428,-1.4994, 0.7577,-4.9278,-1.3974,-2.3850, 0.7638,-4.8615, 1.3413,-4.5549,-0.8676, 2.9531,-2.4838,-1.2450,-1.4165,-2.5116,-1.3980,-0.7166,-2.5416,-1.9229,-2.5577, 2.6243,-3.0537,-1.2264, 3.4126,-1.2561,-2.9947, 0.7980, 3.9308, 3.6591, 4.4828,-3.1652,-3.1967,-4.3071,-2.9589,-3.6075,-3.8921, 4.6399,-4.2905,-0.6519, 3.3013, 4.4069, 4.4086,-1.4747, 1.3444,-1.7002,-4.8554
-2.8536, 4.7778,-1.4018, 3.7263,-1.1496,-1.0164,-0.5514,-3.9542,-4.9232, 1.5496,-0.0210, 4.3020,-2.1775,-4.4488,-1.3566,-3.0759,-2.5648, 3.0031,-2.1249,-0.1426,-0.0920, 2.9513,-0.5977,-0.4404,-0.6239,-4.3110,-4.1703, 2.1823,-2.7941,-0.7931, 0.1311,-3.4603, 0.7628, 4.2878,-2.0212,-4.4137, 1.7238, 1.7369, 1.6565,-1.4246, 2.9919,-4.1023,-0.1776, 1.4127, 4.1499, 2.4584, 2.4000,-2.0260, 0.5375,-0.6566, 4.4046, 2.9929, 3.3593, 1.9589, 2.0601,-4.0948, 2.0441,-0.6214,-1.6796,-1.7779
-0.9469, 0.1596,-0.8981, 0.1783,-2.6756, 3.3389, 0.7770, 2.5247,-1.6999,-1.1671,-2.8333, 1.6648,-3.0838, 4.3719, 1.8966, 0.3522,-3.1066,-4.1232,-0.1892,-3.4324,-0.4244, 2.8386, 2.8541, 1.5695,-2.9472, 0.3815,-0.6526, 4.4820,-2.9482, 0.4926,-2.2596, 1.4019, 4.2983,-2.6536, 2.4895,-4.1203, 0.4772, 1.2831, 0.9085,-3.9317, 4.7144, 0.0023,-4.8789, 1.1497,-1.0496, 1.9447, 3.1829, 2.6142,-2.3187, 3.8356, 1.4637, 2.8817,-2.5729, 4.8084, 3.8468,-4.3187,-1.8302,-4.9654,-1.0384, 2.7495
-2.5929, 3.4654,-1.3076, 1.4013,-1.6889,-1.4575, 1.1449, 2.0586, 4.8385,-3.5175,-3.0053,-4.4695, 4.8891, 2.4615,-4.3123, 1.2198, 0.5987,-4.3816,-2.8693,-3.2594, 3.3751,-2.3382,-1.4115, 1.0695,-1.7585,-3.0835, 0.7626, 3.4479,-1.0260, 4.4839,-3.1085,-3.5986, 1.2452, 3.6521, 3.9055,-1.1992, 0.1961,-0.5456, 2.3475,-4.7966,-1.3128,-2.3046, 3.7088, 3.6396, 4.6475, 1.1450,-4.0814, 4.3172, 3.8851,-3.4818,-2.8232, 0.7184,-2.0769, 4.3701,-2.7522, 2.0949,-1.8236, 3.1769,-1.2258,-2.1797
-4.8372,-4.5597, 2.2163, 3.6516, 3.3928, 1.5407, 0.5025,-4.5070, 1.3015, 3.8468,-1.8215,-1.0061, 4.5157, 2.5427, 0.1204, 0.3642, 4.2454, 3.2367,-4.9655,-1.8570, 1.1980, 0.6316, 4.9459, 4.4631,-4.6863, 0.4203, 0.5814,-2.4951,-0.3893,-2.1213,-4.0677,-1.8469, 2.4161, 4.0672, 0.2680, 2.2069, 1.5078, 2.6084,-3.0555, 3.3176, 2.6425, 1.0058, 4.0592, 1.2047,-4.1486,-4.5468,-2.0663,-0.3218,-0.3385, 0.9143, 1.1230,-1.2541, 1.0003, 1.6002, 4.4177, 3.1809,-2.2179, 0.7613,-3.5314, 3.9804
 2.8136,-0.0559,-4.3019,-3.0103,-4.8977, 4.8354, 1.3702,-1.1876,-3.8269,-0.0217, 0.6916,-1.7713, 0.9084,-0.7118,-3.3957,-3.5160, 4.2123, 4.0408, 0.3841,-2.9614,-1.3064, 2.7397,-4.4227, 1.9988, 3.8761,-3.8367, 0.2983, 0.5809, 3.9387,-4.3335,-3.0566,-1.1246,-4.0960,-4.1799,-3.7439,-0.5059, 1.5139,-2.6619, 2.2350, 2.7331, 2.4552, 1.7677, 1.3155, 3.5002, 3.3989, 4.5020, 1.0986,-2.2847,-0.4149, 0.9691, 2.9518, 0.5433, 2.1877, 0.0856, 1.1138,-2.1511, 4.9777, 4.7048,-0.7020, 3.9247
-2.1179,-4.5556,-1.9389, 3.2865, 4.0993,-4.7195,-4.6542,-1.9446, 4.1531, 0.9670, 3.2891, 2.0350, 0.2395,-3.0665, 2.2806, 0.5659,-3.8755,-4.4707,-4.9609, 4.5384, 3.8641, 0.2452,-4.8589,-4.0462,-0.6037, 4.3576,-1.8538, 0.0803,-4.4224, 0.3910,-0.0629, 1.3392, 4.4990, 1.1016, 4.6030, 4.3248, 1.6341, 3.7281, 2.5273, 2.9976, 0.1217, 4.0236, 4.6929, 1.5702,-0.5392,-4.7141, 2.5671, 0.0451,-3.0450,-3.4403, 0.0909, 0.6183, 3.9433, 0.0594, 4.8504,-2.8317, 0.8911, 4.1706,-2.0486,-2.7712
 0.7346,-1.6099,-3.5678,-1.7658, 0.4487, 0.9036,-2.0824, 1.6755, 4.1747, 1.8612, 0.0232, 3.3539, 0.8835,-4.1914,-3.3472,-2.2811, 2.2548, 2.5736,-3.6600,-3.5394, 3.8278, 4.8994, 2.5571, 4.8757,-0.7552, 4.7671, 2.9689,-2.8562,-4.2376,-1.9551, 2.8824,-1.6753,-0.6804, 4.6159, 3.4458,-2.8254, 4.0658,-3.1147,-2.7420,-4.3387,-4.3617, 2.9520,-2.8463, 0.4137, 1.4150, 0.6437,-4.4976,-0.5443, 1.7449, 2.1864, 0.0820,-1.3372,-0.7741, 0.4382, 1.7086,-4.0004, 4.3679, 3.0607,-1.0976, 3.9105
 2.7700,-1.3361,-2.5907, 1.3439,-2.4767,-0.1968, 1.3400, 1.8095,-4.8081, 0.4805, 0.1317,-2.0117, 0.6708,-4.3926, 2.3700, 1.5946,-1.1419,-0.5007,-4.0027,-3.3868, 2.7801, 3.7438, 3.3891, 2.7644, 2.2980, 4.1366, 0.3914,-1.8661, 4.5799, 3.0336, 0.7456, 2.9416,-4.7243,-0.1756,-1.8587,-0.1904,-4.4561, 0.6251, 4.5341,-0.6729,-0.2926,-4.5291,-1.0979, 2.9271,-1.9194, 0.5037,-1.1985, 2.6295,-1.9581,-2.7997,-2.4572,-2.9380, 4.3649, 1.1640,-2.7432, 1.9271,-1.1346, 4.4124,-4.0356,-4.9013
-0.0162,-0.3496,-0.0615, 1.8508,-0.2688, 1.1482, 4.4970, 2.1090,-2.7555, 2.0784,-4.8824,-4.2594,-2.3092, 4.5112, 0.1194,-1.9084,-1.0883,-2.4435, 2.1381, 1.5462,-2.2282,-1.9743,-4.9831, 4.7058,-4.6793,-3.9361,-2.0373, 1.4204,-0.1904, 2.4841, 4.2027, 2.6421, 1.0968,-4.4067, 4.1255, 2.2554,-3.1544,-1.2280,-3.5282, 4.7185, 4.5629,-0.0598,-4.6128, 4.2111,-0.5773,-0.3298, 0.0759, 0.0063, 4.9648,-4.7714, 3.9016, 0.8037, 4.5578, 3.7349, 1.5983,-4.0289, 3.1008,-4.3292, 1.4952, 2.7734
-0.5716, 3.3937,-4.8105, 3.1221, 0.1401, 0.5867, 4.0320, 1.3893, 4.0956, 0.4425, 0.8398, 2.6611,-0.9643, 0.2472,-0.2007, 3.6052, 2.5207, 2.1179,-1.4571, 2.7385, 3.0065, 3.1430,-1.8520, 2.0687, 3.8064, 2.0776, 4.5375, 3.5653, 0.8685, 4.2172,-0.3752, 1.2673, 3.8480,-0.8171,-4.6370,-2.2945, 2.5042, 1.5882,-0.8517, 1.7627, 4.9209, 4.1608, 4.8324, 1.8327, 0.6420, 1.0701,-0.0830,-0.1382, 0.5402,-2.3889, 2.9978, 1.9615, 1.7079, 4.8304, 0.4233,-0.8597,-1.2399, 2.8531, 4.9452,-2.8030
 2.9218,-1.5079, 1.7652,-3.8187, 1.8714, 0.9605,-3.2468, 4.8270, 4.6833,-0.6104,-3.5907, 4.3249, 3.8372, 2.4748,-2.0809, 0.2126,-0.8520,-4.4409,-0.1628, 3.8144, 3.3291,-0.4868, 0.2745,-0.8334,-4.1123, 2.6447, 4.0386,-1.6778, 1.1233,-4.8496,-4.7311,-3.6095, 0.4713, 0.3979, 0.1240, 3.4985, 2.4090,-4.6756, 0.6788, 2.1589, 2.8995,-3.6952,-3.2568, 3.8261,-4.5665,-1.5379, 0.3736, 0.7746,-2.3895,-1.5169, 0.8880,-2.5121, 1.8371,-2.0771,-1.8775, 4.2854,-1.8863, 4.4428, 0.2675,-0.2243
-1.1749, 3.7428, 2.1792, 1.6981,-2.6135, 4.2175,-3.1951, 0.5488,-2.1974,-4.1817, 0.6135,-3.9520, 0.5460, 3.0017, 2.6359, 4.3423,-3.9571,-3.1301,-1.8228, 1.3072,-0.1342,-4.6840, 0.5542,-1.7511,-0.6272, 4.3250,-4.1457, 1.6984,-0.1211, 3.4251,-0.9475, 0.8893, 4.3585,-1.5862,-4.6957, 2.2756, 2.0697,-4.2705, 4.9441, 4.9377,-4.8890,-3.3705,-0.2856,-4.9506, 2.0291, 4.8777,-3.2891,-1.3464,-0.3835,-3.2082,-3.1942,-1.2832, 1.4156, 0.4507,-0.9244,-2.1851,-0.4140,-1.0658, 1.8778, 4.5274
-1.8549,-1.5294, 0.5522,-2.2044, 1.5525, 3.4064, 2.3831, 3.5330, 3.2022, 1.3393,-3.9908, 1.4556, 0.6284,-0.8822, 2.6654,-4.0544,-0.2585, 2.0212,-2.9917, 0.2120, 3.1551,-4.1169, 2.1586, 4.2827,-0.5139, 1.1666, 3.9021,-3.9370, 2.9284,-3.2761, 1.7522, 0.2168, 0.6480,-1.7235,-3.7717,-3.8950, 2.5546, 4.1211,-1.1193,-1.1792,-2.0949, 0.1616, 4.6185, 2.3991, 3.7958,-1.0052, 0.6214,-2.6210, 0.6209,-2.7777,-4.9912, 1.1606, 0.1424, 4.3046,-2.8078, 2.0625,-4.1941, 3.3616, 3.6407,-4.5488
-2.1952, 4.9731, 4.9862, 4.4198,-2.6463, 1.9787,-0.8885, 3.1823,-2.3690, 4.1576,-2.5405, 3.5481,-4.2293, 3.5419, 2.9656, 2.6246,-3.3336,-0.5665, 1.9693,-4.1339, 1.2617, 3.0847, 2.3957, 4.1073, 3.9043,-0.5674,-2.3556,-2.8306, 2.6043, 1.2900, 0.3623, 4.1459, 1.3006,-3.2297,-3.7593, 0.9316, 2.6251, 4.5971,-4.2203,-2.9993, 4.6120,-4.5320, 0.5885,-2.0180, 1.0029, 1.8368, 1.9804, 3.8846,-2.2372, 1.5710, 2.8951,-3.8431, 0.5349,-4.8263, 4.2420, 1.2729, 0.4246, 3.9253, 2.0407, 0.3847
-4.7106, 2.8011, 1.1301, 2.9526,-2.5606,-0.5976, 3.3063,-3.8083, 0.3789, 3.2091,-0.3845, 1.1413, 1.7062, 4.5326, 1.2381, 4.8697,-3.0661,-4.4803, 4.6279, 1.2513, 3.2470, 3.8217, 3.3417, 1.9767,-0.6753,-3.2239,-1.2740, 0.2004,-3.9401,-1.1804, 3.4745, 1.2570, 0.4779, 1.5717, 1.2229, 2.2268,-0.1039, 4.1837, 2.2620, 0.3794,-3.9738, 1.6805,-3.3425,-2.1600,-2.0749,-3.9495, 1.2909,-0.8776,-3.0984, 0.7388,-3.9178,-3.7632, 2.0563,-4.9807, 0.3992, 3.4966, 0.0677,-0.2978, 1.0855, 4.0570
 1.7189,-3.9135,-3.3620, 1.4110, 0.8733, 4.7047,-3.1165, 0.1135,-4.3185,-1.2014,-4.3822,-0.8446,-1.1756, 4.9192, 4.6998,-2.2847,-0.1635,-0.1541,-4.9644, 4.9139, 0.4060,-2.4376, 2.0707,-4.5359,-3.7093, 0.2608,-1.3368,-2.3533,-4.6102, 2.7883, 2.6857, 0.2152,-2.5107, 2.7915, 0.6706, 0.0699, 1.2822,-3.2991,-1.2734, 3.0140,-3.5066,-3.0942, 2.8402, 2.6953,-0.4353, 2.4955,-3.2870, 3.3084,-2.8631,-4.1711,-3.6595, 1.5731, 3.8463,-1.1014,-1.0660,-4.3455,-2.3710,-4.0524, 1.5743, 1.5433
 2.3208,-4.2286,-2.5886, 1.3162, 4.6439, 0.5632, 2.1081, 1.5938, 4.5689,-1.3527,-1.0717, 4.3503, 1.3570,-2.6420, 4.3196,-4.3430,-3.5698, 0.9304,-4.5492,-0.3425, 2.0926,-0.9515,-2.5498,-4.4536, 4.9891,-2.0281,-4.0453,-1.8861,-3.1460,-0.5727,-3.3605,-2.0925, 0.9731, 0.3968, 0.6775, 1.0913,-3.1916, 4.2904,-4.7509, 4.5155, 2.9439,-1.1281, 2.0696, 0.7066, 2.1468, 0.5752,-3.2919,-1.4336, 4.1888,-2.1871,-0.5682, 1.7887, 2.2595, 2.7039,-1.3081, 4.5462,-4.6703,-2.9146,-3.3914, 0.5560
 0.0607,-0.6611, 4.9481,-1.6914, 2.0014,-0.1853, 4.0952, 3.6285, 0.5849, 4.9160,-0.6762,-4.2041, 2.2257, 4.0080, 3.4948,-1.4187,-4.6599,-1.1421,-0.8739, 0.9372, 1.3487,-4.3591, 0.9566,-2.0308, 1.3629, 4.1726, 2.4560,-1.4346, 1.8829,-3.1011, 1.4837, 1.8829,-1.4207,-0.3867,-2.8189,-1.3016,-2.1507,-4.4019, 4.4705, 4.0419,-4.3946, 0.3037,-2.3085, 3.1499, 2.7876,-1.7981,-3.6508,-3.3472,-2.0861, 2.9447,-0.4470, 1.3670,-4.6711,-0.5456, 0.5181, 1.8388, 4.8538,-2.6519,-0.7904, 0.9477
-0.4036, 3.5911, 4.1243, 0.9317, 0.7653, 2.2947, 4.1006,-2.7338,-4.1915,-2.0543, 2.4430,-3.8693, 3.9199, 0.4609,-2.9841, 0.9416, 4.8074,-4.7329, 2.0551,-2.1815,-4.0560,-3.0530,-1.4000, 1.2681,-1.6471, 4.6261, 3.0437, 0.5804,-1.3719, 1.3100, 1.6623, 4.8856,-1.0090, 1.5898, 1.5132,-1.7038,-1.0893,-3.6743,-4.1377, 3.4544,-1.5308, 3.8518, 3.7860,-1.4987,-4.2260, 3.6240, 4.5025,-3.2998,-3.8046,-1.1723,-0.0205, 2.6181, 2.2094, 4.6118,-2.2834, 4.7385,-0.0467,-1.3619, 0.7784,-4.1085
-1.1848,-3.4787, 2.7424,-1.3508, 1.4853,-1.1941,-1.0623,-0.6659,-0.4439, 2.8788,-1.9265,-2.1659,-4.2310, 4.7587,-2.5304, 2.3928, 0.9332,-3.4013, 2.3905,-2.0082, 0.3470,-0.3195, 4.0287, 0.0352, 0.7302,-0.0033, 4.1514,-0.2144, 4.1390,-1.8622,-1.6308, 1.5666, 3.7964, 4.4840, 2.1803, 3.4134,-2.1577,-2.7931,-0.1952,-2.4092,-1.0898,-4.9618,-3.3760, 3.7555,-3.4930, 3.7926,-1.2818,-4.7843, 1.5255, 3.2558, 4.3286,-2.6187,-1.0298, 0.4192, 3.7142,-0.2444, 0.6471,-3.2467,-4.1540,-4.2299
-0.6784,-4.4171, 4.4211, 3.6211, 1.3678,-4.4436,-3.6130,-4.9436, 0.0071,-3.4160, 1.0950,-3.2532, 0.9093,-2.9785,-2.6011, 1.2212, 1.0136,-4.3968,-1.9505, 3.7842,-3.5062,-1.7365,-2.8496, 0.8876, 1.2520,-0.2295,-3.0371,-4.6810,-1.1624,-0.7768,-4.8567,-3.9799,-3.0332,-2.7436, 2.8705, 4.0411,-0.5517,-2.1716, 4.9869, 3.1689, 4.3276, 0.1228,-4.2047, 0.3953, 3.4395, 1.7006, 3.5796,-0.2979,-0.7393, 2.0615, 2.4829,-3.2792,-0.7008,-1.1223,-4.1336,-3.2932,-2.6619, 4.4841,-4.6167,-0.4407
 2.3349, 4.6147, 3.4147, 3.2445, 2.3021,-3.3805, 3.3950,-4.9755, 4.1633,-0.0496, 4.1427,-2.7115,-1.8452,-3.0463, 4.0900, 2.3716, 4.7923, 2.8718, 0.6956, 0.6434,-0.5993,-0.3865,-0.8011,-1.7588,-0.6670, 4.8922,-4.2673,-2.1802,-1.7438, 0.2419,-4.8524,-2.1129,-4.0222, 3.5240, 2.1484, 3.0592,-4.3263,-3.1145,-4.5231, 3.3587, 0.3482,-2.3099, 1.8778, 3.4999,-0.3806, 2.1712, 2.0641, 2.7923, 4.8230,-3.6756,-1.4330, 4.1730, 3.3217, 2.7081, 3.4310,-3.9769, 2.7046,-3.4538,-3.8317,-3.7898
-1.5024,-3.7145,-0.1006, 3.8580, 2.1749,-1.4065,-3.9696,-2.0428, 1.8533,-1.8542, 0.9437, 0.5061, 0.0377,-1.9396, 1.2509, 3.6266,-2.9229, 0.6954,-4.2512, 3.9971, 3.1682,-4.6747,-3.6437, 1.2071, 4.7498,-1.8790,-1.9183, 0.6096, 0.0827,-1.0659,-1.8831,-0.4298, 2.6226, 0.9004,-2.5649, 1.9484, 4.6999, 0.0851, 0.0942, 0.4670, 4.1613,-4.9661, 4.9232,-2.6401, 1.7092,-3.0979,-4.8338, 0.2371, 0.7986, 0.9200,-1.4928, 4.5167, 3.3154, 0.0859, 0.3899,-3.7847, 2.3388,-0.4757,-2.6149, 3.2733
-4.7659, 4.9668,-4.3110,-2.4511,-0.7166,-2.0395, 1.0900, 3.7616,-4.5952, 3.1951,-0.8669,-4.6758,-0.1082, 2.4276,-3.6672, 3.8445,-1.5004,-0.8527,-3.7261,-1.5408, 0.4144, 1.2460, 0.5847, 3.0821, 1.8655, 0.4488, 2.5159,-0.7280, 1.9981,-1.4254,-3.5137,-1.0517, 0.4042, 4.6800, 4.3153, 2.0417, 1.6426,-2.0154,-1.8209, 0.5634,-4.7999, 3.1444, 2.3478, 0.4469, 1.8785,-0.0615,-0.1272, 4.5905,-3.6619,-3.2526, 3.6090, 0.8407,-4.4480, 2.0237, 0.9667,-4.5557, 2.0474, 3.3827, 1.2156,-4.0904
 2.2376, 0.5974, 2.9229, 3.1383, 0.3600,-0.7628, 3.2834,-2.8017,-2.2658, 4.7372,-2.1489, 4.9586,-2.9141,-1.7638, 4.3930,-2.5421,-1.1206, 0.6286, 1.4390, 1.2871, 0.1373, 1.0860,-2.3604,-1.4563, 2.6562,-1.0902, 3.6575,-2.4949,-1.1923, 1.8929,-2.8900, 1.1926,-1.8874,-1.0775,-1.2099,-2.8820,-0.0967,-0.8092,-2.4250,-3.7134, 1.0816, 2.6651,-4.3425, 2.4067,-1.4681, 0.0752,-0.4232, 4.9977,-4.3525, 0.3988, 1.2488, 0.1159,-2.6306,-4.9892, 1.6918,-4.3491,-2.4483,-4.0214,-0.3779,-0.5425
-1.6554,-1.4207,-2.1304, 1.5879,-2.0774,-4.8455, 1.3705, 0.2414,-0.7451,-2.0355, 4.9604,-3.8345, 3.6472, 2.5104,-2.3021, 2.0963,-4.6418,-1.5243,-0.0521,-3.1620, 4.0920,-4.3782,-0.3857, 1.1080,-0.8409, 2.3359,-0.8069, 4.6185, 1.3934, 0.8253,-3.5681,-4.5727, 0.6091,-1.2322,-3.4469, 0.6817,-4.7562,-1.9863, 4.2185,-0.7457, 2.3382,-4.8452,-1.7404, 4.1958, 4.3272,-2.5160,-4.9886,-0.0407, 4.3956, 4.5931, 1.6779,-1.4700, 1.8802, 1.4530,-2.3124, 4.2209,-0.1089, 4.7627, 4.3106,-4.6646
-1.4284,-2.4799, 2.0661,-3.9337,-4.7477, 3.9073,-3.3836,-4.9259, 0.8279,-3.3010, 1.7781, 2.6172,-0.2183, 2.4264,-0.0041,-1.7663,-3.0800,-0.0056,-3.5072, 0.9859, 3.9769,-0.6922, 4.4178,-2.3409,-3.6716,-2.8110, 3.4535,-1.0236,-1.8826,-2.3912,-0.9547, 3.3953,-4.6461,-1.0896, 0.7139, 2.1001, 0.9886,-4.5514, 0.0944,-4.6204,-4.7669,-2.5147,-0.3123,-2.1364,-3.4046,-0.4529, 3.1402,-3.7183, 1.1296, 3.2491, 2.4985, 3.0410,-1.0243, 0.0996,-0.8265, 0.4926,-3.7289,-4.0793,-2.2657, 0.4301
-3.1515,-3.9485, 2.8280,-1.3585, 1.2244, 3.8829,-0.9978,-1.4727, 3.7691, 4.5935,-0.2922, 0.0890, 1.7518,-2.2376, 4.5734,-4.6518, 0.7109, 1.1610,-4.7691, 2.5608,-0.5490, 4.2302, 3.2089, 4.6377, 3.8528,-3.7629, 0.3663,-1.3739, 4.4879, 0.7059,-4.8480,-4.0745,-4.7787,-1.6771,-1.6351, 3.8078, 1.5281,-0.8034,-0.6851,-2.3941, 2.8522,-3.5803,-3.5890, 2.7242, 0.1589,-4.7649, 2.5498, 2.3620, 2.4835, 2.4047, 0.9929,-0.2148, 2.5513, 2.1679,-1.2954, 1.4042,-1.8742, 2.6592,-0.9612, 4.3555
 3.1822, 1.6289,-1.6396,-3.8596, 2.8722,-4.4954,-3.0346, 4.8174, 1.0365, 2.0275, 0.0924, 2.2322, 4.9612, 1.9156,-2.0995,-2.1624,-1.8191,-1.1609, 0.3886,-1.4658,-4.2993, 2.2373, 4.3567,-2.0329, 1.2986,-2.9984,-0.4469,-4.0251,-1.9653,-2.3287, 0.8232,-3.0381, 0.2506, 4.2357,-4.0867,-2.8506, 3.2868, 4.8553, 2.7324,-1.3596, 0.3596,-0.3952,-4.9595,-0.8963,-4.1639, 0.6689,-4.2169, 2.6554, 4.2522, 2.8082, 1.7785, 4.5071, 4.7101, 3.0454, 1.0746,-3.6946,-0.2004, 3.1818, 3.3305,-4.3926
-0.4596, 4.1118,-4.0810,-2.5766, 3.1341,-2.8610,-4.2146, 1.8977, 2.9410,-4.7050, 2.4719, 0.2491,-0.0049, 2.7422, 3.9988, 2.7627,-1.3167,-3.9521,-0.1896,-4.0331,-3.0925,-3.8185,-1.7779, 4.3639, 3.2137, 0.2992,-1.7780, 3.6531,-0.4227, 1.6594,-2.5445, 0.6895, 1.1950,-3.1941,-4.5237, 1.2449, 3.0615,-3.7316,-2.1218,-4.5376,-3.1509, 0.8981,-4.3672, 1.1060,-0.1335,-0.1702,-0.1369,-1.4147, 2.8733,-3.7465,-1.7031, 3.2619,-0.8558,-3.8085,-1.6412,-4.3451,-0.5589, 1.2432, 4.5635,-4.6770
-0.9321,-0.7477,-4.6195,-2.6979, 1.3246, 4.0944, 4.0844, 3.6044, 1.5590,-4.3617, 4.0889, 0.5246, 2.6153,-3.3715,-2.6196, 2.8610, 4.4683,-4.3551,-1.5932, 1.0806,-0.9329, 2.3469,-0.6308,-4.3153,-1.8902, 1.1680,-4.1011, 2.7401,-4.0815,-3.8440,-1.4638,-2.5608, 4.0826, 4.5076, 0.1511,-1.7152, 2.7872, 3.4266,-2.7647, 1.6016,-0.4830,-4.7705, 3.5274,-4.0214, 4.5142, 0.7775,-2.4340, 0.1347, 2.9873, 2.5783,-4.2952, 3.5224,-0.8130,-4.0519,-0.3833,-1.8754, 1.2190, 4.6331, 1.2823, 1.3763
 0.9025,-1.7657, 3.0041, 0.3152, 3.7508, 2.3757,-3.3312, 4.2347,-3.8382,-3.3367,-1.4797,-3.1439,-2.6720, 0.1135, 1.8670,-4.0460,-0.9707, 3.9064, 3.3861,-1.4050,-3.5152, 4.1641, 3.4246, 0.8317,-2.2307, 4.0960,-4.7998, 1.4849, 2.7785, 3.3375,-0.9205,-2.2540,-3.6921,-2.4925,-3.6792, 4.8029, 1.5946,-1.8434, 1.2136,-2.4348,-3.5372, 3.3705, 2.7881, 0.0144,-4.9888, 3.9039,-2.1443, 3.3501, 2.3395,-3.8443,-2.2346, 4.7039, 2.1811,-4.2696,-0.4909, 2.7045,-0.6190,-4.0702, 0.1259,-4.2987
-2.9455,-1.5742, 2.3150,-2.3533,-0.4626,-2.4238, 2.3681, 0.7875, 2.4070,-2.9323,-2.8693,-1.1373, 1.9452, 0.5553,-1.9763,-3.4861,-2.6172,-2.8118,-0.0439,-1.2004,-4.8516, 1.6111,-2.2154,-0.1577,-1.8295,-4.5020, 2.0060, 3.7680,-2.6669, 2.3765,-0.9074, 4.4328, 2.0485,-4.4991,-0.6491, 2.5937,-0.0647, 3.4239, 0.9852,-4.8889, 2.8544, 2.0148,-3.2270,-1.5144, 3.6920, 2.5371,-4.6716,-1.6992, 0.1844,-0.7346,-4.2826, 3.7888, 2.1375, 2.6945,-2.9128,-2.7084, 1.9837, 2.8693,-2.9751,-0.0778
 4.5585, 2.6023, 3.7173,-2.0037, 0.8950, 2.7799, 0.9557,-1.8547, 1.1786,-1.1932,-0.9038, 1.4610,-3.9316, 0.3631,-3.7809, 4.1582,-3.7807, 0.0658, 1.4954,-1.3521,-4.6868,-1.0898, 3.1352,-0.7192,-0.6086,-3.9871,-2.8508,-1.0118, 1.6963,-3.8802,-2.6268,-2.8269, 3.4156, 0.4992,-1.1879, 2.5208,-0.9517, 0.9640,-0.8531, 4.8578,-2.1963, 2.9784, 0.2156,-0.9398, 3.4457,-3.6785,-3.8904, 4.7208, 4.2657,-2.9045, 4.5042, 2.9551, 4.7689,-3.6256, 2.8837,-1.6992,-2.0365, 3.3066,-1.1080,-0.8259
 0.3349,-0.5433,-3.6173,-3.8744,-3.2532,-2.7461,-1.0807, 4.8688, 4.6864,-3.0194,-3.2351,-2.7578, 4.4982,-3.6900, 1.0385,-4.5367, 0.6336,-0.6225, 3.0463,-2.2341,-2.4262,-4.1722, 2.2810,-4.8383, 0.6727,-3.9706,-4.3683,-4.0549,-0.9969,-0.5188, 4.5805,-2.4334, 3.9062, 0.7120,-3.3065,-0.5181, 2.5706, 3.6238,-0.2855,-0.3153,-0.2857, 1.9778, 2.3938,-4.5961, 0.2964,-2.2279,-3.1009, 0.2619,-0.1166, 1.2868,-3.6361, 1.2064, 2.9599,-4.2650,-0.2715,-4.3552, 0.2466,-4.7083,-3.1042,-0.2382
 1.5513, 2.2368,-2.7206, 3.9852, 0.9502, 1.8946,-4.5426, 3.3255, 0.5852,-2.0254,-0.2778,-2.5301,-2.6424, 4.5843,-2.0659, 1.6952,-3.5859, 3.0993, 1.1222, 0.9023, 1.9715,-1.9641, 2.8390, 0.1229, 3.1197,-2.1738, 3.3139,-1.2546, 1.6435,-2.8042,-1.4187,-3.3572,-3.6002, 3.3688, 3.7202, 2.7468,-3.2584,-4.7499, 0.3301,-3.7577,-3.1346,-3.8751, 4.8043,-3.9928, 3.9854, 0.0982, 1.2826, 1.3254, 1.5106,-4.4347,-2.1629,-3.6090,-3.0870, 2.6247, 3.7607, 3.7712,-3.4832,-2.6344,-1.7522, 4.8083
 1.4179,-4.7213, 3.0035,-4.1071, 4.6528, 2.7371, 2.2227,-2.0585, 2.2956,-0.8121, 1.6900,-4.1312, 2.2972,-3.0451, 0.6527, 4.9625,-1.6865,-0.5682, 1.2000,-1.5718, 2.0932,-2.3323, 3.9770,-1.3430, 2.8255,-0.4369, 3.5509,-1.0574,-1.9583, 4.2318,-4.2664,-3.4936, 4.3435,-3.2092, 1.0498, 1.6874,-2.6538,-0.7815, 3.4079,-4.5610,-0.1928,-3.9009, 4.1850, 1.0257, 3.5807,-2.8366,-3.1069, 4.2802,-4.6916, 3.6874, 4.2257,-2.8465, 0.9619, 4.2403,-2.4740, 2.0165, 4.2085, 3.1693, 2.4429,-0.7538
 1.7545, 4.1334, 2.4554,-0.3396, 1.3163,-1.2578, 3.4920,-1.5655,-2.8659, 2.5163, 3.6052,-0.5008, 1.5633,-3.0627,-3.8016, 0.7823,-0.4261, 0.7227, 0.7625, 2.5117, 0.7218, 4.2203,-2.2454, 3.9252, 1.3307,-2.8107, 3.6271,-0.0059, 2.9068, 0.5930,-3.4395,-1.4821,-3.9379, 3.6066,-1.8308, 3.4028, 2.4985,-4.6237,-0.0913,-1.7035,-4.4643,-4.1111,-4.1435,-1.7872,-0.1408,-2.9468, 2.1814,-1.8991,-0.1053, 0.1093,-1.2191, 4.4814, 3.2330,-0.0963,-4.6021,-0.4249,-2.1277,-4.4316, 2.7657, 2.4956
 0.0962, 1.2575,-3.6512,-2.0110, 3.1195,-3.2111,-0.5896,-3.4567, 4.1465,-2.8826,-4.0408, 3.1403,-1.7484,-0.4769, 4.6876,-3.5520,-2.0239, 1.7915,-2.2699,-0.4365, 2.2973,-4.4420,-0.4776,-1.1551,-0.2367, 3.1700, 2.1950,-3.3249,-2.8156,-0.1290, 1.7052,-1.7061, 4.8172, 0.8914, 2.1900, 0.4137,-0.2501, 4.3157, 3.4723, 0.7448,-0.2368,-4.5638,-4.0580, 4.4132, 1.9596,-1.7261,-3.6539,-3.2674,-0.9850, 4.0989, 2.3476, 1.1650,-4.2964, 3.1233,-2.9644,-1.1159, 0.0901, 4.5257, 2.5618,-4.9587
 0.7130,-2.9297,-1.0992,-2.0101, 4.0173,-3.9852,-0.2412, 3.4623,-2.4098, 4.4956, 2.6716, 4.9472, 0.0105, 3.2284, 2.4996, 1.9273, 2.5652, 2.7672, 0.9790,-3.5983,-1.7547, 0.9138,-0.3913,-2.1862,-2.6502, 4.3738,-3.6227,-0.0531, 3.5001, 2.1211,-2.6524, 1.8799,-2.1831,-2.2886, 4.2528,-3.3387,-1.0232, 2.3336,-4.1035,-3.9645, 1.8315,-4.4089,-1.8305,-1.4360,-2.8809,-2.0322,-1.3276,-3.8289,-2.8207,-0.8340, 2.6258, 1.4672,-2.4072, 3.6709, 4.5255, 4.4459,-2.4923,-3.7724, 4.7919, 4.0330
 2.9786,-3.3835,-1.8712,-0.5940, 4.8544, 1.8809, 4.4340,-1.4503, 3.7472,-2.0017,-4.1306,-1.2088,-4.5624,-3.3046, 0.9567,-3.7769, 1.5669,-1.3150, 4.5502,-2.6792, 1.5916,-3.9924,-4.6844,-2.5110,-0.6636, 1.3502,-0.5395, 4.6756,-0.7180, 1.7369,-1.0794,-4.5320,-3.3065, 3.7507,-1.9503,-0.2208, 4.1837,-3.2425, 1.6822,-0.1700, 2.0582,-2.5170, 3.4820,-1.9920,-1.5838, 2.5114, 1.1556,-2.9934,-0.0545,-1.5062, 2.3679, 0.5970,-4.4412, 3.3233, 4.3890,-1.8178,-1.8985, 1.4990, 4.4488, 2.8473
 1.2966, 2.4452,-4.4855,-4.3810, 4.2329,-1.3775, 4.2848,-1.5350, 0.5385,-0.2057, 3.8469, 0.5537, 0.7642,-2.7121,-4.8760, 4.8905, 0.8326, 2.3714, 4.3511, 4.3339, 4.4090, 3.3730,-1.3886, 2.9527, 0.7360,-0.3521,-1.2147, 1.3453,-1.6557,-4.2740,-4.6828, 0.2148,-4.1217, 2.3350,-2.9964, 4.4399,-4.4242,-3.3720, 4.0560,-1.5232, 0.2641, 0.9128,-3.9967,-3.6411, 1.4759,-4.2181,-0.3339,-3.4110,-0.3311,-1.3787, 2.5363, 0.1766, 0.7305, 4.7512, 0.1630,-1.8347, 2.2617, 3.1188,-1.7049, 0.1423
-3.2239,-4.2209,-0.7896,-4.4180,-1.2037, 0.7929, 3.5756,-2.2226,-4.8612, 4.6839,-4.5320, 2.9995, 4.4009,-1.4319, 0.1392,-4.6929,-1.0825, 3.8384,-4.0085, 0.1789, 4.6467,-3.1041, 3.5487,-4.1505,-3.6514,-0.1762, 3.3138,-1.6410,-2.5721,-2.3014, 3.5598,-4.6855, 4.1392, 2.8802,-4.6578, 0.7696,-4.3413,-2.3218, 0.8622, 0.3325,-3.5958, 2.0469, 1.1287, 0.4468,-3.6067,-2.4569,-3.7214, 4.9008, 2.6871, 4.7253, 0.5420,-4.7598, 1.2916,-1.3423,-2.5212, 3.7080,-0.7593, 2.6217, 3.1668,-3.3838
-3.4943,-2.0718,-2.2720, 3.8051,-4.2272,-0.5475, 1.2437,-1.0206, 0.1683, 1.4497, 1.5329,-2.6554, 2.8670, 1.4474,-0.3793,-0.5683, 3.9810,-2.5085, 2.3752,-2.4193, 1.7993, 2.6547, 2.9099, 3.6337, 2.1097,-2.8293, 2.2378, 4.6035, 3.8405, 2.9974,-0.7624,-0.9077, 3.1869, 2.3085, 4.4763,-2.5832,-4.6023, 1.5779,-1.5679, 0.4285,-2.0725, 2.1741, 0.4844,-0.8000,-2.4349, 4.0162,-0.4472, 2.0918,-3.3733,-1.7564,-4.1123, 1.1943,-4.0667, 3.6150, 2.7487,-4.5250,-0.5980, 4.6371,-4.8130, 0.7568
-1.3797,-0.8007, 4.6020, 4.4053,-0.9904, 2.1133, 4.8234,-0.5299, 3.2284,-1.8750,-1.3897,-0.1189, 3.0987, 2.9273, 3.8963, 4.9532,-1.3359,-1.6137, 3.7619,-0.1280,-4.8381, 1.8577,-4.7908, 0.1376,-2.8180,-2.2371,-1.7939,-2.9716,-3.2275,-3.1746, 0.4286,-1.2816, 0.3224,-0.6623,-2.2102,-1.2789, 3.0330, 2.3074, 4.1721,-0.2769,-1.7331, 2.2022,-3.1929,-1.1965, 1.1693, 0.5728,-2.2084,-3.3537, 3.2830,-1.8942, 4.1489, 0.8184,-0.0280,-1.1692,-3.3070, 0.0024,-4.3486, 1.6258,-2.1069,-4.1164
