 0.0540, 4.5561,-1.7523,-0.6304,-0.8960,-4.7882, 2.5498,-4.5548,-0.6604,-4.6516, 1.9028,-1.4593, 1.4784, 2.4763, 0.4296,-1.9129,-3.3977,-2.8023,-2.8148, 0.4054,-3.5457, 3.1147,-0.0371, 0.0764, 2.3044,-1.8973, 1.8914, 0.0468,-2.0042,-0.2627,-0.7744, 3.0627, 3.5290, 4.8504, 3.4757, 1.9718, 1.6717, 2.9303, 2.3019,-3.2508,-1.0679,-2.0842,-3.5834,-3.3331,-3.3642, 2.2680, 2.6381, 2.1699, 0.3166, 4.5809, 2.1665,-1.2396, 1.3176, 3.9613,-3.2145, 0.5064,-0.6399,-4.2171,-3.7219,-4.4692
-0.4464, 3.6634,-3.5061,-3.5303, 2.0181,-1.7201, 0.3023,-2.1508, 2.7737,-0.2462,-4.3332, 2.4123,-1.9723, 2.0575, 2.2836, 0.2151,-2.8872,-0.2923,-3.3510, 2.9308,-3.5649,-1.1982, 1.0532, 3.7564,-4.6825, 0.0977,-0.6335, 4.3760,-2.2527, 0.0378, 1.8184, 0.7904, 1.1449,-3.0349, 2.2076,-2.3878,-0.5984, 1.2984,-0.8588, 4.9566, 1.7840, 3.6549, 2.7314, 1.1064,-0.6252, 3.5010, 3.5988, 4.5780, 3.1657, 3.5430, 1.6491, 4.8865,-0.8630,-1.2831, 0.3708,-1.7236, 0.2327,-1.8533, 2.0997,-1.9662
 2.2620, 1.0185, 1.2038, 2.1029,-0.5368, 1.8652,-4.7654, 0.1399,-2.3756,-4.9081,-2.0303,-1.8358,-3.1882, 4.3620,-4.6763,-1.2549, 0.6119, 1.2537, 3.5097,-4.6266,-0.2558,-4.3850,-2.8112, 4.6973,-4.4900, 1.3137,-2.3370, 1.1147, 4.1255,-4.6561, 3.9448,-4.5723,-3.0639,-0.3641,-2.5802, 0.7053, 4.7802,-0.6188, 2.9240,-4.3155, 4.3395, 1.5953, 3.3262,-1.5526,-3.4170, 4.1621,-0.7839,-4.4808, 1.5371,-3.6292, 2.0751, 1.6731, 4.5408, 1.3262,-3.6301, 3.3964,-2.7225, 4.3447,-4.1744, 3.1532
-1.2551,-4.9533, 4.7983,-4.5462, 3.4495,-3.6861,-0.6707, 3.3605,-4.3971,-0.1459,-4.3474, 3.3883,-1.2639,-0.2363,-2.3819,-1.0382, 4.6030,-4.4899, 2.6329,-1.3915,-3.9593,-3.0677, 3.6974, 0.2392, 1.0761, 4.7652, 3.1554,-3.3065,-2.1088,-2.5862, 4.7613,-0.2450,-1.6246,-3.0047, 0.2339,-3.2889, 4.2588,-1.6314, 2.9470, 4.0544,-1.1122,-3.1019,-0.1852, 4.8434,-0.2663,-1.2183,-4.5405,-0.3089, 3.4579, 1.6649, 4.7703,-4.3545,-0.9054,-1.1405,-1.0297,-1.4752,-1.9883,-4.4918, 2.8105, 1.7110
 0.7936, 4.1801,-2.6850,-1.9577,-2.5122, 4.9377,-4.2080,-0.8379,-1.9207,-2.9323,-2.5594,-3.5255,-2.2055,-1.2140, 3.3050,-0.8120,-2.4936,-2.8285,-1.0226,-0.8486, 0.1513, 1.4476, 1.6711, 2.8060, 2.2911, 1.6780,-2.8017, 2.3039, 1.7112,-3.1424, 0.6059,-0.8314,-2.8566, 3.9408, 2.3109,-2.0742, 3.8427, 1.0712,-1.4627,-3.2273, 2.6652, 2.8430,-3.6381,-3.1621, 3.2642,-3.9512, 1.1208, 2.0635, 2.9729, 2.2388,-1.3124, 4.5268,-4.3106, 1.7645, 0.8873, 3.6385,-3.6513,-0.6152,-0.0441,-0.3342
-2.9405,-2.5086, 1.2827,-0.0858,-3.6372,-4.9323,-3.7540,-3.6556, 2.6458,-4.6607,-4.5775,-2.3095,-2.7040,-4.0920, 4.5281, 1.0099, 1.6340,-3.6036, 3.2683, 4.2623,-2.2807, 1.6157, 0.7381,-4.6687,-1.5419,-4.6357, 1.8584,-0.9679, 1.0757, 1.1724, 0.1613,-3.5920, 1.3573, 2.8790,-2.8313, 4.3628, 4.0600,-4.0018, 4.6637, 0.4629,-0.9961, 2.9293,-2.2254, 4.3366, 4.5606,-3.2423, 0.6040, 3.3324, 1.9701, 3.5324, 4.8549, 3.7172,-2.1266,-1.9448,-3.1305,-0.4371,-3.5801,-0.1111, 2.1802, 4.7905
-2.7771,-1.9519,-3.6594, 0.1499, 3.7153,-0.0937,-0.1415, 4.6819,-2.2049, 1.6200, 3.8049,-0.1151,-4.7217,-2.7338, 0.9790, 0.9179, 4.5469,-2.8186,-3.5761,-0.1813,-2.5509, 4.3798,-3.2793, 0.8888, 4.4959, 0.4258,-3.7085,-2.0749,-0.7310,-0.9972,-2.7993,-2.4448, 2.9573,-3.2119,-1.3157,-1.7272, 1.0265, 3.7658, 0.5379,-4.6542,-1.1773, 3.0680, 1.8874, 3.0143, 3.0401, 0.1232,-2.2622,-4.0975, 2.3358, 2.5895, 3.7700,-3.2299, 4.6456, 2.1208,-4.0003, 0.9281,-4.3557,-1.5651, 2.9676, 2.2325
 3.0905,-2.0068,-1.5762,-0.3180,-3.5317,-3.1055,-3.7634,-1.4616,-4.7820, 2.6517, 2.7462,-4.2606, 4.4051,-1.9756,-1.9355, 2.7994, 3.9839, 1.6812, 2.2873, 0.3817, 3.4485, 2.1255,-0.4447,-4.2695, 4.9992, 1.2074,-4.0180, 0.7708,-4.5636, 0.5742, 4.1603, 0.6891, 0.4393, 3.9552,-2.2021,-2.9228,-4.1640,-2.5576, 1.4563, 1.4613, 4.4046, 3.4656, 0.8074,-4.7349,-0.2641,-4.1236,-3.6949, 0.9038, 4.2932,-0.0532, 0.2018,-3.0860,-2.2205,-3.9441,-2.9696,-4.3045, 1.7171, 0.6787,-1.9898,-2.2457
-2.8790, 4.0003, 0.2794,-0.6380,-0.9432, 1.3648, 4.8513,-1.2916,-3.6552,-3.7159,-2.0266,-3.7261,-3.8451,-0.1957,-2.9795, 0.2337,-3.8110, 0.2814,-1.1127, 1.0783, 0.1666, 2.8229, 1.1708,-2.4072, 3.0766, 0.1591,-4.6353, 3.0737, 3.2716,-2.4617, 0.9709, 1.7435, 1.0503, 3.5495,-4.1128,-4.5067, 0.9336, 1.2033, 4.9215, 1.3886,-3.9646,-4.9190, 0.0308, 2.8639, 4.8786, 4.6204,-0.9799, 1.7591,-2.3048,-0.1081,-2.4552,-2.1775, 1.2232,-4.2646,-2.3853,-1.3367, 0.0748, 4.9346,-3.4154,-4.4810
-3.3675, 0.3749,-0.3500,-3.6331,-2.5178, 1.8705, 3.8104, 4.7957,-0.5854,-2.4393,-0.8204, 4.3149, 4.3864, 4.3923, 4.5853,-3.2131, 3.1163,-0.4693, 1.0635,-0.5049,-1.7153, 0.9411,-1.2759,-3.0590, 1.4622,-4.4846, 3.0447, 1.3966, 0.2904, 1.8557, 3.1661, 2.9510,-2.9131,-4.0651, 1.1031, 4.2537,-0.9012,-1.7326, 0.5256,-3.2692,-4.1785,-0.6683, 2.4847, 0.2501, 1.5143,-2.1651, 0.0631, 2.1008,-1.9642, 3.0407, 1.2939, 1.3223,-2.9315,-3.2007, 0.7398, 4.3779, 4.6282,-3.4411, 3.4380, 4.3338
 1.1214,-0.5331, 4.2828,-3.0499,-0.9345,-2.6758,-3.0096, 3.7334,-3.6520, 1.0571, 1.5584, 0.9253,-1.8586, 4.1354, 0.6441, 0.7213, 3.9457,-3.6241,-4.6024,-4.8873, 2.8276,-4.2040,-1.4309, 2.8338,-2.5661,-0.7564,-1.8790, 2.3523,-4.7670,-0.8634, 1.8985,-0.9830, 1.9484,-2.3141, 4.2969, 4.5320, 3.1716,-3.9901, 3.4134,-4.0572,-0.7953,-4.2197, 4.7048,-2.8852,-3.2393, 1.8782, 0.0285, 4.7370,-1.6186, 0.5231, 1.9232,-3.1204,-0.4031,-2.5537,-2.4059, 0.5442, 1.5975, 1.0546, 2.5725,-4.1186
-2.5228,-4.1821, 2.7197, 3.3412,-2.9900, 2.1778, 2.6623,-3.5343, 4.4040,-1.9272,-2.5409, 3.6030,-3.2387,-4.8468,-1.0331,-1.9349,-0.4026, 1.4858,-2.1145, 2.4915, 1.3301,-0.0476, 4.2955,-2.3010, 1.7158, 0.8535,-2.8587,-4.1317,-4.5870,-3.3789, 0.9333,-0.9190,-4.5503, 0.4717, 4.5652, 1.1387, 0.9658, 3.8896, 0.2956, 3.8405, 1.5382,-0.8744, 4.2905,-4.5548,-4.8962, 0.4499, 1.6088, 2.4201, 0.7246,-1.4736,-0.0832, 0.6541,-2.8335,-4.2162, 4.0973, 2.5051,-4.1255,-1.2986, 2.1133, 3.0329
 1.2597, 1.4712,-2.1900, 3.9837, 4.0180, 1.9387,-2.0706, 0.6617,-0.2326, 3.2397,-2.8582,-0.6125, 2.0943,-3.9548, 1.4654,-0.7350,-4.7091, 4.1746, 1.9137,-3.4534,-0.2834, 2.8754, 2.0946,-4.6811,-1.6412, 1.1029, 0.1152, 2.3681, 1.8247,-3.6505,-4.7688,-4.7024,-3.3564,-0.2107, 4.9332,-3.3399, 0.0091,-1.7262, 2.6545, 3.7043, 4.8968,-0.0899,-4.3846, 1.1873, 3.7945,-0.5100, 2.9914, 3.7981, 2.1371, 3.7953, 0.5538,-0.4572, 2.4524,-2.2040, 0.3970,-0.5981,-4.8942,-0.3438, 4.4746,-1.7687
-3.9417, 0.5905,-0.2890,-4.9251, 1.8399,-4.9411, 3.0729, 1.9146,-3.9684, 4.2684,-1.8661,-0.0227, 3.6829, 4.5685, 2.7818,-4.2886,-2.4741, 4.4470,-4.1073,-4.4477,-4.8261, 1.3790,-3.6397, 3.9872,-3.9699,-1.0270, 0.3076, 2.1055,-4.1292, 2.1417,-4.5922,-2.4303, 1.7940, 3.3541, 3.0113, 2.6664,-3.7074,-4.5115, 3.9131,-3.5105,-4.5936,-1.6900, 3.0242,-1.5991,-0.9622, 2.4087, 3.1460,-2.6146,-4.0665, 4.4363, 0.1250, 0.5701, 0.2726, 3.6356, 0.0143,-2.1444, 2.9242, 0.3250,-1.8395, 4.6276
 3.0841,-0.9276, 3.7428, 1.0645,-2.4993,-1.9797, 2.2041, 1.4328, 2.3158, 3.4812, 4.6259,-2.0213, 0.5749, 3.6520, 3.1002,-4.3091, 3.4695,-3.4244,-3.3788,-4.4889, 3.0689,-3.3423,-0.2682, 0.6834,-1.0761, 3.7578, 1.9958,-3.5188,-2.6038,-0.2362, 4.3879, 2.7172, 3.0468, 3.1745, 2.5800,-3.8232, 0.7636, 1.6419,-2.0571, 3.3366,-0.2224,-3.1374,-1.0341, 3.3423,-3.6286,-1.9686, 1.4634, 4.9589,-0.1731,-2.3276, 2.5775,-2.8752, 0.2773,-4.2656, 2.1229,-0.0944,-0.6033,-2.0681,-0.5215,-1.0608
-1.8207,-3.1605, 1.8776,-3.5565,-2.6239, 1.8618, 0.4577, 2.9097,-4.9534,-1.1803,-1.5091, 4.5154, 1.4167, 0.6439,-2.4455,-4.8374, 3.5615, 0.6506,-0.0317, 2.1452,-1.8263, 4.6307,-3.9999,-1.5927, 0.4826, 0.6183, 0.7921,-0.4076, 4.5670, 0.3648,-2.4497, 0.4376,-4.9030, 2.3168,-4.6538,-4.0024,-3.4213,-4.9241, 0.7997, 3.8823, 0.6271,-0.1646,-0.0142,-0.9656,-2.2829, 0.3390, 3.6585,-3.5408,-3.0166,-0.9323,-1.5539, 1.4446,-3.9016, 1.8813,-0.1482, 4.7296,-2.7656, 4.4348, 2.0326,-3.7744
 1.4728, 2.9951,-1.9999,-4.2759, 2.3130, 1.2313,-1.8857,-1.9966, 0.4301,-3.1723,-0.7272,-1.3490,-1.3400, 0.4865, 1.0101,-3.7817,-3.5787, 1.5177,-3.5387,-0.7317,-1.6127,-0.7628, 0.5430,-2.9195, 0.0978,-3.4751, 0.2789, 2.6630,-0.9111, 4.0866,-3.0613, 0.7484, 0.0948,-0.3909,-0.0446, 4.8830,-1.6570, 1.6116, 0.1190, 3.0896,-2.9736,-2.0704, 3.8394,-0.7928,-1.3731,-0.5729,-4.6223,-0.6877, 0.9048, 2.5925,-0.2944, 3.6971, 1.2319, 0.2404, 1.0101,-0.8735,-4.9999,-3.6728, 4.0829,-2.6352
-4.9588,-3.0831,-0.4415,-3.9387,-4.7572, 1.4652,-1.7007, 1.5743,-1.8002,-2.6895, 4.5257,-1.1195,-3.1209, 4.7537,-2.1276,-3.8017,-4.5520, 1.1991,-0.9459,-4.1656, 0.1995,-1.2140,-2.5421, 1.6612, 2.8474, 3.7097,-4.8996,-2.1553,-0.8946, 2.7429,-1.9218,-2.6447, 3.6489,-0.2953,-1.1027,-0.1154,-2.8669,-3.9303,-2.9860,-4.6540, 4.8266, 4.4680, 4.6544,-0.0606,-3.3495, 2.9214,-4.8635, 2.2023,-2.1577, 0.6646, 3.7327, 4.6490, 4.4599,-4.0763, 0.4333,-4.7472, 4.4850,-4.6057,-4.7394,-4.0708
-0.6161,-4.9711, 2.0554, 2.3312,-2.3578, 4.3316,-4.0916,-2.9218, 2.3341,-0.8847,-3.6001,-4.9257,-1.8583, 2.1073,-0.5622,-2.7887, 1.0043,-2.0662,-2.7890,-1.1291, 3.7386,-4.5623,-2.6595,-2.2230, 4.8519,-1.2137,-2.3601, 3.6177, 2.9050, 3.2014,-4.7468, 1.6490, 4.5386, 0.0126,-2.4962, 2.3072, 4.0621, 3.7489,-4.8030, 3.4814,-0.6501, 2.2746,-3.0938,-3.4296, 3.6197, 3.4422,-4.0377,-4.4255,-3.5089, 0.6105, 2.3100,-4.6545, 0.0727,-0.5407, 1.4050, 1.7299,-4.9587, 4.7104,-4.8745, 1.8190
 2.1983, 1.4400,-3.3050,-1.6899, 4.3737, 0.1616, 4.6150, 1.4999,-1.7003, 4.7973, 4.6786, 4.6972,-3.5706, 2.0961, 2.5045,-4.4894,-4.4437,-0.4345,-1.5551,-0.4905, 0.6857, 0.7839, 2.8439, 4.5915, 0.9627,-4.6353, 3.9286,-3.1158,-1.6797,-3.9566, 1.9954, 3.7919, 2.3313,-2.0282, 3.8689, 2.3116, 4.5024,-4.7282, 3.3761, 1.2297, 1.1825,-2.7449,-4.1619,-2.9768,-2.7002, 2.7982,-2.2627, 1.4617,-4.5878,-3.3284, 0.6289,-3.2247,-2.7260,-1.1474,-4.3991,-1.1620,-1.9671, 0.6225, 0.2028,-0.4358
-1.1750,-4.0718, 2.8381,-3.9710,-1.6679, 0.1995, 4.2987, 4.0236,-3.6356, 0.7692,-1.8653,-3.0952,-0.4968, 1.2789, 3.1820, 3.1713, 4.8145,-3.0606,-0.7906,-0.7410, 4.9313,-3.7344, 2.6144,-2.4911, 3.8675,-3.9642,-3.6970, 2.4326, 2.4478, 0.2439, 2.8320,-4.3973,-2.9413, 4.9544, 0.0185,-1.3592, 0.9889,-4.6254,-4.0175,-2.9761, 1.9090, 4.9638, 4.8927, 0.0752,-0.9867, 3.7820, 3.7164,-0.6017,-4.7163,-0.8145,-2.0170, 1.4099, 1.7685, 1.9494, 2.9764, 1.4392,-4.9956,-4.9976,-4.8622,-3.1424
-3.5775, 3.9550, 2.3446,-3.5015, 1.0729, 4.8887,-4.9501,-2.5018,-2.8725,-2.6545, 4.7213,-1.3945, 1.7360, 0.6642, 0.4902, 4.3222,-0.1621,-3.6872,-4.0167, 1.3640,-2.4689,-2.7946,-3.0929, 4.7896, 0.5771,-2.5840, 1.6101,-0.2314,-2.5812,-4.1287, 2.4427, 2.8985,-3.1297,-0.3514, 3.3131, 2.0579,-1.9504, 4.8478,-4.9207,-0.7030, 3.1721, 0.7294, 4.3287, 2.5803, 2.6704, 1.1731,-1.4663, 1.0741,-0.6374,-3.0937,-2.7966,-0.2311,-1.4466, 1.3888,-1.5206,-3.0041, 3.1606,-0.6397, 4.3047,-0.7441
-1.5489, 4.4375,-4.5441,-1.8269,-1.4933,-4.0921, 4.8978, 1.2568,-3.3402, 1.7851,-0.9851,-2.2248,-4.7986, 1.1225,-2.3974, 2.6106, 4.2147, 0.8755, 0.6250,-1.6665,-4.5798,-4.6781,-2.2834,-2.3667,-4.3924,-4.1840, 3.6561, 4.8800, 2.0389, 4.5431,-4.3248, 3.4650,-2.8784,-3.9943, 2.9261, 0.0466, 4.3564, 1.3199,-3.3971, 0.9790, 1.2420,-0.2263,-3.6173,-1.5080,-4.2753,-0.3364, 4.9595, 1.2881, 3.5757, 2.8469,-0.5265, 0.9071, 2.0923,-4.0489,-1.4508, 1.8003, 0.0316, 3.2610, 4.9570,-2.2267
 2.4213, 0.3277, 2.9778,-4.5053,-4.4383,-2.4684,-3.6867,-0.4106, 1.3059, 0.1447, 4.8752, 1.4914, 3.7265,-1.8881, 2.3044,-1.8785,-4.8863, 2.8021, 2.9141,-0.2971,-0.1413, 2.5818, 0.2230,-2.8501,-4.3183,-0.7214,-0.6897, 0.2396,-3.6506,-0.9323,-3.7308, 1.6148,-2.3836,-3.5552, 0.8529,-4.0525,-1.4469, 0.9882,-1.6741,-4.7047,-2.9953, 4.3376, 3.4048,-1.9606, 2.2747,-1.9484, 1.7798, 1.2137, 2.8523,-4.4468,-3.1680,-2.0775,-4.8480, 2.4323,-0.3166,-3.3105, 1.0799,-1.4390, 0.0208,-2.7862
-4.0177,-4.4143,-2.1874,-1.8469,-4.8239, 0.5878, 4.5241,-2.3926,-4.6822, 0.0310, 1.5441,-4.4930, 0.8793,-2.3355, 3.6545,-4.8504,-4.8794, 2.6232, 2.7963,-1.8712,-1.4960, 3.5616, 2.8973, 2.1303, 1.2312,-2.2971, 1.9927,-2.9457, 0.3299,-2.8417,-0.9635, 4.4636,-2.7830,-4.7537, 3.4877, 0.5805,-0.4558, 4.6796,-0.3716, 0.4982,-4.8347, 2.6841, 2.5479, 3.7209,-3.5702, 0.8722,-2.5073, 3.4397, 3.6942, 2.2206,-1.1699,-3.1519, 2.7113, 4.7768, 0.5316,-2.0349,-0.4804,-0.0298, 0.1366, 3.8285
-3.7328, 4.6320,-0.2578, 0.6291, 0.9411, 2.6671,-3.0555,-2.9937,-0.6038, 3.7379, 0.0953, 1.6149, 1.5546, 3.9798,-2.2288, 0.3061,-3.9375,-2.1971, 0.2047, 4.7055, 0.2693,-3.2184, 2.7370, 3.9753, 2.3505,-2.5238,-1.7575, 1.7184,-2.4620,-4.5819, 2.3290,-3.8856,-3.4756,-0.3028,-0.2043, 0.7035, 1.7661, 4.8411, 2.4441,-0.9330, 1.1568, 3.0959,-2.6079,-1.0474, 3.1068,-0.3166,-3.0077, 4.5909, 4.0683, 1.7499,-4.3634, 3.8385, 3.1163,-4.9145, 1.9582, 3.3122, 3.0230, 2.6283, 4.6445,-2.1180
-0.2311,-1.6404, 3.5148, 0.7302,-2.8058, 4.3781, 2.7607,-3.5948, 3.3408,-4.1495,-2.6013, 1.5250, 1.1037,-2.9344,-3.9614,-0.5192, 4.0575,-1.7680,-3.4920,-2.1627,-2.6736, 3.0740, 0.2324,-3.2531, 1.4015,-3.2691, 0.2817, 3.3405,-1.5187, 4.9691,-4.6473, 3.3507,-2.0541, 4.7228,-1.4207, 2.8873, 0.0093,-0.5116,-0.3063,-1.5044,-4.9564, 2.1334, 4.6226, 3.0202, 2.1295, 3.1932, 2.8515,-4.1435, 3.1983,-4.8564, 2.8122,-1.0329,-1.4111, 1.2136, 0.1659,-4.3056,-2.5105,-3.1953,-2.4913, 2.4475
-2.5116, 0.4579,-0.6877,-1.3864,-0.4363, 2.2422, 3.4937, 4.6867,-2.1213,-4.9624,-4.0183, 0.2619,-4.5887, 3.4126,-1.1945,-1.7408, 4.7530,-0.4072, 0.8006, 0.1155,-4.3687,-4.4007, 0.3308, 3.8589,-2.4391, 3.9932, 3.7235, 0.2907, 2.1786, 3.7616,-1.2285,-3.1945, 0.1106,-4.5198,-2.7093,-3.1550, 3.9965, 4.5489,-2.4001,-3.1189, 0.2675, 4.4263,-1.8706,-2.3508, 1.7036, 0.2421,-4.7399,-0.4400,-1.6094, 2.6502,-3.6253,-2.2287,-3.4522, 1.6670, 1.2009,-0.0122,-0.5980, 4.8542,-3.8418, 3.0518
 1.8660,-3.0560,-3.0177, 1.0624,-1.5313,-1.3433, 4.2214, 4.1768, 0.2030, 4.5885,-1.0420, 0.1501, 1.5605,-3.6892, 1.2245, 2.9217, 2.5790, 3.9782, 0.8470,-1.5061, 4.8135, 0.8085,-3.8730,-3.2230,-3.1269,-4.0498, 2.9818, 1.2596,-2.4559, 4.3263, 3.9960, 1.6825, 3.9464,-1.6388, 0.9113,-4.8768, 4.4471,-3.4623,-4.4113,-3.1420, 1.7051, 2.4731, 2.0135, 4.3413,-4.8030,-4.2022, 3.6372,-2.3969,-2.6676, 0.6006, 0.9784, 3.4695, 1.4846,-3.4908,-2.7349, 1.5825,-1.6438,-0.8525, 1.1740, 4.6480
 1.6585,-2.6742,-4.3177, 4.0614, 3.7112, 2.9587, 1.4440, 3.2391, 3.9507, 1.1295,-2.1402, 0.7140,-1.5925,-1.8473,-3.6356,-4.8441,-4.6071,-4.9375, 0.0062,-0.8855, 1.5747, 2.1277, 3.9479, 4.4665,-3.9424, 1.9854, 1.1402, 4.5502,-3.8177,-1.8237,-2.6260, 3.3635,-4.0311,-1.5217,-0.3377, 0.0553, 2.0320, 0.8795,-1.9449,-3.1876,-0.4393, 2.6425,-2.4138, 0.7223,-3.0837, 0.9652,-3.3457, 1.4222,-1.7953,-1.7936, 0.4374, 3.4785,-4.9922,-3.8908, 0.1485,-2.5126, 3.7040, 1.0386,-0.2076, 4.2666
-2.2117,-3.2734,-3.1173,-2.0062,-2.1850,-4.9286,-3.9719, 4.9941, 1.2555, 1.0175, 0.0130, 1.3234, 0.0739,-4.0777, 0.0516, 1.9179, 1.3900,-4.8555,-3.1734,-0.7650,-0.5292,-2.5186, 4.4399, 0.4726,-2.8250, 0.8966, 0.5892, 4.9721, 0.3919, 3.8104, 4.3069, 2.6558, 3.2273,-0.2905,-3.4523,-3.9340, 2.9353, 1.6851, 0.3395,-3.0351, 3.8853, 1.2137,-1.4539,-0.0672,-4.1456, 2.3981,-0.2878, 1.1817,-2.7639,-0.4440, 3.8645,-3.7446, 2.3846, 3.6122, 3.5568, 3.2660, 2.7945,-0.5769,-1.0354, 3.9235
 2.8371, 1.3090, 3.7685, 1.5008,-2.5656,-3.2885,-1.9573,-1.0520,-4.6658, 1.7759, 1.3901,-1.5797, 3.7648,-0.3838,-0.0454, 0.2973, 3.8034, 3.0108,-3.9332,-1.4190, 0.6777,-1.7741,-3.0186, 1.1353,-0.2026, 4.4918, 0.1796,-0.8668,-4.1242,-1.6409, 1.2341, 2.6507, 1.4122, 1.1386, 2.7771,-3.9940,-1.1965, 3.4591, 0.8116, 1.0000, 3.8288,-1.6391,-0.9799,-1.5619,-2.9144,-2.0040, 1.8871,-1.5264,-4.3416, 4.4843,-1.8878, 4.1386,-0.8853,-0.0725, 1.4690,-4.4836,-4.4311,-1.6910,-2.6921, 2.1802
-4.3617, 0.2547, 4.8516,-2.2202, 4.8114, 3.0247,-3.4943, 3.8239, 4.1817, 4.0343,-2.7351, 2.9558, 2.0117,-3.9987,-4.6639, 3.2731, 4.1191, 2.9621,-4.7950, 0.5072, 4.9659, 4.8860, 2.5293, 2.9207, 3.1258,-1.7520, 2.9290,-0.8819,-3.7935,-3.7921, 0.0839, 4.7413, 1.5517,-4.1764,-3.3936,-3.4647,-3.3481,-3.7538,-4.4550, 2.9102, 0.8700,-4.2318,-0.5531,-0.1765,-0.1835, 4.5156, 1.2065,-2.0760,-2.6217,-3.9006, 1.2855,-1.6151, 3.8906, 4.6322,-0.9349,-4.8063, 0.4934,-2.1094,-3.5784, 0.6739
-3.2342,-4.8491, 1.1393,-4.3519, 0.9459, 0.3007,-4.2415,-3.3250,-3.3274, 0.4622,-2.9384, 3.7754, 4.4266, 4.3224,-4.4184, 4.8186,-4.7569,-1.4491,-3.1414,-3.3525,-3.9933, 3.6993, 2.7220,-3.6593, 1.2572, 2.6676,-1.3376,-2.5837,-4.8434, 0.8171, 2.5694,-4.0079, 4.5906, 1.4198,-4.8689, 1.9547, 4.3824,-4.1359,-4.0273,-4.7428, 2.7244, 4.1534,-2.7402,-0.2196,-3.2037,-3.6546,-2.7720,-4.9798,-3.1737, 3.7561, 4.3410,-4.5894,-1.0928,-1.8517,-4.0740, 1.2560, 4.4889,-1.0710, 1.7332, 1.7033
-3.9584, 0.6062,-3.6093, 2.8794,-0.7627, 3.0038,-3.8996,-0.7378,-4.0132, 3.4276,-0.5905,-3.8100, 4.2795,-2.5828, 2.1187,-0.7157,-2.5727,-3.1607,-0.0309,-1.8567, 4.4700, 2.1885, 4.1780, 0.2187,-2.6396, 1.3723,-4.7779,-3.7264,-0.3252,-4.2714, 3.0089,-3.7081, 0.2197, 1.3490,-4.9079,-3.3613,-0.7392,-2.6338, 3.8980, 1.5622,-1.5093, 3.6791,-3.7310, 2.6956,-4.9516,-3.4621, 1.9546,-1.6808, 0.6510,-4.0440,-3.7867, 2.6727, 1.8169,-1.2813, 0.2020,-2.5738, 4.2527,-3.2548,-3.7395,-0.8382
-1.1139, 1.3309,-2.3695,-2.9453, 0.2507, 4.0889, 0.5035, 0.5317, 4.6188,-1.2892,-1.2174,-2.9277, 4.3047, 1.9787, 3.7396, 2.3920, 2.8415,-4.4895, 2.9805, 4.6573,-2.5453,-0.5683, 0.0155, 0.0693,-3.2683,-4.9173,-4.7692,-1.9396, 2.0286,-3.7067, 3.3655, 1.7042,-2.0801,-4.3156, 1.6005, 4.0703, 3.7475,-3.4573, 2.8447, 1.6645, 3.8326, 2.6552,-3.5110, 3.5050, 0.1725,-2.0027,-1.2609,-4.5479,-0.3024, 0.9451,-1.9801, 0.5478,-3.2171,-4.3117,-0.8415,-1.4571, 1.6472, 3.7721,-0.8624,-3.5527
-2.8084, 3.1015, 2.7330,-0.5848, 1.4033, 3.0070, 3.9004,-0.9032,-4.4416,-0.2170, 0.9513,-2.9364,-1.4928, 0.4276, 3.8770, 2.7881,-4.0682,-1.9528,-1.8981, 2.7092,-1.2310, 3.3494,-4.8141,-3.3123,-0.9491, 4.4000,-1.0261, 3.2946,-0.4347, 0.3336, 4.8603,-1.3356, 3.5030,-0.0296,-3.1720, 4.1318,-3.4987,-0.5216,-0.6834, 2.7888,-4.4801, 1.3320, 0.4660, 3.4611, 2.6863, 0.1680, 1.2460, 1.4338, 3.6456,-3.2175,-0.2425,-0.4435,-3.5830,-3.8386,-4.4327,-0.7582, 1.0564,-1.0337,-4.5775,-3.5955
 3.7048,-0.5703,-1.6444, 0.5053, 3.0055, 2.8012, 4.2830,-0.5661,-2.3875,-4.8088,-3.4369, 4.8902, 0.2503, 0.7755, 2.2484,-3.1040, 2.5507,-0.5299,-4.5990, 2.1520,-1.5158, 4.8600,-3.2447, 2.9147, 3.6672,-4.4252,-1.8833, 3.8140,-4.6941, 4.3190, 3.2539,-0.3792,-3.8947,-0.8726,-2.7902,-2.6461,-2.2751, 0.1817,-0.0126,-4.5153,-4.4838,-1.9958,-0.0313, 0.9098, 1.8940,-0.5259,-4.3795, 1.9069, 0.3986, 0.9727,-2.2486, 1.8181,-4.9940, 0.9471, 2.4855,-0.9271, 0.7161,-0.2341,-2.6737, 1.3203
-3.8974,-3.3054, 3.4134, 3.4179, 0.7305,-0.1428,-2.3606, 2.6070,-3.6587, 2.1108, 2.9139,-0.8203,-3.3813,-4.4033,-4.4765,-2.0312,-4.3935, 4.0181, 2.0032,-0.1091, 3.3390,-2.5763, 3.6328, 4.4900,-0.5430, 0.7080,-3.4881, 2.3290, 1.1824, 3.2482,-2.5581,-4.8984,-2.3577, 0.9382,-2.7713, 3.5408, 2.2424,-3.7925, 4.1104,-3.1829, 0.1415, 3.7855,-2.6671,-2.6746,-1.1537, 4.1929,-1.5670, 3.0408,-2.2852, 0.8532, 4.1455,-2.7641,-0.6049, 3.5098,-3.3622,-4.0051,-4.2752, 2.3945, 4.3404, 1.4734
 3.0928, 1.8447,-0.1756,-4.9080,-4.3928, 4.3554, 4.8672,-3.0072,-1.8134,-3.2738,-2.1111, 3.2273,-4.3786,-0.4529, 4.8437,-1.6466, 2.2350, 4.4665, 2.0756, 3.7481,-3.6342,-2.0809,-4.9237, 3.4451,-1.4413,-1.4607,-2.4667, 0.8784, 1.2578, 0.6699,-3.9991,-2.0015, 2.3084,-3.1504, 1.2303, 1.6522,-3.1704, 1.6537,-3.5211, 0.8298,-3.0540, 4.9004,-3.1012, 0.4329, 0.8118,-4.1499,-2.4624, 1.6006,-0.5507,-0.8590,-3.6933, 0.4139, 3.6807, 2.5800,-2.5827, 2.7727, 2.4406,-1.3647,-0.6532, 3.1997
 0.5992, 1.4810,-3.6065,-2.0466, 4.3556,-3.5960, 1.2546,-3.6451,-2.8328, 1.0555, 1.3162,-3.2701, 2.8939,-3.4325,-2.5178, 2.7627,-4.8830, 2.2464,-1.3969,-3.7624, 0.2347,-1.7870, 1.2618,-1.1366, 3.2841,-2.0222,-4.3531, 0.5279, 4.6512,-3.3916, 4.1512,-0.6066,-2.0775,-1.3208, 3.1239,-4.0483, 0.3678, 1.1673,-2.6544, 0.3066,-4.2907,-4.1629, 1.1042, 2.5736,-2.7479,-1.5078,-2.2275,-0.0286, 0.2501, 3.3215, 0.0595, 2.1841,-4.0197, 2.3906, 1.8865,-1.0644,-3.6688, 4.3634, 4.3997,-2.9676
-3.8681,-1.1573,-4.2493,-4.8107, 1.6593,-2.9252,-1.9505, 2.5197, 0.3161,-2.5607,-2.0908,-2.3339, 4.3875,-4.4743,-2.5046, 0.1963,-1.4172, 2.1306, 2.9975, 0.6963,-2.4644,-4.3890,-4.1885, 1.9985,-2.5825, 3.6317,-4.6700, 4.7662, 2.4928, 4.7148,-4.9081, 4.5543,-0.1552, 2.6136, 3.3933,-0.5392, 3.7513, 1.7695,-4.6324, 0.6640,-4.9994, 4.7672, 2.9315, 0.3110,-1.9072,-3.5624,-4.9881, 4.0524,-3.7954,-1.3438,-2.9811, 3.7787, 2.9977, 0.0322,-2.5726,-4.2273, 4.7538, 2.3870, 1.8121,-3.2358
 4.2825, 3.2128,-4.3566,-3.5152,-1.4886,-2.4326,-1.2153,-1.1794,-2.2227, 2.5386,-0.6569,-3.1423, 3.5543, 1.7748,-2.3794,-0.1293, 1.2178, 0.2305,-3.9927,-0.3037, 1.8570, 0.6034,-2.3666,-4.7224,-4.4030,-3.7371,-3.7180, 1.7280, 1.0672, 3.7933,-1.2714, 4.5676, 3.3047,-2.1070, 3.6841, 3.2968,-4.7861,-3.6075, 4.0548, 2.6708,-1.0674,-3.9048,-1.8552, 4.9519,-0.3251, 2.2500,-4.4215, 2.2708,-2.8165, 2.8289, 3.8836, 1.5518, 2.1252, 3.5922, 3.2559,-2.9783,-0.9653,-1.8529, 2.7393, 1.5002
-4.0388,-4.2315, 3.1813, 2.2011,-3.7926,-1.8971, 0.3956, 4.9001, 4.2636,-0.9068,-1.2766,-1.3807, 4.0144,-0.7523,-3.9346,-0.0255,-0.7217,-4.2392,-0.6833, 0.3856, 4.5076, 3.0977, 3.8317, 3.7305, 4.1107, 3.1474,-1.6220,-2.3941, 2.0468, 4.5731,-0.3665,-1.8880, 3.1468,-3.3904, 0.8292,-2.7277, 3.9366,-3.8408, 1.0749, 3.8092,-3.6016,-3.4803, 2.7785, 3.4959, 2.6548, 4.9825, 4.2336, 3.7019, 4.6339, 1.3743, 4.6871,-1.5742, 0.7805,-0.4251, 3.7618, 0.9901,-3.4857,-4.7022,-4.2562, 3.3182
-2.8486,-3.0521, 3.5156,-3.8218, 2.4210, 3.3482, 2.7101, 0.9778, 3.3003,-4.8791, 2.7009,-0.6033,-2.5663, 0.7462, 1.2421, 4.2555, 0.8586,-0.0912, 4.1552,-3.8670,-1.9387, 4.6281, 3.1522,-0.3875, 3.3196,-0.6798, 4.6657, 3.5222,-1.0674, 4.1470, 1.3470, 2.5767, 0.2760, 1.4517, 3.1384,-1.9619,-3.0039,-4.6820, 4.3218,-0.3425,-4.3622,-4.4996, 3.5542,-4.7243,-3.0539, 1.1183,-4.5376,-1.7309, 3.4942,-4.5739,-4.3015, 1.5893,-4.2481,-0.9958, 2.9737, 4.1548,-1.6670, 2.4249, 0.4400, 3.8624
-1.5269,-2.4554,-3.7642,-3.9856,-4.3774,-0.0535, 3.3132, 0.2495,-4.7145,-0.8328, 0.0749, 0.7954, 1.7223,-0.5316, 2.4575,-0.6535, 2.4803,-2.0602,-3.7237,-4.6017,-3.7928, 1.0331, 0.8216, 2.1765, 0.1417,-1.9658,-3.6122,-2.5754,-4.3762,-1.2170, 2.3217,-4.3100, 1.1223,-4.9711, 3.3652,-3.3479, 1.7838,-1.4618, 4.4093, 2.8260, 2.1382,-3.5558,-0.8878,-3.2020,-2.3351, 2.4274, 1.8708, 4.4308, 3.5273,-4.2003,-0.4634,-0.8215, 3.8445, 3.1560, 3.9234,-3.6883,-0.6913,-0.9645, 4.6162,-1.0977
 4.2325, 0.0914, 4.8266,-3.9458,-4.4165,-0.3042, 2.5215,-0.8785,-2.3923,-4.8043,-2.8175,-1.6150,-1.5163, 3.3833, 1.9750, 1.2825, 1.6624, 0.4397,-0.9455, 4.2068, 0.0848, 3.7632, 2.9891, 1.3006, 4.7556,-3.7612, 3.4499,-2.8148, 3.6427, 2.9996, 2.1150,-1.0155,-1.9965, 2.3410,-2.3623, 1.8996, 1.4646,-4.0137, 0.8774,-3.6800, 2.8800, 2.7430, 4.9989, 4.7706,-0.4858, 3.4291,-0.5969, 1.7991,-1.6077, 0.2106, 2.0854,-2.3140, 2.3503,-2.6927,-1.0641,-3.8707, 0.6000, 0.9936, 2.4292, 2.7924
-4.9288, 2.5796, 4.9493,-3.3586,-0.6649, 0.9324, 2.1311,-0.6985,-0.8473, 1.9264, 0.3320,-1.5591,-2.1955,-4.0711,-3.1152,-2.8482, 0.0630, 1.1252,-3.8774,-3.0320,-2.9367,-3.1786,-3.6132,-1.0872,-0.4682, 4.2698, 4.1202,-1.4614,-3.0756, 4.4665,-1.3368, 0.1647,-3.3328,-3.4449, 0.5608, 3.9072,-3.1084,-1.0870,-3.2535, 2.5514, 3.8546, 3.3840,-3.0376,-3.4299, 2.1752, 3.5956, 0.5770, 1.7007, 0.1695, 2.5374,-0.9241, 2.1109, 0.3942, 2.2056, 0.2651, 2.1618,-1.6257, 2.9167, 1.9917, 2.8470
-3.4385, 3.6030,-4.5120, 3.8550,-0.2524,-2.8860,-1.0796,-2.2760,-4.8079, 4.1958, 4.3407, 0.5051, 0.6086,-2.0643,-3.3463, 0.7476, 3.2224,-4.5037, 2.5007,-1.0500,-2.7727,-2.4312, 0.5370,-2.2423,-0.9419,-3.4129, 4.9725,-0.2125,-2.7104, 0.8944,-3.9409, 1.4953, 4.3115, 0.2073,-2.2013, 1.5019, 1.8994,-4.8765,-4.8251,-4.4036, 1.5734,-3.3413, 4.2787,-4.3944,-2.6653, 4.9135, 3.0624,-0.6807,-1.1363,-2.0227, 4.9194, 4.0061, 1.4932,-3.9655, 4.3100, 2.8207, 1.2690, 3.8063, 0.7070,-1.4828
 1.9444,-3.2721,-1.2048, 3.4850,-4.5093,-0.9208, 0.1161,-3.2623, 3.3424, 1.8848,-3.6881, 1.9111, 2.5484, 2.4225,-4.4520,-3.4822,-4.5747,-1.2613,-2.3124,-4.2569, 0.5746,-1.3706,-0.8616, 0.3063,-0.4320,-2.1228,-2.9246, 1.0617,-0.2269, 1.0591, 3.6648,-3.4983,-3.0885,-0.1833,-1.0721,-1.0713,-3.6670, 0.2964,-0.1516, 4.4605,-3.0341,-4.1147, 2.2124,-4.7851, 2.6676,-2.6862,-2.0269, 3.2678,-2.3598, 0.1949,-0.3258, 4.1848, 4.1494, 2.8702,-2.1041,-0.3185,-3.7018, 2.0252,-2.6789,-3.8788
-0.8711,-1.5358, 1.5468, 2.4732, 1.7577, 3.8959, 4.4105, 3.9807, 4.9436,-3.8656, 4.2546,-1.6624,-0.9109, 3.4680,-3.5325,-0.8243,-0.5091,-0.8393, 4.1981, 4.3650,-4.6091,-3.6391,-0.4139,-1.7297, 1.5909,-1.8920,-4.6389, 2.5369,-0.2307, 0.5629,-0.4293, 1.6681,-0.6641, 2.7695, 2.6388,-2.0833, 1.3306, 2.3452, 2.0373,-0.0095, 3.0433,-2.3269, 2.2857, 1.8437, 0.2474,-1.8666,-0.9895, 3.6040,-3.5295, 2.3575, 2.9053, 4.9273,-2.8693, 2.1980,-4.3710,-2.6695, 3.6785,-2.9247, 4.5563,-2.8209
 3.9572, 0.6636, 3.2847,-0.3485, 3.8503, 2.8606, 4.3771,-3.9128,-3.9062, 1.7423,-4.6480,-2.2347,-3.9061,-3.7850,-1.6510,-1.3354, 3.7087,-3.5927,-2.9242,-0.7786, 2.3244,-0.1599,-2.9809,-3.0756,-0.1882, 4.0138, 3.0762,-1.4404, 0.9541, 4.9468, 3.3645, 4.9442,-4.9593,-2.7821,-3.3190,-1.7171, 3.5803,-3.8602, 4.4827, 2.8650, 0.9366,-2.2258, 3.0640, 1.5959,-2.3306, 1.8841,-3.5880, 2.8306, 2.1962,-1.4666, 4.0249,-1.3443,-4.6583,-0.0134,-4.8716, 4.8749, 3.4380,-0.4585,-2.7165,-3.8379
 1.0104, 1.5597,-3.7039,-0.5872, 1.5375, 4.0106, 1.4585, 1.0064,-2.6938,-3.5328, 4.1599, 1.1563,-0.1990,-0.9959,-3.0902,-3.8973, 3.5534, 0.7159, 2.1790,-1.3461, 0.3225,-4.8360,-1.3241,-1.0838, 0.2121,-0.5080,-4.8763, 0.1750, 0.5169, 2.0230,-4.3385, 0.7515, 1.1283, 1.4020, 1.5931,-2.0467, 2.2870, 4.1328,-1.8942,-0.8729,-1.4962,-4.7302,-1.3164, 4.8918, 1.7354,-2.6256,-1.8367,-0.3690, 1.3463, 0.6293,-0.5535,-2.2849,-0.7337,-2.6748,-4.5396,-4.5200,-1.6970, 0.5282,-0.8107, 3.0929
-0.2737, 0.2806, 2.3693,-4.3447,-3.9231,-2.0771, 0.3370,-0.1508,-0.2406, 3.8820, 0.2359, 2.3776, 4.6027, 0.0271,-1.8444, 4.0476,-1.5703,-2.8252,-4.4146, 4.7124, 3.4433, 3.8201,-3.1791, 0.5739, 1.3066,-4.3949,-1.7378,-4.7560, 0.5749, 0.3061,-4.4516,-3.9234, 1.7684,-2.7497,-1.3583, 4.6204, 4.9780,-1.7951,-0.0895, 2.1704,-1.9456, 4.5509, 0.7311, 3.2485, 1.4354,-3.0451,-4.8041, 0.1940,-4.7187, 4.2254, 4.4009,-0.1691,-4.2663, 2.4821, 0.8712, 2.8332,-0.4489, 4.0921,-1.8012, 1.2001
-2.6935,-4.1655,-0.3160, 1.6533, 3.1885,-0.3601,-0.7911,-2.0849,-0.0992, 2.9614,-0.8429, 2.7927,-4.1723, 1.7552, 2.4970,-0.2588,-2.7638,-4.8987, 0.6842,-0.7596,-2.5888, 1.3060,-2.9256, 1.8192, 0.9420,-3.5523, 4.1861, 0.0406,-4.3767,-3.4432, 1.2760, 1.1638,-3.4730,-2.7749,-0.8609,-4.9957, 4.1436,-4.9958, 1.5353, 0.5321,-0.3260,-4.8666,-1.0759, 0.9728, 1.9771,-1.1500,-1.5279,-1.8239, 3.3023, 1.1269, 1.3460, 1.2384,-3.4482,-4.9805, 1.9646,-4.7288, 4.0682, 1.3708,-4.8812, 4.1061
 0.1767,-1.8011,-2.8631, 0.4234,-3.7392, 4.6829,-0.6037, 2.1969,-4.3362, 3.9926,-2.3718, 2.0146, 1.7945, 3.4425,-2.2889,-0.0975,-4.3498, 2.0868, 1.0611, 1.6436,-1.0774,-2.0896, 0.7062, 2.4717, 4.3375, 4.7248, 2.2995, 4.1863, 1.2324, 1.6409, 2.6731, 0.9321, 1.9701, 4.3437,-1.5712, 4.5840,-4.8295, 2.6501,-2.7141,-3.0733,-2.1461, 1.4537, 0.1106,-4.9479, 2.1150,-2.2310, 4.0088,-0.9710,-0.5027,-3.9693,-4.0597,-4.9821, 1.9903,-1.4111,-4.1866, 3.9145, 3.0752,-3.3118,-2.0094,-2.4702
 3.9035,-4.6943, 2.3758,-2.0995, 2.6037, 1.8170,-1.5235,-3.3196, 1.0440,-0.0471,-3.6924,-2.8896,-1.7498, 1.4012,-3.1303,-0.6277,-1.3481, 4.7903,-2.3516, 2.9326,-1.0028, 0.8265,-1.4242, 2.2058,-2.6446, 1.1847,-1.9131, 4.7007, 4.6625, 1.2536,-1.7143, 2.9845,-0.0719,-0.1720,-2.1831,-0.7908, 0.1951, 3.5985,-3.3787, 1.1096,-3.0763, 0.6370, 3.7134,-4.0703, 1.9839,-4.6211,-0.9247, 2.8570,-3.0805,-1.7006,-4.1275,-1.9844, 1.8913, 2.9875,-3.5639, 4.9558, 3.9152,-2.2394, 2.1130,-4.9706
-0.3482,-4.3399, 1.7088,-4.9448, 0.3952, 3.3640, 1.5205, 3.6558, 2.2890,-1.6126, 2.7331, 2.7322, 0.7885, 1.6265, 3.2167,-3.5704, 4.8970, 3.1047,-0.7274,-2.7373,-1.0335,-0.9678, 1.7675, 2.1737, 4.1538, 0.8425, 1.3741, 3.1010,-3.0797, 2.7942,-4.5096,-4.1303,-2.9349,-4.5620, 1.3948,-4.3330, 3.1388, 4.2876,-3.5920,-4.2613,-0.6970, 2.6718,-1.0096, 1.3991,-1.4458,-4.1509,-3.0773,-0.0360,-2.6037,-4.1605,-3.6619, 1.7890, 4.0273, 0.4518, 2.3149,-1.6023, 2.6242,-4.8354,-2.4391, 3.6214
 3.0713,-2.7298, 0.7623, 0.5682, 4.0505,-3.6044,-1.7899, 2.5907, 4.3144, 2.7129,-0.1884,-0.4915,-2.1850, 1.1704, 4.8154, 1.0203, 1.2659,-0.2248, 3.6748, 0.8972, 0.0102,-4.7283,-2.7969, 3.8963, 3.0585, 1.3294,-0.0859, 0.1500, 2.9113, 3.6842,-1.2126, 2.3850,-0.2288, 3.7199, 1.0232, 1.8003,-3.6962,-2.2351, 4.7295,-1.7349, 1.4151,-4.5901,-3.7191, 4.0187,-4.6518,-4.1981, 4.9978,-2.3748, 4.8985,-2.5366, 2.3893,-3.7770, 0.8562, 2.0922, 2.1868,-1.9990,-1.2314,-3.2621, 4.4796, 4.2485
 1.5269,-0.3657,-3.0686,-0.0767,-4.5501, 3.5049, 0.2735, 0.6765, 0.6252,-4.0128,-4.3960,-0.6184, 0.8362, 1.3374,-3.5875, 1.9836,-3.9196, 4.6185,-0.9688, 1.5695, 3.2461, 0.8457,-1.2329,-3.7237, 4.1389, 1.0187, 3.7062, 0.7268, 1.3691,-1.7989,-3.2386, 4.0296, 2.3296,-1.6176,-0.0971,-4.9696,-1.5864, 3.0993, 1.8732, 4.1994, 2.7707, 1.4742,-3.4263, 4.3004,-0.7876,-2.4789, 4.3693,-1.2459,-4.1330, 1.9916, 0.3482,-1.2674, 0.4807, 1.1813, 3.2818,-0.8446, 0.1190,-2.5654, 3.2653,-0.5894
-3.5808,-3.0733, 3.2040,-3.2566,-3.5072, 3.0975,-2.7072,-3.9530, 0.2420, 3.9640,-2.6286, 3.1177, 2.8051, 1.8920, 0.6619,-3.5443, 1.2964, 2.0736,-4.9752, 3.3606, 2.3791,-4.8746,-3.5799, 2.4055,-2.9812,-1.2039, 0.4573,-4.3302, 1.6606, 4.5212, 3.0128,-1.0894,-3.1942, 2.5713,-2.5572, 4.6977,-2.7625, 4.6448, 3.3720, 2.6800, 4.5631, 0.9061,-2.0701, 1.6320, 1.9817,-4.3531, 4.6644, 1.5796, 0.1131, 0.3794, 4.2368,-0.4010,-0.0513,-4.3530,-2.0544,-4.1426,-0.8447, 1.0034,-3.8016, 3.4255
 4.0253,-3.3204,-4.7063,-1.8599, 4.6302, 2.9146,-4.5420, 3.1040,-1.3427, 3.2907, 3.5351, 2.9455, 0.5076,-3.9554,-3.8741,-1.1729, 3.8466, 1.4045,-3.7641,-3.3375, 1.9669,-2.2256,-1.7667, 4.7733, 3.8307, 1.5816,-1.1973,-1.5702, 3.2583,-2.6739, 3.6823, 0.9468,-4.1161, 0.3728, 2.4164,-3.5252, 4.4969, 0.4775, 3.9933, 2.0507, 3.1390,-4.7397,-4.2183, 4.7075,-3.3205, 3.3775,-0.2526,-3.9237,-1.5019,-2.0619,-0.0173,-0.0335,-4.4777, 2.3032, 2.6042, 4.8673, 1.0135,-0.1333,-4.1432,-0.0644
-3.2827,-2.1100,-1.1993, 1.9298, 0.1127,-1.5958, 4.7002, 3.9271,-0.1134, 2.3966,-3.2702,-3.6815, 1.2609, 1.3623, 3.5508, 2.0599, 3.3492,-3.3533, 2.4544,-2.3698,-3.6056,-0.2914, 1.8050,-2.2832,-3.3384,-1.2545, 3.1197,-1.4666,-4.8253, 2.1271,-1.6829,-2.3283,-0.7561,-3.7744, 2.7033, 3.8157,-0.5676,-1.9110,-0.0531,-3.4559, 4.6343,-0.3846,-0.0169, 1.2208,-3.3958,-3.2974, 0.7726,-2.9995, 1.3658, 0.3812,-1.6281, 2.6257, 2.0546,-4.5034, 4.7221,-3.3648, 3.0307,-2.6544,-1.7563, 1.5274
-1.8951,-0.9463,-1.3126,-2.6697,-4.2211, 0.2535,-3.8586, 2.8903, 4.0562, 4.9338, 2.2480, 2.8276, 1.0677, 1.7280,-0.5143,-1.6903, 4.3858,-0.5161,-4.2759,-3.8223,-0.7359,-3.5336,-3.7572,-3.7277, 0.8358, 2.7323,-1.2726,-3.1501,-3.9674,-4.8217, 1.3082,-1.7887, 0.5572, 4.7643,-0.0003, 2.0081,-1.3259, 1.4972, 0.3554, 0.3528,-4.3525, 0.4622,-1.7565,-4.3052, 2.2707,-2.7654,-3.9662, 4.8809, 1.9314,-0.0898, 3.0973,-3.9354,-2.9073, 1.2089, 1.1198,-1.4721, 4.5325, 3.7796,-2.2215, 0.0416
 1.9788,-0.8266,-0.6218, 3.8119,-0.1763,-1.5197,-4.2076,-2.6273,-1.8739, 4.0735,-0.9192, 3.7237,-4.6279, 0.4885, 3.5371, 3.8571,-2.8456, 3.8720, 2.5337,-2.7674,-1.5480,-3.5166,-1.4386, 2.2306, 1.5054,-1.6483, 4.9403, 2.2230,-3.4083,-3.2090, 3.3393,-3.8535,-2.0087,-0.9223,-3.9169, 3.8882,-3.5664,-0.8100, 2.9339, 2.4066, 3.5841,-3.5260,-2.8406,-4.5510, 1.9435,-0.0004,-4.0201, 4.4192, 2.6120,-0.2382,-3.9456,-3.3368,-3.5699,-2.3401, 4.5628,-1.6795,-0.3299, 0.3433, 1.3795, 3.9382
-2.5207, 2.2323,-4.8703,-4.8876,-0.9964,-3.9373, 1.8422,-4.5574, 2.5864, 1.8351, 0.2394, 1.6018, 1.3778, 0.2979,-3.0747,-2.6269,-2.9301,-1.0007, 3.2864,-4.7807, 3.2490,-1.7904, 0.3243, 4.2150, 2.5849, 1.8817, 1.4200, 3.4900,-0.9308, 2.6854,-3.3462,-3.9653,-1.4365,-3.9097, 2.0671,-1.8256, 4.2994, 4.1620,-4.0009, 4.4502,-0.1841,-1.2661, 2.9467, 2.1376,-3.6562, 1.6543, 2.0778,-4.0844,-1.6864,-4.2053,-1.3854,-2.4699,-2.3098,-4.1153,-0.0204, 3.2159, 3.3730,-4.7957, 2.5915, 4.8865
 2.3173,-0.3788, 0.5320, 1.8825,-1.3692, 3.0508,-3.1976,-2.0319, 1.6173,-0.0386,-0.3235, 3.8155, 2.4046, 2.1585, 4.5028, 2.6343,-3.2743,-3.1464, 1.8709,-0.5677, 3.5928,-2.6847, 1.7572,-0.0108,-3.2238, 4.1390, 4.5090,-4.2804,-3.2601, 3.3613, 2.0863,-0.5663, 3.2691, 2.2372,-4.4394, 4.8991, 3.3703, 3.8394, 3.3600, 2.9317,-0.2585,-4.4570,-0.1712, 0.5434,-0.9438, 3.9066, 1.9785, 4.2390,-4.0963, 4.3379, 1.4309, 2.4211,-2.0677,-3.9172, 2.8894, 2.2691,-1.8969, 0.0484,-2.5606,-2.3229
 3.1758, 2.2441, 4.6078, 1.7258,-4.3111,-3.5920, 4.3025,-0.4588, 2.2446, 4.9382,-4.2097, 2.9211, 0.4802, 1.5968, 2.5997, 2.7170,-3.3150, 4.6146,-3.9800,-0.8256,-0.9099, 1.3952, 3.4335,-4.5957, 2.8055, 1.8797, 0.3621, 1.8469, 1.4753,-1.6510, 1.1025, 1.4082,-2.7845,-0.9183,-3.6020, 4.6363, 2.9105, 2.0115,-4.7455,-0.7387,-3.0171, 4.9750,-4.2489, 0.8486, 1.8988, 3.5161, 2.4934,-3.4260,-2.9588,-3.8496,-3.1172,-1.5279,-0.2657, 0.7618, 2.6047, 1.5526,-3.5841, 4.2193,-2.4499, 1.0660
 0.0636, 4.9986,-1.4978, 2.3785,-0.3976, 4.6301, 1.4619,-4.9798,-0.2420, 2.5948, 4.5555, 2.7626, 3.0749,-0.3833, 4.5607, 0.6028, 3.9229, 4.5957,-0.8169, 4.3257,-0.3185,-4.3599, 3.8341, 1.7500, 1.5550, 3.6994,-0.6997, 0.0596,-0.3457, 4.7788,-0.5706, 3.4439, 2.0724, 1.4351, 4.6992,-3.3571, 2.9790, 1.2314, 2.5395,-2.9736,-1.7326, 4.8095,-0.1910, 0.2055,-1.9654,-0.2443,-4.3212, 0.2687,-3.8646, 1.5959, 3.6802, 4.7236, 4.2262, 4.7363, 0.6981,-2.7590, 2.6385, 4.0804, 2.2490, 2.6160
-1.4084, 3.2080,-1.6461, 2.2787,-2.1959, 4.9716,-3.5058,-2.6047,-3.7478, 2.1909,-3.8945,-0.8154,-1.9964, 4.5220, 4.5314, 1.3276,-2.8852,-2.5909,-1.1862, 3.9934,-3.2910, 4.4410,-4.3575,-3.8132, 3.1704, 2.5910,-3.1062, 3.7418,-2.8298,-0.3726, 0.2137,-1.1714,-3.8391,-4.7607,-1.3921, 0.4854, 3.8002, 3.2133,-0.3771,-0.5570, 2.2419,-2.2366, 4.1919, 0.5962, 1.6125, 0.6047, 2.3790,-1.9482,-0.1955,-4.7888, 0.2130, 0.9019, 2.2980, 0.5787,-0.4172, 4.0006, 0.8440, 4.8765, 0.8856,-1.5735
 0.4043,-0.9399, 3.7868,-1.5085, 3.4306,-1.9581, 4.8125, 1.1147, 4.6623, 3.9089,-2.5087,-3.7058, 1.6673, 3.6026, 4.3909,-2.9463, 0.9707,-2.6976,-0.0437,-3.8991,-1.6338,-4.6016,-2.9525, 2.3597, 2.1721, 4.1110, 2.7449, 4.6691,-4.2439,-4.2161, 2.4536,-1.6958,-3.7790, 2.3547, 2.1889, 1.3693,-3.2669, 2.5105,-0.9264, 4.1860, 2.1334,-3.9758, 2.2054, 0.9718, 1.2256, 3.6334, 1.7253,-1.4580, 2.7143, 2.2462,-3.6140, 1.9954, 2.3941,-4.3031, 3.3545, 4.9046,-2.3489, 1.9006,-4.9637,-1.7412
-1.7382,-4.0202,-2.4361, 0.9241, 4.2169, 4.2186, 3.0520, 2.8287,-1.2876, 1.6660, 0.4509,-3.2855,-4.0629,-1.0532, 4.9931, 4.3972, 0.0674,-2.9178, 3.3990, 4.8731, 0.2264,-2.1402, 4.7579, 4.0449, 4.8620, 1.7663,-4.4356,-0.9929, 1.2397, 1.2585, 1.9373, 0.6521, 2.9150,-3.6555,-1.9803,-1.0449,-1.5581, 0.9276,-0.8649,-2.2777, 2.2812,-3.3792,-0.2163,-2.1910,-0.9734,-1.8357,-3.7255,-3.5840, 3.0431,-4.7842, 1.8578,-2.1578, 2.5487,-2.2437,-3.6466,-4.7712,-4.1990,-1.7316, 3.7713, 2.3693
 0.2373, 3.1812,-1.7231, 0.4469,-0.2951, 3.3220,-0.9934,-1.2801,-2.8311, 0.7604,-1.1446, 1.3989, 1.8483,-0.0276, 3.1439,-1.5094, 2.0453, 0.0495, 2.5689, 4.5372, 3.2814,-1.4501, 3.7390, 2.2070,-1.6956, 3.9111,-2.1219,-2.4835,-4.3405, 2.6979,-0.2732,-2.0963, 4.3034,-3.7625,-1.2788, 2.0590,-0.9481,-1.9548,-2.3613, 3.6945, 1.6066,-3.1317, 0.6411, 4.5064,-3.2837,-3.7779, 4.5735, 0.9486,-2.7764,-2.1184, 3.9178, 3.9365,-0.6314,-4.0704, 0.3593,-0.9724, 4.8095,-0.6965, 0.8400, 2.7752
 4.0051, 3.1440, 3.8692,-1.4283,-0.3458, 0.1109,-1.0607, 1.4382, 2.5064,-3.7590,-1.1308, 0.9928, 2.8490, 0.6115, 3.5371,-0.3190, 4.2254,-3.7254,-4.8988,-2.1695, 1.4362, 4.7640, 4.0753,-0.2347,-1.0562, 3.6397,-1.9923,-3.8130,-3.6785,-2.3871,-1.9277, 4.4308,-2.8191, 1.3644,-4.5836, 4.5624, 2.7128,-1.4618,-2.9449, 4.6514, 2.2521,-4.0267, 2.9633,-4.5772, 4.2884, 1.3042, 2.6097, 0.9660, 3.8892,-2.4273,-0.6004, 4.3828, 2.6293,-4.7511, 4.7239, 4.9033,-2.9469, 1.5536, 3.6633,-2.6790
 2.9562,-0.7872, 2.3000,-1.1312,-4.4985,-3.0912, 4.5062, 1.2112, 4.0133,-3.4957, 3.4799,-4.6702, 0.6833, 0.1225,-3.6505, 4.6241,-4.4529,-0.7642,-1.5460,-0.1732, 3.9125,-4.0557,-4.1601, 1.9669,-0.1597, 4.2422,-1.3919,-0.9797, 4.6554,-0.4785, 2.8889, 3.7787,-2.9731, 2.3285,-3.9296,-1.3017,-1.6657,-4.9865, 2.9964,-1.3968,-0.6743,-3.0427,-0.9943,-1.7983, 4.7960, 2.0811, 0.1060, 2.5435,-1.4365, 3.2691,-4.1662,-1.7141, 3.8844,-1.1198, 3.3863,-1.9313,-3.2976,-3.4873, 2.0850,-3.8304
-2.3639,-2.4309,-0.7097, 3.4691,-3.0733, 2.0875, 4.0027, 4.9187,-4.6852, 0.1405, 2.4534, 3.7438, 3.5766,-3.1187,-0.7445, 0.9784,-1.0603, 0.5543,-3.2465,-1.3244, 4.6844,-2.0231,-3.0090, 3.2942, 2.9425, 1.1111,-0.2720,-3.3841, 2.1785, 4.5546, 2.9713, 2.5284,-2.4292,-0.0605, 0.4785,-3.3804, 2.4101,-3.0839,-0.6052, 2.0822, 4.7139, 2.6140,-2.4237, 2.1246,-1.4232, 1.1653, 1.0087,-4.4177, 3.6762,-3.2938, 0.4095,-0.7665,-2.7344,-2.1357,-0.3506, 1.8692, 4.6217,-0.4043,-1.4703,-0.7887
-2.1967,-2.2376, 2.7912,-1.4020, 0.7445, 3.9071,-1.7787,-0.2289, 2.3609,-1.6309,-0.3304,-4.2482,-3.9090,-1.3859, 2.3437,-4.9992,-4.7775, 0.6086,-3.5734, 3.9061,-1.8128,-0.8876,-2.9273, 2.2149, 1.4337,-3.5134, 1.3848, 0.9021,-0.7638, 4.2156, 1.3122,-1.1079,-1.2381,-1.2554,-1.6403,-1.4709, 1.5593,-4.2003,-1.0338, 3.0395, 2.2966, 0.2376,-0.1078, 1.7859,-4.1894,-0.0130,-3.3921, 2.5519, 4.1931,-3.0774,-1.3863,-0.6926, 4.0122,-0.4374, 1.9259,-1.9290, 0.6300,-1.8553, 0.7675,-3.8763
 1.2714, 1.9379, 0.1250, 3.8095, 1.4710,-4.7159,-2.6871,-4.0081, 4.5001, 1.2426,-3.4678, 1.8661,-2.2015, 1.8709,-0.7925,-1.9475, 2.3126,-3.6837,-3.7455, 3.9435,-3.0938, 1.8238, 2.8150, 1.1886, 0.0905,-1.6586,-3.3762, 2.9752, 1.8097, 1.8318, 0.8472,-3.6900, 3.0439, 2.5548, 2.7016, 2.5185, 1.7755, 1.8238, 2.8472, 2.8974, 0.1272, 4.6226,-0.4725, 2.8538, 2.9799, 0.9305,-4.2190,-0.3732,-3.0882,-2.6441, 1.6169,-2.2273, 2.0685, 1.2026, 4.8422, 1.4613,-4.3133,-2.1579, 4.0277,-4.7388
-4.5596, 4.5969, 0.4847,-1.7431,-0.0450,-1.8187, 3.4521,-2.5720, 1.6475,-2.0058,-4.0089, 3.9957, 1.9553, 4.6772, 4.0542,-4.3834,-2.5735,-2.7312, 4.4791, 4.8408, 3.6494,-0.9633, 0.4466, 4.6416,-2.6033,-0.4909,-4.7966,-0.1937, 3.3070, 3.3201, 2.5712, 2.7610, 1.0476,-2.4158,-1.1193,-0.0797,-3.2153, 1.8652, 1.0514,-0.9801, 0.5884,-2.8650, 0.2206,-2.9647, 1.3815,-3.3141,-3.0521,-3.5871,-3.4140, 0.7957, 0.2916,-0.8111,-4.2126,-0.5591, 4.2099, 2.2061, 0.7044, 2.2743, 3.2365,-2.3687
 1.1371, 2.2250, 4.3295, 1.5968, 4.6897,-0.6499, 2.8799,-0.3695, 2.0351, 1.3355,-0.3773,-1.1847,-4.7811,-2.0309,-3.0181,-2.6902,-3.2884, 1.1913, 4.2808,-1.5122,-2.4485,-0.2439,-3.2774, 1.4622, 1.1843, 3.2925, 4.4375,-2.8486,-3.0382, 0.4029, 4.4578,-4.2728,-4.8266, 0.9050, 4.9931,-4.4058,-3.9767, 2.5143,-0.2507,-4.0790,-0.4836,-4.5197,-0.2420, 1.6875,-2.8534,-1.7909,-3.5409,-4.0761, 2.5820,-4.9098, 1.0925, 2.4175, 3.2950,-3.9237,-3.2672,-0.2057, 0.6977, 2.6040, 1.5681, 3.3958
-2.1123, 1.5471,-2.6754,-2.0419, 0.3497, 2.1521, 1.7742,-3.4958, 1.2215, 0.1061, 1.7910,-2.6570, 2.1789, 4.6466, 0.6873, 2.4708,-3.0831,-0.4908,-0.2574,-4.3141,-2.7128, 1.0627, 2.6674,-3.3214,-1.6599, 2.5927, 0.4058,-3.4543,-4.2931,-1.9856, 1.3007,-4.9903,-3.8481,-1.6593, 1.9112, 1.4873, 3.1731, 3.3711, 0.1465,-2.2235,-4.2649,-2.4629, 3.7240,-0.3089,-3.1603,-1.1492,-1.9355, 0.9639, 4.1399,-1.5891,-2.5282,-4.9461,-1.2341,-1.6814,-0.4447,-2.5434, 3.3077, 2.5118, 4.3456,-4.4317
-3.0036, 4.6931, 2.0288, 2.5926, 2.1169, 1.3969, 2.0586, 4.0650,-4.4388, 1.6030,-2.4861, 1.0601,-1.5078, 2.8053, 2.3517,-4.5302, 2.0925, 4.0369,-2.9515,-0.3123, 1.0798, 4.1645,-2.5221,-3.7907, 1.0448,-2.8147,-4.3230,-1.9619,-0.9229,-4.2269, 1.7627,-2.5194,-0.4285,-0.7176, 0.7189, 1.0416,-0.0405, 1.0481, 1.1176, 4.8459,-4.6098, 3.2538,-1.7598, 2.2419,-3.9243, 4.2809,-1.5249, 1.0382,-1.5136,-0.9924, 0.5385, 0.5986,-0.5301, 4.8796, 2.5530,-2.9458,-2.3707, 1.2613,-4.4332,-0.9452
-3.7626, 3.3394,-0.2098, 0.8479,-4.0357,-2.6605,-3.2500,-4.8664, 0.8347, 3.4744, 2.9344,-3.7238, 3.8781,-1.5298,-2.7242, 4.8230, 1.7922, 0.0458,-3.4907,-1.2428,-0.3950,-0.1872,-1.8227,-4.8623,-2.2245, 0.6571,-3.0322, 0.9157, 2.6860,-0.6424, 0.1659,-0.6361,-0.5634,-1.4379, 0.7073,-4.9534,-4.0402,-2.6404,-0.0504, 0.8429,-3.4336, 0.9930, 0.4348,-0.8062,-3.4661,-4.3988,-3.7553,-1.1215,-3.9304,-1.8952,-4.0374,-2.6982, 3.6653,-3.2648, 4.4201,-1.6827, 1.1254,-3.7407, 2.0292, 2.0714
 0.6057, 2.2287, 0.9786,-0.1355, 2.1880, 4.0049,-2.5552,-3.9860,-2.6514,-1.2678,-4.2718,-0.2093,-0.2937,-4.8185, 0.4441, 1.7233,-0.5009, 3.3146, 4.6648, 3.8531,-1.1334,-1.8259,-0.4345, 0.5147, 3.8649, 3.7225,-3.8182,-0.6200,-1.4988,-1.8096,-4.5445,-0.3421,-0.3347, 2.8314, 4.1250, 1.9810, 4.4586,-0.7676, 0.1861,-1.3731,-3.6158, 2.6878, 1.5820, 2.6972,-1.3260, 0.8694,-2.3684, 1.2960,-0.1559,-0.5130,-4.8025,-1.0111, 1.8831,-3.5604, 4.0219, 4.5174, 1.2941, 3.3497, 4.7322, 3.6812
-2.4812,-4.4290,-0.1190, 4.9792, 1.6585, 4.9464, 0.1340,-0.2690,-0.6569, 4.5069,-4.9944,-4.8603,-1.9705, 3.2971,-3.3700, 2.5872,-0.8131, 3.5711,-4.4878, 0.8831, 4.2042, 3.3108,-0.2208, 0.3340, 3.0542,-1.0420, 2.9196, 3.6839,-0.7834,-3.8083,-0.1225,-4.3522, 1.0151, 0.2882,-2.4624,-4.9406,-2.2707, 2.8451,-4.6286, 1.1471,-4.6049, 2.2916, 1.4468, 3.0436,-3.0561,-1.4463,-4.8416,-1.9408,-3.1758, 0.4137,-0.0148,-4.0101,-3.0276, 3.3866,-1.9186,-1.5697, 4.4055,-2.2952, 3.7690,-2.2755
-1.6703, 3.2981,-1.2785, 3.9915, 0.6742,-1.7472,-3.2850,-2.2346, 3.7976, 3.3084, 2.5157,-4.7108, 1.5644,-2.3017,-4.0518,-1.2325,-1.9427,-1.8782,-2.7958, 0.4836, 1.9539, 1.7239,-1.5873,-0.4883, 1.3188, 3.6395,-1.0361,-1.2583,-4.1370,-3.0468,-0.4621,-1.5183, 3.5920,-4.8989,-0.1271,-1.5272,-1.9941, 2.7068,-3.5882, 3.8168, 2.8191, 0.8357, 4.0732,-2.2277, 4.1725, 2.4009, 2.9917,-2.9315, 1.9703, 4.2131, 3.7155,-2.9733,-4.3949, 1.8979, 3.9258,-0.3972, 4.6219,-4.1393, 1.4099, 2.7473
 2.9063, 3.8792, 2.0648, 2.5853, 4.0394, 2.5539, 2.0688, 3.1141,-3.8968,-4.7381,-4.3456,-2.8846,-3.7492,-4.6065,-2.2696,-4.1165, 3.9149,-4.2432, 4.0126,-1.3342, 4.7968, 1.5279,-1.4810,-4.7835,-3.6039, 2.5798, 4.0422, 1.2477, 1.8061, 1.1831,-0.0576,-4.2939,-0.6629, 1.2368, 3.7696,-1.6963, 2.0419,-3.4187,-4.2938,-0.4819, 0.2963,-3.0083, 0.8285,-2.3264, 3.6557,-1.9103,-2.0487,-2.4118, 0.1905, 2.1749, 3.5227,-0.6743, 2.2816, 4.9481,-2.0307, 0.5792,-1.7394, 1.2713, 1.3322, 0.2189
 0.9007,-3.3863, 4.6443,-2.1467, 0.3565, 2.8387,-0.6434,-3.5470, 3.9790,-2.3894, 4.3230,-4.1189,-0.5117,-2.8434,-3.6681, 4.4453,-2.3255,-2.9582, 0.0325,-4.2803, 3.6470,-4.3158, 4.3524,-3.9494,-1.0469, 4.5129,-1.9904, 3.0678,-4.1827,-3.7221, 2.5550,-1.8760,-1.5812, 1.4667,-1.9424, 4.9321, 4.5752, 0.5296, 1.0607, 2.2649, 4.9022, 1.0044, 1.4046,-4.1368,-4.3120, 0.6962,-0.0539,-4.5199,-1.3449,-4.1126,-2.3952,-3.2606, 3.6991,-0.6998, 4.1564,-2.7726,-1.0930, 1.0243,-1.9715, 4.6597
-2.5758, 0.2653, 4.8879,-3.7228, 3.8771, 2.0690,-0.7508, 1.9868,-4.9833,-1.0542, 4.9169, 1.6437, 0.7885, 2.9504, 1.1641,-2.8136, 1.7937,-1.4876,-3.6452, 3.8402, 1.7623, 4.2899,-4.4928,-4.3707,-4.6368, 3.9192,-1.1021, 4.3136,-0.7995, 4.6351,-4.0140,-3.5019,-4.1628, 3.0367,-4.1213, 1.4236, 4.6566,-1.4937, 2.2389, 0.1585, 3.1268, 1.0594, 2.9047, 2.1842,-3.9893, 4.3363, 3.5590, 0.0684,-4.5923,-0.7208, 0.5094, 2.5154,-3.2295, 2.4513,-0.1140,-3.6880, 1.9136, 0.9767, 0.9224,-4.0057
 1.9241,-1.5884,-0.5397, 3.1814,-3.4203,-2.5282, 0.5158, 0.3338, 2.5643, 0.0169,-2.1032, 1.6614,-3.5219,-0.8971,-0.5899, 3.7162,-3.4691,-3.9983,-1.4769,-3.9858,-3.7191,-2.6879,-3.1617, 2.4559,-1.3766, 2.9412, 2.6564,-3.3612,-3.3869, 3.4915, 1.5704, 3.6233, 3.9791, 0.4852,-3.0419,-2.3448,-4.4260, 4.2142, 2.2226, 1.4640, 0.7805,-2.6653, 3.4474,-0.4352,-0.0224, 0.4480,-1.2145,-3.4383, 4.2701,-0.8559,-4.2942, 0.9574, 2.1251, 1.9827, 3.8789, 3.4048,-0.8668,-1.4093, 1.0141, 4.4881
 1.9342, 1.7450, 3.0383,-2.4781, 3.3177,-3.1643,-0.3285, 0.4392, 4.0826, 3.8809, 4.6357,-3.4732,-4.5959,-1.7986,-4.6574, 4.9208,-4.7127,-0.4427, 4.3004,-2.8339, 1.5778,-0.2001, 2.1218,-2.7257, 3.2763,-3.8096, 4.4310,-2.1034, 4.6011,-4.2913,-0.0594, 4.1919,-4.6018, 1.2203, 2.2858,-0.4515,-3.6973, 3.5131,-1.8930, 3.0951, 3.0219, 3.4465, 4.2084, 0.5655, 0.3168, 2.9267,-0.0356,-0.0742, 3.7690,-1.1751,-2.8213, 3.7176,-1.1773,-1.7017,-0.3686, 2.6490, 3.5024, 2.4021,-3.4688,-2.8211
-1.9867,-0.9010,-3.7043, 1.8788,-2.3129,-3.7872,-2.5619, 3.0151, 2.0828,-3.7453, 0.9627,-3.8625, 2.7253, 0.8012,-1.7874, 4.8395,-0.0081,-2.3801, 2.1375,-3.8970,-1.8190, 0.4237, 0.9165, 4.0987,-4.3489,-2.7502,-2.3045, 1.5638,-0.7062,-2.5892,-3.0117,-4.9191,-3.5836, 1.0193,-2.0686, 4.4837, 1.4434,-2.3796, 3.9148,-1.4251, 1.7437,-0.7731, 4.4679, 1.0196,-2.0739,-2.5267,-4.9461, 3.2462,-0.5194,-3.0873, 3.4833,-0.2487, 2.1936, 3.4564, 3.0075,-3.1120, 4.4034,-3.1050,-1.7187, 4.8842
-3.0979, 0.4253,-0.4197,-0.1298,-3.0141, 4.2274, 4.4285, 1.3188, 0.7937, 2.8662, 4.4819,-1.2061, 4.6444,-2.6428, 3.5988, 0.2753,-0.3067, 0.3041, 4.0091,-2.5888,-2.1037,-1.6616,-2.0371, 4.4217, 1.0555,-3.0540, 4.2870, 0.4877, 4.1951, 4.7625,-2.5167, 0.3949,-0.1308,-4.1789, 2.0387, 3.3596,-3.6349, 1.5580, 0.2333, 0.3181,-4.9532, 1.3525,-3.2639,-4.5040,-3.0498, 0.4856,-3.6911,-2.5020, 3.1382, 3.8754, 1.1041, 3.4646,-2.2833,-2.2348,-3.1895,-1.6317, 4.3190, 1.4042,-4.4427,-0.9526
