 4.4064,-2.9298,-1.1228,-3.1969,-3.3874, 3.1881, 4.5836, 1.5224,-0.9499,-2.7493, 2.5095,-4.5958, 4.8383,-1.5790,-1.8921,-4.8697,-2.6268, 4.8454, 3.2264, 1.9037,-3.1801,-4.4309,-1.3833, 2.1794, 2.2791,-0.5282, 2.2771, 3.0483,-2.1668, 2.7802,-0.0604,-4.2583,-2.2831,-3.0788,-3.2843, 1.9515, 1.2368, 2.4239,-1.2873, 0.0570,-2.7970, 1.5036,-3.0994,-4.6932, 0.2220,-4.0677, 0.2197, 4.2627, 0.4233, 1.3294, 1.2597, 3.2188, 3.4433, 0.8744,-2.3802,-1.8899, 3.3193,-1.3325,-1.6976, 0.5598
-3.5860,-2.5466, 0.8660,-0.9913,-1.3031, 3.4575,-2.5429,-4.4778, 0.2523, 4.3109,-3.4492, 1.9990, 3.0324,-2.7986,-3.6968,-4.2951, 3.8561,-4.1164,-3.0822,-2.9190,-3.1725,-4.6322, 2.5169, 0.2129,-1.9080,-1.9552, 1.0505,-2.9214, 3.0976, 2.3232, 3.1577,-1.1254,-0.5477,-3.3771, 3.3177,-3.8976, 0.3612,-2.9873, 4.1989,-1.5253, 4.4882,-3.0520,-1.9715, 4.4281, 1.5297,-2.1646,-4.4792, 4.4562, 4.5481,-4.7497,-4.0521,-3.6596,-2.1799,-0.8069, 0.3886,-3.4466,-2.2435, 4.0393,-0.0635,-0.3181
 4.4666,-0.6246, 0.8949,-1.3206, 3.4338,-0.9955, 1.7466,-3.1932,-0.0777, 0.6183,-3.7021,-4.7008, 3.0038,-4.4903, 0.3055, 0.3355, 3.3169,-4.4598,-3.7328,-2.6954,-1.2876,-3.3004, 0.7849,-3.5153,-3.2689, 4.9796,-0.9248,-1.5583,-0.5911, 4.3936,-4.3665, 3.4116,-3.8555,-3.5734,-3.2192, 3.8487, 3.1614,-0.1925, 3.0286,-2.5286,-4.2868,-3.8759,-0.6493, 3.2034, 2.0567,-2.8022, 1.9012, 1.9352, 1.8712, 4.5138,-3.7593, 0.6647, 4.1385,-0.4857,-4.6946,-3.6017, 4.4040,-3.9246,-2.2660,-2.4510
 3.7541,-3.6013, 0.9404,-3.7081, 1.7151,-2.9380, 2.7166, 0.0300, 3.4553, 2.6429, 2.4815,-0.1359, 2.3702,-3.4510, 1.9501, 1.9744,-1.6834,-1.0683, 0.5386,-3.7670,-2.5076,-1.3753, 0.6184, 4.1799, 1.6977,-3.9483,-2.6616, 2.1073,-1.2300,-1.1742,-2.0661,-0.7592, 0.0648,-2.2792, 4.4281, 3.6224,-1.9165,-3.2614, 3.0343, 4.3701,-3.0800,-2.9051,-4.3345, 1.1859,-1.9570,-3.7426, 4.2438,-2.0637, 4.7530,-4.9470, 4.5826,-2.4942,-3.6448,-0.6944, 4.6204, 3.3815,-0.7334, 0.5054,-4.0434, 1.3283
-0.3348, 4.4204,-1.6888, 0.5781, 2.5975, 2.4469, 3.4239, 2.1151,-2.9950, 4.8440, 3.4357, 1.7009,-3.0406,-2.5126,-1.4557, 3.6343,-3.9488, 0.7202, 1.5695, 4.0418,-0.0913,-3.0401,-0.0550, 2.8859, 2.1485, 4.8798,-2.1603, 4.8148,-0.4356,-2.7773, 0.8783, 4.2591,-3.3322, 3.9826, 4.3082, 2.3548, 4.1534,-1.6463,-1.9680,-0.0616,-3.8935,-3.1106,-0.0298,-2.1334,-2.0514, 3.1593,-1.9466,-0.4117,-4.3130,-4.3048,-4.3346,-3.5454,-4.4704,-0.6324, 3.5954,-2.7732,-2.5708,-4.2764, 1.9054, 3.9465
-0.5001, 1.7916,-2.2036, 3.4924, 3.1360,-4.9843,-2.3868, 3.4059,-0.6612, 4.7998, 2.9117, 1.2763,-2.1199, 4.2342,-1.1048, 0.2853,-2.9043,-3.0304,-1.3352,-0.5600,-1.7830, 2.3413, 0.5966, 3.1482,-2.8834, 0.2998,-1.5428,-3.0501, 3.8857, 4.7583, 4.5558,-4.1699, 2.4101,-3.3226,-0.1167,-3.8101,-0.9175,-1.2274,-2.0595, 3.8248, 4.1291,-3.2524,-0.7684,-0.3765,-1.2561, 3.7756, 0.4636,-0.8716,-0.5276, 1.7109,-4.7333, 2.3324,-4.9006,-0.0988,-3.0115,-1.7029,-2.5881, 2.8642, 1.1155,-3.2302
 4.6472, 0.1909, 3.6558,-4.0246,-3.4790,-0.8071, 0.0519,-3.3727, 1.8262,-1.4199, 1.5809,-1.6717, 0.6398, 0.7276,-1.0324, 4.2771,-3.6106,-3.1966, 2.0695, 3.5931,-3.3764,-2.8517, 0.7077, 4.9567,-3.1568,-0.1876, 4.7832,-4.5301, 2.3509, 2.0233,-2.8367,-2.7402,-3.4010,-0.3880, 0.1561, 3.5815, 1.6711,-4.3645,-0.3825, 3.0379,-2.5196, 2.3279, 0.4326, 1.8588,-3.2776,-3.4038,-1.4214,-4.4393, 2.9314, 3.0070,-3.4120,-3.5319,-4.5646,-3.6573,-4.4255, 4.8083,-2.6940, 3.0714,-4.2816,-4.2933
-1.3335, 3.0035, 4.4040,-3.0302,-4.0803, 4.9967,-3.7522, 1.7982, 2.5532,-2.6749,-3.9797, 3.9385, 3.1299,-0.7446, 0.4938,-1.3770, 3.9897, 3.1936,-0.9861, 2.7042, 3.9141,-3.8580,-4.7826, 0.5305, 1.6276, 0.9669, 0.5276,-2.2152, 4.4051,-2.5765, 3.2858, 4.7817,-3.2155,-4.0414,-2.4493,-2.6944, 2.4064, 4.8958, 2.6979, 1.3431, 4.6973,-0.8483, 0.4025,-0.1228, 0.1223, 2.1178,-0.9468, 3.2507, 2.2198, 2.4399,-4.9533,-4.2926, 2.9349,-4.9047, 3.9990, 3.1749, 4.7015,-3.7461, 0.8057, 0.0722
 3.9347, 0.9764,-0.1790,-0.4637, 3.1190, 2.6984, 3.9586, 0.7331,-3.2309, 1.0700, 2.9742, 0.7541, 1.2624, 3.7650, 3.8534, 2.5406,-4.7220,-0.7095, 4.5926, 0.7277, 1.6681,-0.4428,-4.5941, 0.7389, 1.1287,-4.8483, 1.4152, 3.2945, 4.7646,-0.6264,-3.0365, 3.2147,-3.9390, 0.6300,-1.9909,-0.8073, 0.1527,-3.2994,-1.9767,-2.9566, 0.5429, 1.1020,-4.9621,-3.8914, 3.2911, 0.3292, 2.5740, 2.3682, 0.1656,-4.4874, 0.0954,-3.8386,-3.6477, 0.8201, 4.7421, 4.3404,-1.5647,-4.4555, 3.1603,-4.6382
-3.5731,-3.7900,-1.0931, 4.0082,-3.9553, 3.3892, 4.5064,-2.6672, 4.0598,-1.1735, 3.0305,-1.3574, 2.0998,-2.8551, 2.0313, 3.4195,-3.5163, 1.2011, 1.0199,-1.3263,-0.4527,-2.5203,-3.0187, 0.8715, 0.7177, 2.8137, 1.8339,-1.9720, 3.2699, 1.8378, 4.0895, 0.0529, 1.1261, 1.4531,-3.5586,-3.8460,-2.1206, 2.8527, 0.5987,-3.5813, 4.8302,-4.3721, 1.5828, 3.3041,-1.2522,-4.9562,-4.0091,-4.8779, 1.5947, 3.5851,-4.7844,-1.5787,-0.0216,-2.1341,-4.1639,-4.8450, 2.6403, 0.2613, 1.7486,-3.3522
 1.2847, 3.1549,-1.0851, 1.3094, 3.2940,-2.3760, 2.0002, 2.2749,-4.5916,-0.8517, 3.1104, 3.8732,-0.3412, 1.8412, 0.2221,-4.2950, 1.5047, 2.3694, 1.2943,-4.2808, 0.2535,-2.0131,-4.2759,-3.8449,-1.7842, 1.8902, 2.6916, 0.1797, 2.5782,-1.9955, 1.1546,-2.7339,-4.6777, 4.1099, 2.4246,-0.3901,-1.9588, 3.1766, 0.3877,-1.3202,-4.9065, 3.4422,-1.2535, 2.8444,-2.7765,-0.6950, 4.1676,-3.6142, 2.9526,-3.7754, 4.9800,-0.4237,-2.5522, 1.9515,-1.8623,-4.2258,-3.1230, 0.0517,-3.9420, 3.8593
-0.5308, 0.7710,-3.3318, 2.4025,-3.3733, 3.4372, 4.6280, 3.9048, 0.3892, 3.6390, 0.8526, 3.3771,-0.8415,-4.3555, 4.9593,-1.0788, 1.6768, 1.9961,-3.6388, 2.0403, 2.4906,-0.2653,-2.1519, 3.8078, 0.0242, 2.7134,-0.5920, 3.3292,-3.2714,-3.8139,-1.3542, 3.4056, 2.0043,-3.7743,-1.3102,-1.2816,-0.5324, 1.1807, 4.3214,-1.9594, 3.5806, 3.8563, 4.7126,-1.1248, 4.6286, 0.1421, 4.9192, 0.7759, 0.8616, 0.8631,-0.6632, 2.3339,-1.2192,-3.8028,-4.6575,-0.0262,-1.9796,-3.5750, 0.1960, 2.3934
 4.1863, 0.0468, 2.4601,-4.6308,-4.0421,-4.5247, 0.9719, 1.7883,-0.2160,-4.3621,-2.9700, 0.2643, 0.9753,-0.4452, 2.7316,-3.8836,-0.1594,-0.5789,-4.4027, 4.0220,-0.6276, 1.2282, 3.8954,-1.4789,-4.7156,-2.3703,-3.4757, 0.7452, 0.5439,-0.6200, 4.1188, 2.9309, 1.0472,-2.5957, 4.1226,-0.4024, 2.2556,-1.4452, 4.5426,-4.1815, 0.7064,-3.6614, 0.4359,-3.9486,-1.0216, 3.9025, 1.8005, 2.8476, 2.8055,-0.5229, 2.1559, 4.3312,-0.5297,-3.3581, 2.1651, 4.5811, 0.3465,-0.0667, 1.9000, 3.6793
 3.8171,-4.8437,-4.7516, 0.6009,-4.1774, 4.6717,-1.6366,-3.5800, 3.7027, 0.4821, 1.9333,-2.7295,-0.6845, 2.7352, 3.7170, 0.4882, 2.2889,-2.1487,-1.7226,-3.2744, 0.6284, 2.1200,-4.3933, 0.4053,-3.9213, 4.5655, 1.4323,-4.1397, 0.2309,-2.2963, 0.9672,-1.3431, 4.3663, 2.1039, 3.9112,-3.7458,-2.3267,-3.6349,-2.1388, 1.3579,-2.7759,-1.9532,-3.7017,-1.1080,-3.5408, 3.6970,-1.3093,-2.6017, 4.9744,-2.6614, 4.6719, 2.1446,-2.4909,-0.4117,-2.9214, 1.9832,-0.9458,-4.4249,-4.6357, 0.2900
-2.4737,-4.3053,-2.7867, 0.1120, 1.5204, 3.2978, 0.5251,-2.8618, 1.0997,-3.5513,-4.9018,-0.9331, 2.7124, 3.1296,-4.4717, 2.4186,-2.9435,-1.2139,-2.7129, 0.3641, 0.2540,-3.7648, 0.4122,-3.0567, 3.6798,-1.4939, 4.9657,-2.7785,-0.3376, 2.6010, 1.3128, 4.5720,-2.5618,-1.4477,-3.9259,-3.4775,-4.8898,-4.1354,-4.2518, 1.9479, 0.8002, 3.1091, 2.1919, 1.7297,-2.2069,-0.4752, 2.7561,-2.0598,-0.8516,-1.8016,-2.6856, 0.5608, 4.4052, 3.7473, 3.1889, 0.1351,-2.3562,-1.3304,-2.4012,-0.3672
-4.7933, 1.0781, 4.0887, 2.0685, 1.5040,-3.1182,-0.2974, 0.5393, 0.5156,-3.1866,-3.2619,-0.7691, 1.4869,-0.6976, 0.2249, 4.5019,-0.5976,-3.2868, 3.8223,-4.1554,-2.5479,-0.8190, 4.8196,-3.0511,-3.8652, 1.2881,-1.4523,-2.5270,-4.7220,-2.0591, 2.7382,-2.4152,-0.5914, 3.6341,-4.6966, 0.8448, 3.4100,-0.0257,-1.9240, 3.7268, 4.4588,-4.5488, 0.9865, 4.6114, 2.2502, 4.6686,-1.2772, 0.3739, 2.0974, 4.9999, 4.4962,-4.7947, 3.6715,-3.9361, 3.9053, 3.0860, 4.6969,-3.9171, 4.6788, 2.2465
-1.0139,-1.3725,-0.1547, 0.4625,-2.0826, 2.2107, 3.2587,-3.2843,-2.2607, 2.2725, 3.1741, 0.3716, 2.4745, 1.0974,-2.1450,-3.9990, 2.8060,-1.9426,-2.1875, 0.1135,-3.4838,-4.1128, 3.4763, 2.2280,-1.3180,-2.1069, 3.7474, 0.5250, 1.6576,-3.0478,-2.0479, 3.9955, 2.3514,-2.2757, 4.4704, 0.1946,-3.4393,-1.8197, 2.6918, 3.0566,-3.5094, 0.9979, 4.1333, 3.1786,-2.4976, 1.3487, 1.7886, 3.7399,-2.0013, 0.5950,-1.1001,-4.1069,-3.7381, 3.9310,-0.3689, 4.7395,-4.7968, 3.9973,-2.2592,-1.2978
 0.6238,-0.6035,-2.9725, 0.7516, 2.4476, 2.1167,-2.5785, 3.6452, 4.6981, 4.2238, 4.6129, 3.1137,-0.8313,-0.4105,-0.1800, 0.1175,-2.9098,-1.8617, 0.3616,-1.7996,-0.9386,-3.6913, 3.2010, 3.8038,-0.6126,-0.0908, 3.6824, 3.9000,-4.8361,-3.0570, 2.5732, 1.1108,-0.7639, 0.5420,-1.6726,-3.6214,-0.8249,-2.8483,-0.9896,-0.3101,-2.8175,-2.4698, 3.8830, 2.5922, 2.2644,-2.6733,-0.3902, 2.4663,-2.5361, 2.6268, 1.4446,-4.9033,-4.6072,-0.4391,-4.6918, 0.4492, 3.8999,-2.0757, 3.9305, 0.1500
 3.7197,-3.5270, 4.9653, 0.8826, 2.2436, 2.0358,-3.5499,-1.6594, 2.7766, 0.4970,-4.6326,-1.6555, 2.9957, 1.9874,-1.6297,-1.8991,-1.4289, 2.2974,-0.1624, 3.5638,-2.2044, 3.9957, 1.8476, 2.4312,-1.3200,-1.7302,-4.4455,-1.0354,-1.4660, 3.4275,-3.9110,-1.7934, 2.0203,-2.6622,-1.6379, 0.3918, 0.2616,-3.8368, 3.5579, 0.7045,-4.2909, 3.2127,-3.5647, 2.1272, 1.4547,-2.6427,-2.3606,-0.5899, 1.0639, 0.3351, 2.1332, 1.1673, 0.2726, 1.7919, 1.0851,-1.9780,-4.6706, 1.5195, 2.0567,-2.8970
-4.0045,-2.1157,-0.0695,-3.4437,-4.7201,-2.6589,-2.1973, 4.5742,-3.9975, 4.2352, 3.9144, 0.7701,-3.2847,-0.7585,-2.6598, 2.3128,-3.8017, 0.8259,-2.8272, 1.7775, 3.8670, 0.9664, 3.0454, 0.1302,-2.9732,-2.6350, 4.2674, 0.3215, 4.8293, 3.0601, 1.0907, 3.2470, 0.5523, 4.7186,-2.0910,-0.9340, 3.7176,-0.4529, 2.4699,-4.0885, 1.3875, 4.9806, 2.7586, 0.6619,-1.3801,-1.1588,-4.0036, 2.5352, 2.2838, 1.3238,-1.6046,-2.0924, 4.1068, 1.3813,-2.0488, 0.5188,-3.7511,-0.0714,-3.9243,-3.8204
-4.6297, 4.2517, 4.1889, 1.1709,-3.9828,-4.5424,-2.1593,-3.0777, 3.7773,-1.3059,-1.1194, 4.3253, 2.0705, 3.0814,-4.9983, 2.7449, 1.1585,-1.9793,-4.2032,-4.8432,-0.0621,-1.5196, 4.9204, 0.6319,-0.3886,-3.7534,-1.0566,-3.3852, 3.1445,-4.4329, 0.2006, 4.4596, 3.8419,-4.8989, 4.2989, 2.3183, 3.9588, 1.8565,-0.7114,-2.4285,-0.4068,-3.5019, 1.4038, 1.0456, 2.6600, 2.7610, 4.1124, 1.6600, 2.8378,-4.0112,-2.1981,-1.7825,-2.9044, 2.0474, 1.8983, 2.8439, 4.1931, 1.3972,-2.7427,-2.6289
-2.8972, 1.6672,-3.3031, 1.2846, 0.5931, 4.2043,-4.8583, 3.8039, 2.6893, 0.5318,-1.4240, 0.3956, 2.0152, 2.5882,-3.1307,-0.0557,-1.3253,-2.8729,-3.8753,-1.2839,-4.3900,-4.2965,-1.9069, 0.1768,-4.1661, 0.1294,-4.6934,-4.6152,-4.2322,-2.5420, 2.0529, 3.3359, 0.8017, 0.3316, 4.3781,-2.5435, 2.5532,-0.2986,-2.0264, 3.1459,-4.1653, 1.7001, 0.7605,-3.9508, 3.7672,-1.8891,-0.8713,-2.2402, 2.0197, 0.1355, 2.5865, 4.7293, 2.3790, 3.3576, 3.8381, 2.7645,-1.7722,-3.0044, 4.3327,-2.0155
-3.5584, 4.7236,-3.0473, 2.6501,-3.3136, 0.2244, 1.2968, 3.0170,-2.2454,-4.6606,-1.0915,-2.2701,-0.7214, 0.8625, 2.2848,-3.5467, 3.0622, 4.5209, 3.1801,-4.8998, 4.2356, 4.3228, 3.5834,-4.2360,-4.2288, 0.5675, 4.6838,-4.4646, 0.6927, 3.8077, 2.1592, 3.8105, 0.9465,-3.2977,-1.3740,-1.9586,-3.3008, 3.2994,-3.6579,-0.9757, 4.8697, 1.0371, 0.7105,-2.6877, 1.2895, 0.8678,-2.9054, 0.2698, 0.1679, 0.4063,-1.0608, 4.0494,-2.9679, 2.6467,-2.4955, 0.3489, 1.1064, 2.1408,-0.6565,-1.6192
 1.4752, 0.0895, 0.6984, 1.8275,-3.3782,-4.5733,-0.6921, 4.9296, 1.2355,-2.8780, 2.0781, 2.8604,-4.9118, 4.5291,-4.1860, 0.3850,-0.5277, 3.2004, 1.2240,-0.1883,-3.1908,-3.4112, 1.8870, 4.4098, 3.0506,-3.7090,-2.2030, 0.0505, 4.5092,-1.3993, 4.0907, 1.1626,-4.1179, 0.9616,-0.0194, 2.7783,-1.1424,-3.4709,-4.6130, 0.5314, 3.6776, 4.9906, 0.2253,-2.1241,-1.4466, 0.0778, 1.8353,-0.3755, 4.2386, 2.7127,-1.2047, 2.7922,-4.8435,-4.7945, 1.3423,-4.6246,-2.1034,-4.0092,-0.5877,-4.4147
 2.5115,-1.3871, 3.0535,-2.2736,-4.8609, 0.4696, 3.9577,-0.2155,-2.2452,-2.2550,-3.0784, 0.0472, 3.1943, 2.8049, 0.2517,-1.3176,-4.4887,-1.5839,-2.6102,-4.7603,-0.7509,-1.1820,-3.1143,-3.0099, 0.3484,-4.9650,-4.3431, 1.5102,-4.8893, 2.7116,-4.1551,-4.4717,-3.2658, 3.0636, 1.0860, 0.6568,-2.3768,-4.5242,-0.5495,-1.1349,-0.0923, 0.5750,-4.3879,-0.7190, 4.4994, 4.3706, 0.7215, 2.2808, 0.2914, 4.9766, 3.1782,-4.2430,-1.1153, 2.9691, 3.5997, 2.5399, 3.0370, 0.4902,-3.0029,-1.0763
 0.9716,-4.7061,-0.5239,-1.7849,-4.7045,-3.0748, 3.6849,-2.4604,-0.1992, 0.8300, 1.3344, 0.6134, 0.9382, 3.2820, 0.0588,-4.7520,-0.9303, 1.4168,-2.7364, 3.0055, 3.1603, 2.1424,-0.4870,-1.1303, 2.7855, 3.7740, 3.5748,-0.1685, 4.9635,-4.9209,-2.4831,-1.9331,-1.6452,-4.8459,-3.3543,-2.4853,-0.3856,-2.3510,-3.7589,-1.0239, 4.2217,-1.7043,-0.5008, 0.0629, 3.2103,-0.3985, 4.8317, 3.4248,-2.6043,-4.5834, 4.1296, 2.1087,-0.6923,-1.1287, 1.2335,-0.1112, 1.9594, 3.1650, 4.5811,-0.9228
-4.8181, 4.4015,-0.8444, 4.2320, 3.3914,-3.7620, 1.8110, 0.0010, 2.9098,-1.8699, 0.2503,-4.4745,-3.7000, 1.1583, 3.1254,-0.9863,-1.3561, 3.2554, 4.5919,-0.1790, 0.7738,-1.0109,-1.0959, 2.7449, 2.6511,-0.2003,-1.9165,-0.6828,-3.0542, 4.8634,-2.9791,-4.2167, 3.5447,-3.5858,-0.3212,-2.3542, 1.4340,-2.7293,-1.4993,-1.4066, 1.3625, 4.0874, 4.5096, 1.7493, 0.4782, 3.7864, 1.9910, 0.8998, 4.8824, 3.1906,-0.4501,-2.2019, 4.0717,-1.6962, 2.2043, 2.6418,-4.1895,-4.4407,-4.2995,-0.8384
 3.9248,-4.6172,-0.8418, 4.0764, 2.3954, 3.6743,-0.6177, 3.2837,-3.7158,-1.2409, 4.6346, 4.8873, 0.2709,-1.6936,-2.1486, 0.0878, 2.7011,-3.7112, 4.7928, 2.8076,-4.2339,-4.1509,-0.9883, 4.7946, 4.7434,-1.9093, 1.2747,-1.5817,-3.6856, 0.9726, 3.6123, 3.8123, 3.8392, 0.7552, 0.2352,-0.2117, 2.5747,-2.1282, 0.7804,-3.9537, 2.2540, 0.8331,-1.5239, 1.6440, 2.4177,-1.5972, 4.4627, 3.0830,-3.2060,-3.8903,-3.7833, 0.9133,-0.8463,-2.2186,-2.4506,-1.6275, 4.7445, 0.1018, 0.6984,-0.0621
-4.1967, 4.9894, 0.6856, 0.5819,-1.8520, 4.8711, 1.3087,-0.4961,-2.4450,-4.1180,-3.4900, 3.4513,-2.3518,-2.0658,-4.6211,-2.8770, 1.4298, 0.8455,-4.7484, 0.6935,-2.1720, 4.6917,-3.4773,-4.3109,-0.0249,-1.3761, 0.3676,-1.2893, 4.9371,-4.9009, 1.4564,-1.3103,-4.2531,-3.7985, 1.2207,-4.4482,-3.4663, 1.5183, 1.6308,-1.9131, 1.5863, 2.9971, 1.5284, 0.6148,-3.7941, 1.6768,-2.1970, 2.6817,-0.8260, 3.0244, 2.0994,-1.0016, 1.4758, 4.3443, 2.4394, 3.4948, 1.1552, 1.4086,-3.6118, 1.1097
 0.3841,-3.6133, 3.1017,-2.9592, 1.1371,-2.6023,-0.5389,-2.6461, 1.2761, 3.3804, 2.6721,-0.1569, 1.8228, 2.6329, 3.3657,-3.5429,-4.1849, 1.2995, 4.3271, 2.8748,-3.5674,-3.4553,-3.9055, 2.5453,-4.4071,-3.3207,-1.5262,-3.1372,-2.2300, 0.8368, 1.9493, 3.8038, 2.2174, 3.0226,-2.8759,-3.7306,-3.1792, 1.1867, 2.1507,-4.5700,-4.5538, 3.7966,-1.1613, 2.0099, 1.1514, 1.9112,-3.3101, 0.9968,-0.9261, 0.1227,-4.9894,-1.5700, 2.2878, 4.4053,-3.1358, 0.1079,-1.0805, 0.4081,-1.2167,-1.2665
 3.9116, 4.2299,-3.6381,-4.8762,-3.4202, 0.4518,-2.0593,-0.8654, 2.9489,-1.7337, 4.9683, 2.7007,-3.6089,-3.4346,-1.4339, 3.4225, 2.8845,-4.3024, 3.0067,-1.3842, 3.5095, 4.1699, 3.6914,-2.5130,-1.6627,-1.1690, 1.6890, 3.3214,-4.6180,-3.1294,-4.8175, 1.9715,-2.8081,-0.8795,-1.8724, 4.4956,-0.0119,-1.7104,-4.2757, 0.1721, 1.4206, 0.9175,-2.8883, 0.1419, 1.3594,-0.9077, 3.9826, 3.3121, 3.6445,-1.0411, 3.5664,-0.4735, 3.9541, 2.5670,-3.6645, 1.8427, 0.9070, 1.0405,-1.3670,-2.4336
-4.4362,-0.2527,-2.5761, 4.5541,-0.8417, 3.8173,-3.1780,-0.9168, 2.6504,-4.4210,-0.2032,-4.8442,-2.4657,-0.5166,-3.1178, 0.8915, 2.6778,-3.2253,-3.6987,-2.9249,-2.6918,-0.2239,-1.4102,-0.9177,-4.2573,-0.7042, 0.5641,-4.9102, 3.2876,-3.3807,-4.9518,-4.2735, 2.8007, 2.1321, 0.4600, 4.0550, 1.0415, 2.3375, 3.2500, 2.9773,-1.6690,-1.3152, 3.6433, 3.1098, 3.4390,-0.2952, 0.9687, 4.3612,-3.0414, 3.5482, 3.6820, 4.5013, 3.0926,-2.9103,-1.7610,-2.4597,-1.6066, 1.3570, 4.0275,-3.5683
-4.7764, 1.5852, 2.8828,-2.4774, 2.4951, 4.5700,-2.8310,-2.2207, 2.5882, 1.2908,-2.1919,-0.5297, 3.4925,-4.6705, 3.3776,-4.5324, 1.3037, 4.3325,-1.1176, 3.0569, 2.9246,-3.8108,-0.9364, 4.0166, 0.1586,-0.3062, 0.6668, 3.5796,-3.3999,-2.7869,-0.5759, 2.0231, 3.8696, 0.3065,-2.9148,-0.0194,-1.7147, 0.3208,-4.0897,-2.9429,-1.5977,-4.2512,-1.8110, 3.5163,-2.8027, 2.0862,-4.6853,-4.2137,-2.8304, 4.1008,-4.5453, 4.7590,-1.1017,-4.1157,-1.8650,-2.0560,-3.1217, 3.5437,-2.5930,-4.8757
-2.2363,-0.0577,-2.8246, 2.0426,-1.0193, 1.0324,-4.6559,-4.7483,-3.7609,-0.0998, 4.9982,-3.5028, 0.0791, 2.0320,-2.1676,-2.0017, 1.6627,-4.1878, 0.3209,-3.0530, 0.9243,-2.3493,-1.7240,-1.3135, 3.7876, 4.7395,-4.6922,-1.4605, 3.8852,-2.9711, 4.8229, 1.6488,-3.6635, 2.0173, 3.5951, 3.0820, 3.2059,-3.3653, 1.3724, 0.7987,-3.5185,-4.5754,-1.8328,-3.4301,-3.7626,-0.2504,-2.7140,-4.5476,-3.5236,-0.1691,-2.6733, 3.2547, 2.9387, 2.0528,-0.7734,-4.7349,-4.6137,-2.4820,-4.6957, 1.7852
-2.5326,-1.2867,-0.3131, 2.4994, 4.0754, 2.2208,-3.1462, 1.7556, 4.2128, 4.7781, 0.4779, 4.4323, 1.0360,-2.8229, 0.0357, 1.5466,-2.7821, 1.1339,-0.9821, 4.9593,-4.2666,-4.1647, 3.8379,-1.9387, 4.0460,-0.0163, 3.4610, 4.2545,-3.1877,-4.4320,-1.7785, 1.4965,-3.4922, 0.4097, 4.4357, 4.8979, 4.5255,-4.9094,-0.3317,-0.9370, 3.8262, 2.9859, 3.2210,-1.6161,-0.9407,-4.3682,-0.1719, 0.5041, 2.7726, 0.5179,-4.0753,-2.8646,-3.5362,-3.7840, 0.8132, 2.0367, 4.7250, 4.8166,-4.9967,-1.2046
 1.8435,-4.5696,-1.5341, 3.8999,-4.0325,-2.2471, 3.3164,-4.3785,-1.7456,-3.6820,-2.8028,-0.7289, 0.4935, 4.2128, 0.1138,-4.3430,-4.7739,-3.6246,-4.8689, 3.2802, 0.6589,-4.0551,-4.6670,-3.6344, 3.2002, 2.8996, 1.5715,-0.7974,-4.3716,-0.6639, 0.4036, 3.4152,-2.3127, 4.4337,-1.8380, 4.8954,-3.4282,-0.7747,-0.5053, 1.1365,-3.9279, 4.2600,-0.0396, 4.9033, 1.2599, 4.2232, 3.6631, 4.2975,-1.0550,-4.7726, 1.9445,-2.6684, 2.5141,-4.8672, 0.9505, 1.9781,-4.6494,-4.6134, 4.9045, 2.5786
-1.0015, 2.7634, 2.6444, 0.2818,-1.0119,-3.7260, 3.5021,-1.6388,-0.7937,-2.7409,-4.5386,-3.2303,-0.8684,-0.8404, 0.0986, 2.8391,-1.1123, 1.8816, 3.1379, 1.7073,-2.1465, 0.3180, 0.5908, 4.6857,-3.2470, 4.2500,-0.6961,-4.1366,-4.7112,-3.1335,-1.6126,-3.7270,-3.8740,-3.7118, 0.1242,-0.3148,-2.2949, 0.5478,-1.2774,-1.9993, 4.1356, 2.3698,-1.7975,-3.0678, 1.6214,-4.4510,-4.3304,-1.0885, 0.8861, 3.7681,-3.1526,-1.2678, 1.3820, 0.7433,-4.5683,-4.6157,-2.4768,-0.2862, 0.4212,-1.5319
-4.3847,-0.8686,-1.5475,-1.9220,-1.9081, 4.4907, 2.5343, 0.6356,-4.7402, 4.1982,-1.4790, 2.0765,-0.1471, 3.8818, 2.2585, 1.0636,-1.5071,-0.9723,-3.7861,-3.4277,-2.6086,-0.2772,-4.8610, 0.9327, 2.2750, 4.5003,-2.7067, 4.5694, 1.4370,-3.2247, 0.3703, 4.8660,-1.8221,-0.5216, 3.5117, 2.4692, 1.9622,-3.1131, 4.2444, 0.9807, 2.6943,-4.3564, 4.6782, 1.5268, 0.1507, 0.8579, 1.2740, 4.6010, 3.7871, 3.7861,-1.2350, 4.4383,-0.2310, 3.4991, 4.4706, 2.3066,-1.2297, 2.4599,-2.5608,-2.5662
 4.0377, 3.0982,-2.6208,-1.9922, 2.4909, 1.2866, 2.4580, 0.0321,-3.2982,-3.0515, 1.7329,-0.0787, 3.8288,-0.9556,-0.1008,-2.2693,-1.7292,-0.3121, 2.2292,-1.9391,-0.9708, 2.0190, 1.0719, 1.9314,-3.9519, 2.4116,-4.4855,-3.5900, 0.2815,-2.2259,-1.8521, 4.8486, 0.9204, 3.0672,-2.0438, 0.0969, 3.9981,-1.4654, 1.1628,-1.0494, 1.8985,-0.9831,-4.9895, 4.5463,-1.2152,-4.0235, 3.5768,-0.2774, 4.5748,-1.1221, 0.6473,-0.7537, 0.9817,-4.7466,-3.3779, 0.4474, 0.4118,-4.6062, 1.2393,-1.2389
 4.9512, 4.1135, 3.2513, 4.2645, 3.2907,-4.3060,-2.6052,-2.4029, 0.2711, 3.9137, 3.4107,-0.8577,-2.2781, 3.9925, 4.2094,-4.8283, 0.0061,-2.6547, 1.8806,-4.7850, 0.2622, 4.1695,-3.0740,-2.8097, 0.1578, 3.6977, 1.4739,-4.3064,-1.0887, 0.9277, 3.7382,-2.5434, 1.7381,-4.5648,-1.3774, 3.3253, 4.2545,-4.4698, 2.6508,-4.1855,-2.7525,-0.1792,-3.8877, 4.6610,-1.3736,-0.2684, 3.0885, 3.1395,-2.0561,-4.9861,-0.5123,-0.6282, 3.8121,-3.2129,-2.2331, 4.0802,-3.0252, 1.1413, 4.9490, 0.0591
-4.6737,-4.5263,-4.9923, 1.9886, 3.7628,-1.6735, 1.8577, 3.8619, 4.6244, 4.1851, 4.1265, 0.2948,-4.2435, 2.2289,-1.9561,-1.4098,-3.7232,-2.1787,-3.1927, 0.3925,-2.3787,-0.7502,-4.5987, 4.2639, 4.8869,-3.1369, 2.5790, 2.5814,-1.0458,-3.5703, 4.8269, 0.5279,-0.6331, 0.7024,-4.3260,-3.1769,-3.1468,-2.7096, 1.1156, 3.7481,-3.7011,-0.7015, 2.5703,-1.5180, 2.8262, 2.8588, 1.3136, 2.9796,-3.9511, 0.7380,-4.3123, 3.1107, 4.4294, 1.7363, 0.7067,-3.6826, 0.1494,-3.6298, 0.3392, 4.5359
-1.9089,-0.6547,-0.0016, 1.0440, 1.3458,-1.9320, 0.6065, 1.9861, 3.3611, 0.5424,-4.4542, 2.1161,-4.9066, 2.4004,-2.2115,-4.8688,-0.0160, 0.4594, 4.0462,-4.6476, 0.1237, 0.9777,-0.5760, 4.5199, 2.4283,-1.7614, 4.6123,-0.1330, 3.7747,-2.6542,-1.6921, 3.9537, 1.3265, 3.1517, 1.5530,-1.1341, 2.5386, 0.8489, 0.7223,-0.2409,-2.8470,-1.8749,-1.0244,-3.6831, 3.3667,-0.2514, 2.4547,-3.3728,-0.9323, 4.3828, 0.2016, 2.8179,-0.6663,-2.0978,-2.4436, 3.1942,-3.5744, 2.3712, 4.6679, 0.8009
-1.2965,-1.0413,-0.4980,-0.8041, 4.7082,-4.4483,-2.4156,-0.3752, 1.3209, 0.6318,-0.9051, 1.0163, 1.7867, 1.7197, 4.2283,-2.3683,-0.5639, 1.5674, 3.8004,-0.9813,-4.0947, 4.0381,-3.2582,-2.5868, 4.9335, 1.0753, 2.9684,-1.6586, 0.4784,-1.4892, 3.5495,-4.2317, 1.8128,-2.1909,-2.2491, 1.2079,-4.1973, 4.8981, 3.8541, 2.0483, 4.5225, 0.6363,-1.3678, 2.9302, 3.1747,-1.8137, 0.2436,-0.1403, 2.1682,-0.0627,-0.8777, 1.7903, 3.9966,-2.2932,-1.1175, 0.6301,-0.2872, 3.2289, 0.2795, 4.1201
-1.0165,-3.5466, 3.0146, 4.0997,-1.9459,-1.3586, 0.6797, 2.6174,-0.8447, 4.8143,-0.7149, 2.0787,-1.3584,-0.4121,-1.9710, 1.1934,-3.1326, 2.2410, 4.6414, 1.7790,-1.7990,-2.3159, 3.7003,-1.4099,-0.6536,-2.3615,-3.9219,-4.1450,-2.4374, 4.0258, 2.3787,-0.4224, 1.9054, 3.3489,-3.0363, 1.6536, 2.6090,-4.8272, 3.2666, 1.0684, 3.3746,-4.0690,-4.9268, 4.1145, 4.7850,-2.4936, 1.8401, 4.8703,-4.4308,-3.4060, 2.6963,-4.6065,-4.8112, 1.0838,-4.0765,-4.1220, 0.8452, 0.3490,-3.5137, 4.6475
 4.8923, 0.4245, 1.8118,-4.7315, 2.7167, 1.6370, 3.3126,-0.5880,-4.9805, 0.2935,-2.7880, 3.6638,-1.3712, 4.1026,-4.5358, 0.0468, 0.8754, 3.0333,-4.3925, 2.2962,-3.2007, 1.3051, 3.2277,-2.5667, 3.5218,-2.3034,-1.1476, 0.1200, 0.4676, 4.2545, 3.0542,-0.2475, 4.4896,-1.4075,-4.4344,-2.4732,-0.5633, 0.0964, 4.5230, 0.9533,-1.4476, 3.2782,-3.6905, 3.3676,-4.7756,-0.9184, 1.3327, 2.0478,-2.2628, 4.8905,-2.1611,-2.7590,-1.9326,-3.1017,-0.8849,-2.6603, 2.4231,-1.2224,-2.8682,-1.5364
-4.3388,-0.2440, 3.5546, 3.2514, 0.4793, 0.6482, 4.8879, 2.8910, 4.9760,-1.5723, 3.8418,-2.4715,-1.3380,-2.9417,-2.5389,-2.9496,-4.2045,-1.0489,-4.5655, 4.8316, 3.7977, 4.3013,-1.1699, 2.0968,-2.8633, 2.3751,-3.7119, 3.3686, 3.4840,-1.6191, 0.5429,-0.8975, 1.0303,-4.9674,-4.2228,-0.5867,-0.5753,-0.0755, 4.2926,-4.5460, 4.7016, 3.8131,-2.3235, 0.3338, 4.7607,-2.6022,-4.4958, 0.7076,-4.3889,-4.8405, 3.8385,-4.1413,-4.9808, 0.5744,-2.1007, 3.1473, 0.9108,-1.9796,-3.9077, 4.6428
-3.9954, 2.7323, 4.3077, 0.6540,-4.3106, 1.4674, 2.0444,-1.1785,-2.0492,-2.5547, 0.0999, 4.5086, 3.5369,-2.4469, 4.3792,-3.3545,-0.2626, 4.9203,-1.0412, 1.0461, 3.1645,-2.9018,-2.7038,-4.8411,-2.4438,-2.6823,-3.3320, 3.6285, 2.2821,-3.1320,-0.0271,-2.2370, 1.2705,-4.9964, 3.5101, 1.0553,-3.8869, 2.7097, 4.0768, 2.0959,-3.6234,-1.0389,-4.0179,-2.0797, 0.0833, 3.8675,-4.9176, 0.1140,-0.8420, 4.9111,-4.0303, 3.6182, 1.5273, 4.6502,-4.6336,-0.8290, 0.7259,-3.4597, 3.3020,-2.3075
-3.8280,-3.0584, 1.8076, 2.1197,-3.9105, 2.3800, 1.3541,-4.8523, 2.4822, 1.3674,-0.5023,-3.1928, 0.2280,-4.2482, 0.4813,-1.6094, 4.3692,-2.0401,-1.1506,-0.7002, 4.3695, 4.6499, 4.2468,-0.1384,-1.0949,-4.8888,-3.1790,-4.5860, 4.8478,-3.9393,-2.4058,-3.5107,-3.5275, 0.1514, 4.8077,-2.7929,-0.0887,-4.2404, 1.4898, 2.9107,-1.1192, 4.0486, 4.1333, 4.1235, 4.5040,-1.1950,-2.3835,-1.1675,-0.2433,-2.7199,-2.7883,-2.5043, 0.0939,-3.5587,-3.2911,-0.6954,-2.2917, 0.3007,-0.0061,-2.3770
 3.6607,-4.8868,-0.7861,-0.2461,-0.2324, 1.3678,-4.7106,-2.8393, 0.2659, 0.8140,-3.8286,-4.2030, 1.8370,-3.1789,-1.9777,-1.8992,-1.6216, 0.1220,-2.8800,-0.2824,-4.7027, 4.7901, 1.7449,-3.2099, 3.7687,-2.5319, 4.8706, 0.2564,-3.5023, 3.3972, 4.3314, 2.8300, 1.4051,-3.3307,-2.0646,-0.1391,-0.8473,-2.9426, 4.7117, 3.9675, 1.1323, 0.4015, 2.3343,-4.0796,-1.1221, 4.4854, 2.8847,-0.3396, 4.9296, 0.6990, 0.2497, 0.1942, 0.9783,-3.6005,-3.4813, 2.7324,-3.6396, 4.6084, 2.4766, 4.8439
 1.0110, 2.4860, 4.0397,-3.1896,-2.4822,-3.7250,-0.2379, 2.6321,-4.0596, 3.1198, 3.0578,-3.0418,-1.0086, 3.7529,-1.7036,-1.8810,-0.5654, 2.2005,-3.5763,-4.0830,-4.5736, 0.2561,-2.2118,-1.6612, 2.8773, 4.4477, 3.2026, 0.8655, 3.2274, 3.6381,-2.5427, 2.3533,-4.1494,-2.9838,-4.9545, 0.8574,-4.4159,-0.7105,-4.2829,-4.4088, 3.5710, 4.5488, 3.6623, 0.5194, 1.6409,-2.3976,-4.9746, 3.6504,-1.3329, 3.5979,-4.9095, 2.5031,-0.2538, 3.3201, 4.5036,-1.4907, 0.0649, 3.4006, 2.3769,-0.1771
-4.5988,-3.0097,-4.0057,-2.9242, 1.5730, 4.6370,-0.5836,-2.1795,-3.2690,-2.8113,-4.1749,-4.5533,-1.6482,-4.3140,-3.5527, 1.3487, 2.3554,-4.5448,-0.7720, 0.6332, 0.5042,-2.3940, 0.1298, 0.6252,-2.2282, 0.8106,-4.7624, 1.9982,-3.9853, 1.8733,-2.4164, 4.8406, 3.8573,-3.8576,-1.0041,-3.8006,-2.2122,-4.5122,-0.1754,-3.0218,-3.9414,-3.3468, 0.3676, 2.0263,-4.7614, 0.6179,-0.0144, 3.0940,-1.9345, 4.7281, 2.1729,-4.1893,-2.4151, 0.9594,-1.1131,-0.1725, 3.2828, 4.3870,-2.5352,-1.3792
 2.3574, 4.4888,-1.5063,-1.4151, 4.7851, 4.1832,-2.1347,-4.2311, 0.2452,-1.7796,-3.3808,-0.2519,-4.6425,-4.0715,-0.8840, 2.9108, 0.7247, 1.3535, 0.4891, 4.7820,-2.7765,-3.4180,-3.1806,-1.9840,-4.4353,-1.4239,-2.1760,-2.3711, 3.1453, 4.1393, 3.3370, 0.3314, 2.2020, 0.5241, 4.4923,-2.3594, 1.7340, 3.0353,-3.5748,-3.3838,-4.2267,-2.7370,-0.0697, 0.3183, 3.4424,-4.2843, 4.3122,-0.9728, 3.6018,-4.5119, 0.3779,-3.4471, 4.8934, 4.2273, 1.7870, 4.2297,-3.9006,-2.5332,-2.1975,-2.8332
-3.3209,-0.7884,-1.2199, 0.8371, 2.9897, 1.9032, 4.1238, 4.8979,-0.0259,-0.3687, 1.1188, 0.7344,-2.9680,-0.5569,-4.4965,-3.0901, 4.1130,-2.6170,-2.1150, 3.7946, 1.4627,-2.5503,-2.0950, 4.4412, 4.4853, 0.2194, 1.4374, 1.5734,-4.9419,-4.5100,-3.0621, 4.6995,-3.8949, 0.6765,-4.3603,-3.6284,-0.8002, 0.5978, 3.7117, 0.8754,-1.8292,-0.8823, 1.0383, 2.8232,-0.0156, 2.2946,-0.2981,-2.4023,-1.0901, 4.7595, 0.3260,-4.8310,-0.0064, 2.1512, 4.1398, 4.3838, 3.2343, 0.5927, 1.7906, 2.9281
-1.6161,-2.6457, 4.6131,-4.9536, 0.4292, 0.1794,-2.9847,-1.2323,-1.2484,-3.4093,-0.2103,-3.5838, 0.4926,-3.2976, 4.4463, 1.2703, 0.6283,-1.2143, 0.1274, 4.0278,-1.2828,-2.9718, 1.7284, 3.5705, 1.4706,-0.1983, 1.2046,-1.6376, 2.8729, 4.9175, 3.7729,-0.0413, 3.8054,-4.0638, 1.2165, 3.8811,-3.8081,-4.0032,-2.8960,-4.8664, 2.2451, 4.3235, 2.3490, 3.6750, 3.7507,-3.6125,-1.2045, 1.5105, 1.8474, 0.1615, 3.6652,-2.3937,-4.5951,-3.6835,-2.0882,-4.3266, 3.1016, 2.6726,-2.7270, 0.4819
-3.1124,-2.4550,-1.2095,-1.0556,-3.8651, 1.8810,-3.9952, 4.5271, 1.2032, 4.9507,-4.2258, 2.9451, 3.9010, 3.0520,-0.8957, 1.8104,-0.1045,-2.3573, 2.5680,-3.2887, 4.9700,-0.4936, 0.1365,-2.3518,-4.1626,-0.8318, 2.4459,-0.7676,-4.5893, 2.9076, 4.6828,-4.4677, 1.9355, 1.9391,-0.9132,-4.5386,-3.0661,-0.5027,-4.5776, 3.4417,-2.5127, 2.5987, 0.5337,-4.3267,-1.4929, 0.9553,-4.1456,-0.1733,-2.3081,-3.2799,-3.3777,-2.9051, 3.4524,-1.6695,-1.6414, 1.8874,-3.6334,-3.9756, 2.3542,-3.4102
 3.7517, 0.2340, 2.5625,-1.7760, 1.6063,-4.3098, 1.3163,-4.4133,-3.4582, 2.4954, 4.1917, 4.9050, 2.6761,-2.0595,-0.4272,-1.1213, 1.1438, 1.0375, 1.0664, 4.8312,-3.4105,-2.3786,-2.4532,-1.9855,-3.8993,-1.7981, 1.9711,-1.7722, 2.5333,-1.8841, 2.2091,-2.8366,-0.6727, 2.6819,-1.8414, 0.5123,-1.0696, 4.5671,-3.1382,-3.6497, 3.4067, 0.7179, 4.5721, 4.6829, 1.1509,-1.1455, 1.6737, 2.5379, 2.8146, 4.9577,-3.4045,-4.2680, 0.0281, 0.7633,-2.2400, 3.2295, 0.4189, 1.0843,-2.5579,-3.0079
 2.4976, 0.8203,-0.2072,-3.5102,-2.1954, 3.5922, 1.0339, 3.0444, 2.5240,-0.9199,-3.0915, 1.3514,-1.8429, 0.8395,-2.4365, 4.0465,-1.6429, 3.2564,-0.3296,-4.3473, 1.5015, 0.4048, 0.8077, 0.9773,-2.1090, 0.5165, 0.8471,-2.3169, 1.6196, 1.0452, 4.0862,-2.7755,-4.9464, 3.7618, 0.0032,-2.4905,-1.4572, 0.4657,-1.3641,-3.7972,-1.9891,-3.8522, 3.9331,-3.7505, 4.2413, 2.1217,-2.6228,-0.2654, 3.2482, 1.9339, 1.0762,-4.7192, 1.8746, 3.0348,-0.8426, 3.3976, 2.7596, 3.4614, 2.7009, 0.6836
 1.5593,-0.2158, 0.7159,-1.5550, 1.5174,-1.0492, 0.0186,-1.8895,-2.6552, 1.2395, 3.9062, 2.7517,-0.5905,-4.8072, 2.2425,-3.3074,-3.2439,-1.2927,-2.3199,-0.3895,-0.9457, 0.5675,-1.9235,-2.0097, 3.4846,-0.3444,-2.8971,-1.8855,-2.2741, 0.2852, 4.4992,-0.7106, 0.7075,-3.8699, 0.1508, 0.5430, 2.3679,-3.2586, 4.7670,-0.9029, 3.8210, 2.8457,-1.6057,-3.8444, 0.5963,-0.3971, 0.6014, 1.6538,-4.4644,-0.1102, 0.3858,-0.8163,-1.8739,-4.5276,-3.3295, 0.4826,-2.9039, 0.2463, 0.8405,-1.8537
-1.6527, 3.0296,-3.8148,-3.9061, 4.9668,-1.5048,-2.4297,-1.3843, 2.6479,-4.9758,-4.5539,-4.3724, 2.5090, 2.1415,-0.6668, 3.1767, 3.7151,-2.9250, 1.0053,-3.2005,-1.0140,-2.3850, 0.0638,-4.5287,-4.8518, 0.7691, 4.7618,-2.6278, 0.9523,-1.9948, 0.0549,-3.2163,-1.8728, 1.6553,-2.9146, 0.6214,-2.7266,-1.8460,-4.4634, 0.1453,-1.8803, 0.3211, 2.8557, 1.9922,-4.0614, 3.6812, 2.0193,-4.7818, 3.1956, 0.7930, 0.2999,-3.2116,-4.8329, 0.2152, 3.5959, 1.3097, 0.3564,-0.8619, 0.7128,-2.0164
-3.1661,-4.4388, 0.2474, 3.6676,-2.5421, 3.3889, 1.0124,-4.8794,-1.8147, 3.2500, 0.3051,-4.9493,-2.9320,-3.2355,-1.2476,-0.1854,-4.5365, 1.4859, 1.3639, 1.0971,-0.9018, 4.8480,-0.4253, 1.0665, 4.5747, 2.5264, 3.2773,-4.0506,-2.2859,-4.5392, 0.7395,-1.0428, 2.5942,-0.5463,-1.7085,-1.8358,-1.6746, 1.7860, 0.1057,-1.6046, 2.0785, 4.3479, 4.6215, 4.0915,-0.3244, 1.2622,-2.2513,-4.0054,-1.0899,-2.9909, 3.3800, 3.7485,-0.6952,-1.7739,-2.0936,-0.5091,-2.5432, 0.3566, 3.7584,-3.8799
-2.1546,-3.5805, 0.5292,-2.1622,-1.3011, 1.7148, 0.2173,-0.7880, 3.8928,-2.0815,-1.2258,-3.9097, 2.6574, 3.8925, 1.0386, 2.1484, 3.7024, 2.1706, 4.0799,-0.9226, 0.7442,-4.8571,-1.7762,-2.5796,-4.5949, 0.4096, 4.2270,-3.4978, 2.2556,-3.4607, 1.0966, 0.5861, 0.4782,-1.5760,-0.8998, 2.6871, 4.2622,-4.5367, 4.1041,-3.3733,-4.3549,-1.4079, 3.6153,-3.0313, 3.6504, 3.3749,-0.1380,-3.5337,-3.5686, 2.3847, 1.6723, 3.9934,-4.2305,-3.8656,-1.1451,-1.5531, 4.5126,-4.9196,-1.7941,-1.7171
 1.8551,-1.7770, 3.7131,-4.6045,-4.6100, 4.2358, 0.8636,-4.0761, 2.5866, 2.0763,-4.6429, 3.7492, 0.5471,-1.3480,-4.2323, 1.6974, 1.9739,-0.5772,-2.1439, 2.2079,-2.0705, 3.7382,-1.0128,-2.0197, 0.8297, 0.7753,-3.7935, 2.2441,-1.3760, 1.4226,-0.8744,-3.7279,-2.9352,-0.9192,-3.8362, 0.0832,-3.2513, 4.9252,-1.5382, 0.5696,-3.2846, 2.5468, 4.8780, 4.6225,-0.1637, 0.0534, 4.5034,-0.2625,-4.6031, 1.0572, 2.1630,-1.5411, 4.1182, 1.3927,-4.7915, 2.9948,-2.4959, 4.8234, 4.3364, 4.0007
 0.4557, 2.6586,-1.7318,-0.9057,-2.9050,-3.3580,-0.5998,-2.3123,-0.4009, 1.8116,-3.4168, 2.5500, 2.9263,-0.0672, 4.6817, 3.2437, 1.2041, 3.3483, 0.2311, 4.8239, 4.8828,-4.2750, 3.5341, 0.9973, 2.0857, 3.3390,-3.4836, 2.3810,-2.6258, 3.5178, 3.4034, 1.2389, 4.6859, 1.6282,-3.7596,-2.4423, 1.8795,-0.4530,-3.6353,-4.6529, 4.7860,-0.5671,-0.8001,-3.3245, 4.7446,-2.8073, 1.9164,-1.9612, 1.0052,-2.6483, 0.1232, 2.4189,-1.8096,-4.1871,-2.7937,-0.6744,-4.4805,-1.2435, 1.9653, 4.2526
 3.9886,-0.3710,-1.4142, 3.6165, 4.8640,-1.4803, 2.9966,-2.3709,-2.9063,-4.4055, 2.6639,-3.3018, 2.7038, 4.2125, 4.0211,-1.5657,-0.2792, 3.7453,-3.6574, 3.8193,-1.3487,-2.0599,-3.2034, 3.6225,-0.3481,-0.1048, 3.7206, 3.6817,-3.7369, 3.3249,-1.9025, 2.5300, 3.3763,-0.6645,-2.5424, 1.7588,-3.5522, 3.9434, 2.5585,-0.0693,-4.4986,-3.4638, 0.4047, 4.5584, 0.6412, 2.7589,-2.5679,-2.7126,-3.1892,-2.3460, 4.4912, 2.5950, 2.9620, 4.5949,-3.8219,-3.3675,-4.7217, 3.7457, 3.6521,-3.5295
 0.5705, 0.5871,-4.4823,-2.4784, 0.6705, 3.6831,-3.4475,-1.2974, 1.6040, 0.2179,-0.2093, 2.0438, 4.9150,-3.7795, 4.2981,-2.6928,-0.9983,-3.2133, 4.6980, 2.0757,-4.1640, 2.4222, 4.6953, 4.7129, 1.0933, 2.4035,-1.2662,-2.0369, 1.5987,-1.1301, 4.8107, 4.1844, 2.9953, 2.2596,-0.0004, 4.5260,-2.2178, 3.5878,-3.5203,-1.2402, 0.3141, 1.2617,-4.3371,-2.6165, 0.6078, 0.2613, 1.2522, 2.8035, 3.7181, 2.1542, 0.1153, 4.7945, 1.2468,-2.5840, 3.0690,-3.3744, 0.1835, 1.8728,-0.6001, 3.1048
-2.2367, 2.7156, 1.8734, 3.8076,-2.2037,-0.1823,-4.3126,-2.2211, 0.3096,-4.1359, 1.4267, 4.4811,-3.3107,-3.5351, 3.7019, 2.0897, 2.7950, 0.7284,-1.1223,-2.0480,-0.1172, 0.5746,-1.3408,-2.2157, 3.0908, 0.4584,-1.7813,-4.4489, 3.3424, 0.4322,-1.4348, 2.6473, 0.8359,-2.0045, 3.1497, 3.7980, 2.7268,-2.1409,-1.3292, 0.9178, 1.0831, 1.5426, 1.4846,-4.0535, 2.6294,-3.7131,-2.5796, 3.7743,-0.5612,-3.2951, 4.0764,-0.1773,-4.6670, 4.2540, 2.7974,-4.8093, 2.6354, 4.0740, 0.1294, 4.0058
 2.2947, 3.6209, 1.5790,-0.7150, 0.9733,-2.4124,-0.8201,-3.6123,-4.2493, 0.9426, 4.0973, 2.9813, 3.5252,-1.8912,-0.2505, 2.8630,-2.7235,-4.9456, 2.8940,-4.4033,-2.3650, 2.0915,-2.9033, 4.0337, 0.4773, 2.2869, 1.5958,-0.5674, 3.6740, 1.4494,-4.2209, 0.8460,-4.7260,-3.1174,-3.5576,-3.6256, 0.1580,-4.4262, 3.9749, 3.9621,-3.8152,-4.9275,-1.3156,-1.1159,-0.0005,-2.6784,-2.1738,-2.3552,-1.5453,-4.1761,-0.5413,-0.3048, 0.9198,-1.1924, 3.5842, 3.3388, 0.4316, 2.2875,-2.8947,-4.9774
 0.1876, 1.6618, 2.9392, 3.4149, 3.0341,-2.3620, 3.9721,-2.4385,-0.2124,-4.3982, 4.9273,-1.6553, 0.2680,-4.9850, 3.8672,-1.9701, 3.5113,-2.8798, 2.4455,-2.1845, 4.5524, 4.7521, 4.0025, 2.1508,-1.3287, 4.6288, 2.3912, 3.6234,-4.1832, 1.1702,-3.6042, 1.9121, 1.0966,-4.8577,-1.0849, 4.3217, 1.8236, 4.3647, 3.4826, 4.3881, 0.7086,-3.4272, 4.5804, 1.9520,-0.4643, 2.2216,-0.5316,-1.0780, 2.5312,-3.8744,-4.5039,-3.4851,-3.1868, 0.4386,-2.3668,-0.2472, 0.5539,-3.3242,-4.0066,-2.6163
-4.8704, 0.3755,-4.9867, 3.7511,-1.5802, 2.7864, 2.6523,-4.3253,-1.5481, 3.5191, 1.6684, 4.8171,-1.4803,-3.0902, 3.2321, 4.5062, 3.0150, 3.1453, 0.6317, 4.3001, 3.3709,-1.7561, 4.7767,-3.4864, 1.4613, 0.2350,-4.1537, 1.4867, 4.5912, 1.4058,-4.0409, 4.9767,-3.7825,-0.0254, 1.9875,-3.6299,-3.6593, 2.9370, 2.6042,-1.8513, 4.0029,-4.0749, 0.8864, 3.0936,-1.1844, 1.9240, 2.6478,-4.7169,-3.5437, 3.7460,-4.0662, 2.8382,-1.0738,-0.5778,-2.7387, 2.0966, 4.1543, 3.6885,-1.7454,-4.1516
-0.7576, 3.7693, 0.4409, 1.2041,-0.1126, 1.0447, 1.2841, 3.3600,-0.7384,-0.8306, 0.0211, 0.4824, 3.0543, 4.2769,-1.8971, 2.2174,-1.3547,-0.4694,-0.5962,-3.7381,-2.3874, 3.8431,-3.9579, 2.3694,-0.6903, 2.8648,-0.2860,-2.8479, 0.4217,-3.0166, 1.8310,-0.1180, 1.4885, 1.2045, 4.2580, 0.8984,-3.9322, 2.9650, 4.4361, 1.0904,-3.3907,-4.8957,-4.6633, 3.2489,-1.6141, 4.8886,-2.5358,-1.5322,-2.6285, 3.7737, 3.0498, 3.1286,-1.8082, 0.8977, 4.4465, 0.5078,-2.3219, 3.0780,-3.2639,-1.4954
-0.1752, 3.3811, 2.2078,-2.6920,-2.5192,-4.9971, 4.8633,-4.3634,-0.0724,-0.3085, 3.2727, 0.8279, 2.1061,-2.8893,-3.9967,-0.0003, 3.3581,-4.2401, 0.6540,-4.9518, 3.7840,-0.6328,-2.9443, 4.4005, 1.4938, 3.8874, 2.8737, 0.7619,-1.6335,-1.0093,-1.8222,-4.0379,-2.5675, 2.2182, 4.3040,-0.3352,-4.6595,-1.7715, 0.8983,-2.6433, 0.1969, 4.1194,-4.8625,-0.1997,-2.8783, 3.5287, 2.8942, 4.9301, 2.9513,-1.0889, 4.4512,-3.6615, 1.4355, 2.5345,-2.6071, 0.2895, 2.5129, 1.2194,-4.5193, 2.6773
-0.6184, 0.1031, 4.3130, 4.2110, 1.9258,-2.4495, 1.0364,-4.7439,-4.4322, 0.5066, 1.1728,-3.6342, 1.8861,-0.0678,-4.3247,-4.8221,-3.4985,-3.2718,-1.2012, 2.0601,-3.0840,-2.7437, 0.6526,-4.3502, 2.9475, 3.7181, 0.1491, 2.7206, 4.7349, 0.5210,-2.4317, 4.3795, 2.0013,-4.8567,-0.6811,-3.7190,-0.8715, 1.8803, 2.8529,-3.7669,-0.3585, 4.7650, 1.5590, 2.8930,-2.6003,-2.7416, 0.1201, 1.3706, 1.6058, 0.0567, 0.9589, 3.1987, 2.1632, 4.7141,-3.8704, 0.8922, 4.5935,-1.8638, 4.4581, 2.9351
 2.8488,-1.5064,-2.0779, 2.5512,-1.5344,-0.2046,-0.2957, 4.4125, 1.3235, 0.6707,-1.6444,-3.3225,-1.5149,-3.6871,-3.3118, 0.4299, 4.9591,-3.1717,-4.7070, 0.3148,-4.9771, 4.6474,-2.4208, 0.7421, 0.3855,-0.0404,-0.4534,-2.2453,-0.8142, 1.9830, 4.6962, 2.9940,-2.4580, 0.9392,-0.4793,-2.0271,-3.4663,-2.8479, 2.2963,-4.5559,-4.7168, 1.7105, 0.8055,-0.6167,-0.9819, 3.4589,-3.8407,-3.3180,-1.0453, 3.0689,-0.2617, 0.0759, 3.5783, 2.8196, 4.3580,-2.3050,-2.9463,-3.9072,-0.8647,-3.2948
 2.8732, 0.0299,-2.1367, 4.4130, 2.0088, 3.4508,-1.2375,-3.9283, 4.3274, 3.5482, 3.1104, 4.8332,-1.6854,-4.2158, 0.8792,-0.9370,-1.3391, 3.9382,-2.0008,-1.9660,-2.4275,-1.5304, 2.0853, 4.2012,-4.4596,-3.3533, 4.2825, 1.9226,-4.3349,-3.8732, 4.8616, 4.4904, 1.9373,-0.6137, 0.3735, 3.9117,-3.0219, 0.4855,-1.6281, 3.1042,-2.4139,-3.9173, 3.3508,-0.8695,-3.5911,-0.2330,-1.0874,-1.0832, 3.7278,-3.9499, 2.2947,-0.7633, 1.8711, 3.5637, 4.9683,-0.2770, 2.3303, 4.0936, 0.6254,-3.1820
-4.0638, 2.6734, 4.8260,-3.8362,-1.3542, 0.4790,-4.9786,-0.0615, 4.4854, 4.0881,-3.0862, 4.3819, 4.3290, 0.1246, 4.2421,-2.4312, 4.7387, 2.8722, 1.8297, 4.8983,-3.9403, 4.8993,-3.6479,-3.6422, 1.8456,-1.0559,-2.4886,-4.5078,-3.2821, 1.0941,-1.3846, 4.0006,-1.9646, 2.9609, 2.9558,-4.8954, 0.2441,-1.6338,-0.1559, 4.1927, 0.8287, 3.8637, 2.3252,-1.9713,-0.9356, 3.5445,-2.7379,-1.2622, 4.9820,-0.2490,-2.8488, 0.6329, 4.0740, 2.9833,-2.5330, 4.3284, 0.8621,-2.6673, 4.4241, 2.6878
 0.9818, 1.7394,-3.4165, 3.2882,-3.0489, 1.9140, 1.2953,-1.3451,-4.0932, 1.2701, 2.5164,-1.1326, 0.7734,-0.5880,-4.6977,-2.7897, 0.3528,-0.4170, 1.8821, 3.2857, 3.8360,-3.8964,-3.9900,-4.1011,-3.2818, 3.0692,-0.4311,-4.8346, 1.9022,-1.3288, 3.9094,-0.5330,-1.5056, 2.8903,-1.3531,-3.3006, 4.6596, 4.2044,-1.8220, 3.3566,-1.0550, 4.0820,-3.6930, 3.1137,-2.1158, 1.0138,-0.1401,-2.9300,-4.7754,-0.7650, 4.1650,-3.4855,-0.9157, 3.6378, 4.1905, 3.6465,-3.3806,-4.7298,-1.5427, 2.0655
 1.8481,-0.6407,-1.2131,-1.6825, 1.8802, 3.7157,-4.8650,-3.3144, 4.5329,-4.8291, 0.0059,-0.1415, 4.3720,-4.9769, 1.1494,-2.9702, 2.4682, 3.9356,-0.2284,-1.5325,-4.3774, 0.8478,-3.4372,-1.0791, 1.0717,-3.1226,-3.4303,-3.6773, 3.4572,-0.8595, 2.6908, 3.6497, 0.6438, 0.5167, 3.2108,-3.0333, 3.8011,-1.9986, 2.5187,-1.0450,-2.2472, 2.7164,-0.2282, 4.3033, 0.8875, 3.8379, 3.6179, 1.4241, 4.1309,-0.0838, 1.0396, 4.4241, 4.2980, 3.1523, 3.6827,-0.3480, 3.9931,-0.9423,-3.9256,-3.6636
-0.5420, 3.6884, 1.9287, 3.3759, 1.6471,-2.3884, 4.5610,-4.1531, 1.3180, 4.9265, 2.0787,-1.1707,-1.6359,-3.6910, 0.2119, 2.8265, 4.2550, 3.3269, 4.9335, 4.2246,-3.3975,-0.9818, 4.7925,-3.9374, 2.9426,-4.5054,-3.1307,-0.6772, 4.3112, 3.3089,-0.9760,-0.6371, 3.6040,-0.9274,-4.3743,-2.0882, 1.0791, 4.6070,-3.5396, 1.6721, 2.8716, 1.9021,-0.4306, 4.4146,-1.2812, 4.8899, 1.5402,-2.9983, 4.3498,-4.4338, 0.5382, 4.9310,-3.9534,-2.0205,-3.9755, 3.0129,-0.8866, 1.7214, 4.9382,-0.3065
-2.7691, 3.4991, 0.8570, 0.6982,-0.6448,-1.7880, 4.9394,-4.4591,-0.1912, 2.3961, 0.6576,-4.3394,-3.6582,-4.1875, 4.8598,-1.2081, 0.6481,-0.0585,-0.1206,-1.0436,-0.5067, 4.4465, 3.1339,-2.7274, 0.3590, 1.4050,-0.7900, 0.7304, 2.8409, 2.7097, 0.3531,-3.1970, 0.7194,-1.5013, 1.4239, 4.2632,-0.2206,-2.1364,-2.4013,-3.3492,-0.2980,-4.9379,-3.1512,-0.0479, 1.7081, 3.8805, 0.2077, 3.3900, 0.8775,-1.8169, 2.0931,-0.8608, 4.1012,-1.5698,-0.8346,-1.3609,-0.2760,-3.6089,-4.7136, 0.5488
 0.2386,-1.6359,-0.5551,-2.6820,-3.5115,-3.9263,-2.0213,-3.7717,-1.1160, 4.5758,-1.8866, 3.3293, 2.9626,-1.5212, 0.2001,-4.8484,-4.7658, 4.6253,-3.3794, 2.6115, 1.7017,-4.0819,-3.5858,-1.9419,-1.7859, 3.8122, 2.9085, 4.8533, 1.5577, 2.4543, 4.1197, 4.4705, 0.1899, 0.9321, 1.4595, 1.5276, 1.6338,-2.8837, 1.8797, 4.1815, 1.0195,-1.3785,-1.3666,-1.0670,-4.3021,-1.0402,-3.5939,-0.4379,-2.9243, 3.5491, 1.9229,-1.0047,-3.7124, 1.1518, 3.5682,-3.5307, 2.5439, 2.5038, 0.3877, 4.2690
-1.0355,-1.8919,-1.5694, 3.1357, 3.2333, 1.8941,-1.0620,-3.0462,-3.3661, 4.5370,-1.7005,-1.7520, 1.7586,-1.1670,-0.6929, 4.1572, 4.7016, 0.8685,-0.5377,-4.6977, 0.5755,-2.0662, 4.2240,-3.4968,-1.4917, 1.1848,-4.9260,-2.1440, 1.3642, 0.3897,-1.6416, 4.3249,-4.6155, 4.2466,-3.6399, 2.0568,-2.4526, 4.8972, 1.9174,-0.1310,-3.7362, 1.7681,-1.1730, 0.6448,-1.6853, 3.8394, 3.9754, 4.1781,-2.7997, 3.1507, 1.6149,-2.3209, 2.2739,-2.8098, 3.1606,-2.6138, 0.6913,-1.8252,-2.4029, 3.7930
 3.2047,-1.5142, 0.2966,-4.9770, 4.6898, 4.7121, 0.5747,-0.5403, 2.3205,-2.3903, 3.0296,-2.5443, 1.0633, 2.1608,-2.8271, 1.4977, 2.7282, 2.0018, 0.2944,-0.9176,-1.4200, 4.2912, 3.7634, 0.8313, 0.9063,-0.9443,-3.7039,-0.5104,-4.9877,-0.7663, 2.7011,-0.6851, 0.1513, 1.9142,-1.1327,-2.7185, 3.4583, 4.7139, 4.9540,-2.5412, 0.2258,-0.7613, 2.5251,-0.6953, 1.4038,-3.8062, 4.1360,-3.0158,-1.5964,-3.0278,-1.5361,-4.3478,-2.3118,-4.3153, 1.7210,-4.2338, 1.9155,-2.9192, 3.5319,-4.8228
 1.6767, 1.1726, 4.5444,-3.4906, 0.2994,-3.5916,-1.2232, 2.0255,-2.1489,-4.7283,-2.3718, 0.2574, 3.6189,-0.5921, 2.5029,-0.8084, 0.5554,-3.9530, 4.0518, 2.1177,-3.2721,-3.7607,-1.2534,-1.0585, 4.1959,-2.5884,-1.7000, 4.6652, 0.2742, 0.8338, 0.2348,-3.6153,-1.1779, 0.8925,-4.2442,-3.3242, 1.7673,-3.2541, 2.1901, 4.1416,-2.3050,-2.4775,-1.4743,-1.7891,-2.3626, 0.6335,-1.1053, 3.3081,-1.7371,-3.9059, 2.3905, 0.4735, 4.4134, 1.1028, 3.8529,-3.3801,-3.0852,-3.8844, 0.5281, 2.7196
 3.4341, 1.3581,-0.6704,-2.0943,-1.2322,-0.6740,-0.5354, 0.7955,-2.8935,-2.3734,-4.1934, 1.9040,-2.3738,-4.0212,-4.1451,-1.8553, 4.3748, 2.3933, 1.2363,-2.7209,-4.3037, 2.9039, 3.8735,-4.7976, 3.8722, 3.3082,-0.8501, 0.5962,-1.4474,-3.7448, 2.6241, 0.8305, 0.9976, 4.5595, 1.3551,-0.4683, 2.7198,-3.5758,-3.6203,-2.9645,-2.9060, 1.0683,-0.0665,-1.2576,-0.4012, 0.8401, 0.1865,-4.3788, 1.2211,-3.5340,-2.8433, 4.9498,-1.0990, 4.4301,-1.1284,-3.2401,-2.0875, 4.1479,-0.4988, 4.9017
 3.3344,-2.3266, 4.2258, 0.0493, 4.7222, 0.8585,-4.8523, 1.2623, 2.1876,-1.3624, 4.6443, 3.6161,-1.9446, 2.6165,-0.1601,-4.7092,-2.0868, 1.4330,-2.6393,-1.5741,-2.6198,-1.2723, 3.0878, 3.7315,-3.0463,-3.7136, 4.2744, 0.3821, 1.3517, 2.1825,-3.1291,-0.5945, 0.6912, 4.7022,-0.2469, 1.5377, 0.3040,-4.0416,-1.0804,-3.5989, 3.0542,-3.6255,-2.1234, 3.2154, 2.7782,-3.6555, 3.2239,-0.1694, 0.7469,-3.4573,-4.2686,-2.4390,-0.1701,-2.1497,-1.7096, 0.1793,-4.3502,-1.9323,-2.1955, 0.5358
 1.4192, 0.9225, 1.9651,-3.0002,-0.7198,-0.0275, 0.8054,-0.6553,-2.0707,-1.7089,-3.4297,-0.1662,-3.2340,-0.3909, 4.3503, 4.4292,-3.1881, 2.8728,-1.8775, 3.3438,-1.9819, 1.8881,-2.5282,-3.3831,-2.5394,-1.4485,-4.5561, 1.3372,-0.3692,-2.0485,-0.0297, 0.7563, 1.2240, 2.1364,-4.2794, 3.1250,-3.7944,-2.6643, 2.1552, 2.2130,-2.6451, 2.3512, 4.0555,-2.9007,-1.1766, 0.0236,-1.2944, 3.1837,-2.5954,-2.1307,-0.6546,-4.8164, 3.0020, 0.3277, 1.6046, 0.2598, 4.2837, 3.6846, 4.5138,-4.7637
-3.7815,-0.5628,-1.1050,-4.0821,-2.0705, 1.5449, 4.7872,-2.4785,-0.6364,-4.8563,-1.9905,-2.7865, 4.0163,-2.8455,-1.3453,-0.9166, 0.1113,-1.2985,-1.8130,-3.5398,-1.1875, 2.4679,-3.2580,-4.1027, 1.9119,-0.0578, 3.1285, 1.7459,-1.7938, 3.7627, 4.1347, 3.9585,-4.5294,-2.0153, 0.5504, 3.5120,-3.6693, 0.1630, 1.2412,-4.4537,-0.3422, 2.8815,-2.4837,-3.4185, 4.4568,-4.5562,-2.2111,-0.5208,-4.8364, 2.9256,-1.8748, 4.3974, 4.2779,-0.1379,-0.1248,-0.1047,-0.7115,-1.9144,-1.1465,-1.2748
 2.2530, 3.8009, 3.6882, 0.2692,-0.8635,-2.3956,-2.8178,-1.4004,-3.1206, 1.5945, 3.2790,-3.3133, 2.8603,-3.4243, 4.9546,-0.2441,-1.0593, 1.4504,-2.4463,-3.4400, 0.5789,-4.4129, 2.1284, 2.1851, 2.9396,-3.7379,-0.5621, 2.6959, 2.8842, 3.3360,-2.1464, 2.2987,-4.3926, 0.7020, 3.4853,-2.0994,-0.6882,-2.2337,-3.6654,-1.5336, 3.9233,-1.8592, 3.0410, 3.6411,-2.3911, 1.0148, 3.1451, 0.6782, 0.4855, 0.2248,-1.4497,-1.3206,-4.5145, 4.7872,-3.0789, 4.1955, 2.1365, 4.2170, 0.3742,-4.2848
 2.4441,-1.4410, 3.3702,-1.4268, 3.5375, 4.6792, 4.7749,-1.4842,-4.7602,-4.1692, 3.7941,-4.5489, 1.9587,-2.4171,-0.6611,-2.2525,-3.0227, 2.2714, 0.3051,-4.7051,-2.0322, 0.0399,-2.1966, 1.6471, 2.7530, 4.7323,-3.6573,-3.8612, 3.7584, 3.3899, 2.4436,-2.4698,-2.7371,-0.6797,-0.8724,-0.0352, 3.9282, 1.5855,-2.6167,-0.1504, 3.6686,-0.9245,-3.7004,-1.3470,-1.0572, 2.7024, 0.2470,-4.3623,-2.1681, 4.3511,-3.5994, 3.5001, 2.4032,-4.2008,-4.3374, 2.0034,-3.5671,-1.3457, 1.7830,-2.3943
 1.1480, 3.4471, 3.1676, 1.3735, 0.9621, 1.0292, 2.9532,-1.1843, 1.3644,-0.9493, 1.7592,-3.9811, 0.7904,-2.1077, 3.1550,-0.4513,-3.9982, 1.8081, 0.5962,-2.8148,-1.3721,-0.1214, 4.1748, 1.4999, 3.0235,-0.8375, 3.3448,-0.0262, 2.9779,-3.9685,-4.5982, 2.7963,-3.2520, 3.2831, 1.2703,-1.4588,-0.1876, 0.0098, 4.8901, 2.1242, 3.1742,-2.0504, 4.4534, 4.0764, 4.0398, 0.8731,-3.6082,-3.8050,-0.4484,-0.8628,-4.1932,-1.2576,-1.8270, 4.6786,-4.0034,-0.6710,-2.0509, 3.4416, 3.1847, 4.4292
-4.9126, 0.4866,-2.7936, 0.0043, 1.4789,-2.2563, 1.1638,-0.3433, 0.9986, 1.6065,-4.7210, 1.9093,-1.1141,-2.4052,-0.9768,-3.8637,-3.2946, 0.9909,-2.9525, 4.2984, 2.0592,-1.7085,-4.2523, 3.0119,-3.7055, 1.2725, 2.0871,-4.8556, 3.7497, 1.9823, 2.7922, 4.6834,-3.2222,-1.2253,-4.9700,-1.3137, 3.8486,-2.7613,-1.8633, 3.9910, 1.8690, 0.1975,-0.8652,-3.8357,-3.7041,-4.0843,-2.9545,-1.5467, 3.6268,-1.6902,-3.6899, 3.4247, 3.2824, 4.5680, 0.9716,-3.1105,-2.4710, 4.9072, 3.4955,-4.5225
 1.0226,-3.4574, 1.2237, 0.0806, 2.6999,-4.3309, 2.1459, 2.0035,-0.1632,-2.3577, 3.9461, 4.7606, 2.7204,-1.6251,-1.3548,-1.3942, 4.6021,-3.7072,-2.7564, 4.0276,-0.9394, 2.4352, 4.4252,-0.8787, 4.0682,-1.6728, 2.2692,-2.4370,-2.9303, 1.3776, 2.5681,-1.5116,-0.7978,-0.9148, 2.9434,-3.3737, 2.9364, 0.4185,-4.7579,-3.0145, 1.2399,-3.2288,-1.8864,-3.4720, 3.8506, 0.4412, 4.6348,-1.5335,-2.5141,-3.5988, 4.1667, 3.9499,-3.8810,-3.0712, 2.1208,-2.2791,-4.6433,-4.0373, 3.7059,-2.9977
 1.9934, 0.9434, 0.8454,-1.6315,-2.5833, 1.4074, 3.1444,-0.1399, 4.3862,-3.0721, 0.5418, 3.8749, 3.2923,-0.3911, 4.7093, 1.7058,-3.8439,-2.5451,-1.3540,-0.5055,-2.8812,-3.5557,-1.2717,-1.6794, 0.3553,-2.3674, 2.7215,-1.4110,-1.3660, 3.1110,-3.8198,-2.1398,-4.8036,-4.7951, 1.9171, 3.6123, 4.7557,-0.2473,-3.1682,-2.9118, 2.4869, 0.6562, 3.6637,-1.2133, 2.2235, 0.5971,-2.9909,-2.6417, 0.3871,-1.3067,-0.6872, 1.3621,-0.1967,-1.2139,-1.7338, 2.8129, 2.9590, 2.3653,-4.8833,-1.6677
-4.6455, 0.9358, 3.0993,-1.2264,-1.7356, 4.0559,-4.4518, 1.6978, 0.0907, 4.3572,-0.0198, 1.2785, 4.1408,-3.9842,-2.3193, 1.4142,-4.1701,-3.2228, 3.0370, 0.0878,-2.0964, 1.6494,-2.0846, 0.3154,-1.5374,-0.4338, 0.3658, 1.8270, 2.0167,-4.8648, 3.6570, 0.2711,-2.6744,-2.0226,-4.5240,-1.6446,-4.1478,-0.3902, 3.6541,-1.8257, 0.4222,-1.9274,-2.6464, 3.5928, 4.9753,-0.7860,-1.8643, 0.4147, 0.1529,-1.8018, 3.0536, 0.4460, 4.0599, 4.7663, 2.2711,-2.2294,-1.6642, 3.4815,-3.5851,-4.4432
-4.0733,-2.3474, 4.0330, 2.7016,-2.0422, 4.7874,-1.3867, 3.8690,-0.1628, 3.5481,-4.2466, 4.7303, 2.9916,-3.4686, 2.7707,-2.0454,-2.1590, 2.2061,-4.0736, 3.1074, 3.5505, 4.9383,-1.9658,-3.3025,-3.3326,-1.5780,-3.3997, 0.5672, 0.5267,-0.9953, 1.7622, 0.2233, 3.6982,-2.4883, 1.1526,-4.4404, 0.5963,-0.3880,-1.1554, 2.3187,-1.6986,-2.8191,-1.8555, 2.4895, 2.6382,-2.4951,-4.8142,-4.7248,-3.2475, 0.1169, 3.4926,-3.7702,-0.0474, 3.8066, 3.2658, 3.1350,-1.9712,-2.5093,-1.3756, 1.1208
-3.6912,-4.5539, 3.6553, 4.4282,-1.0596,-2.0556, 4.8355,-2.2564, 3.4308, 0.9804,-1.5503,-4.8487,-2.8284, 0.3299,-1.8530,-3.5673,-2.3681,-3.4317, 4.6282, 1.1615,-3.7053, 4.8578,-4.4803, 0.5566,-0.1096,-2.9038,-0.1626,-1.5645, 3.8072, 1.6626,-0.1683, 1.3818,-4.9512, 3.7072, 2.9605, 0.0950,-1.1162,-3.3899,-2.1903, 0.7870, 3.9455,-2.6718,-3.5337, 2.9499,-0.5005, 2.7958, 2.3979,-4.9334,-3.1579, 3.2973,-4.8177,-3.7224, 3.0663,-3.2240,-0.4898,-1.2398, 2.6966,-3.4812,-0.7467, 0.3410
-4.7106,-3.4743, 0.3317, 2.2920,-1.7774, 1.8976, 0.4805,-0.7335,-4.6420,-3.3750,-2.3468, 0.7803,-0.9043,-1.5627, 4.0473, 4.1767, 4.8248, 3.6720, 4.9207,-0.5521,-3.5990, 3.1753,-0.6860, 3.8234,-2.4742, 2.4598, 4.5061,-2.5472, 4.0165, 3.3311,-3.7587,-2.8096,-3.6183, 3.3613,-3.8856,-2.7493, 4.3486, 1.7010, 2.2891, 1.9004, 0.4966,-3.0735, 1.7469,-4.9655, 2.9724, 1.0624,-1.5946,-0.7741,-1.0094, 1.7611, 0.3602, 4.7470,-0.3707, 0.5547, 2.8615, 0.7014,-0.3865,-2.2205,-2.3061,-4.4990
 4.1036,-0.1180, 2.0298,-4.2508, 4.9887, 3.4520,-0.6750,-4.6314,-0.8469,-4.5687,-3.8229, 4.7804, 2.5349,-3.0118,-3.3559, 1.1887,-4.9983,-3.1835,-2.1729,-3.4948,-4.3058, 1.6236,-2.4072, 0.4343,-3.1395,-2.1035, 1.8500, 2.3818,-4.7094,-3.4651,-1.3546, 2.4619,-2.9834,-2.7947,-2.1569, 2.1494,-4.2662,-2.2553,-4.1924, 0.5481, 4.0548,-1.7160, 2.0209,-1.7269,-3.4224,-1.8387, 2.5753, 3.2647,-4.2492,-1.6341,-0.3100, 3.4700,-1.5883, 1.6117,-3.6335, 1.4962,-4.9793, 2.9616, 2.2846, 0.1744
 4.0691, 1.6998,-0.4466,-3.2654,-4.7011, 4.2489, 2.0255,-0.9674,-2.4367,-1.3227,-1.5766, 2.1524, 0.2586, 3.1462,-1.2641, 2.0958, 1.0603, 1.6569,-2.2201, 2.3815, 3.8321,-3.5760, 0.9136, 4.7246, 2.0442,-1.6094, 3.3655, 4.6606, 4.3485,-3.1266,-0.0738, 0.6897, 1.8752, 0.9982, 2.7101, 2.6156,-2.0453, 2.1956, 3.8836,-4.5138,-1.8402, 1.0760,-3.7503,-3.8424,-0.1122, 3.8421, 4.6892,-0.9986,-1.9143,-0.1833,-2.5482, 0.3631, 3.4739,-0.3167,-1.1206, 4.7389,-1.7205,-0.7011, 1.4814, 2.1909
 2.5868,-2.5364,-3.3766,-1.8062,-1.2748, 4.2859, 4.1451, 4.3515,-4.9851, 4.7808,-0.5403,-1.8750, 4.2289,-4.7951, 3.7421,-0.6364,-0.8222,-0.2696, 1.6050, 1.0037,-3.9138, 1.9925,-1.5954, 3.5101, 3.7000,-0.9989, 0.4560,-0.0652, 2.2494, 3.1241,-1.5583, 2.5235, 1.4963,-3.6468, 0.0730, 3.0635, 3.4892,-2.7449,-3.9668, 1.9837, 2.7375, 3.7694,-4.6378,-4.2066,-2.3997,-0.0848,-1.1932, 1.8733, 2.8487, 0.2753,-1.1508,-0.0133, 2.2130, 1.7051,-2.4704, 4.9641, 3.8383,-2.4328,-2.1520, 0.3955
-2.3399, 4.2624,-4.4882,-4.7315, 2.3946,-0.0479, 0.3163,-3.3701, 1.8063, 4.1373, 1.9788, 2.5427,-0.8036,-2.7096,-0.6540,-2.0933,-0.7372, 4.1997, 3.4638,-3.7535,-3.7659, 0.3470, 1.5113,-0.1713,-4.2008,-1.9427, 1.5397,-1.8231, 0.0133,-4.4455, 1.6555, 0.6849, 2.4141,-0.5015, 0.7284,-0.9265, 2.4410, 4.2829, 2.4910, 2.9737,-0.7139,-1.9016,-4.3582,-1.2649,-0.0306, 4.8898,-4.2282, 1.5148,-4.0227,-0.8810,-1.6638, 4.2073, 2.3019, 2.9137,-0.2261, 4.5159,-4.4944,-2.1289,-2.5033, 1.9414
