-4.0878,-0.5833, 4.6858, 4.9101, 3.4484,-3.7205,-1.2842,-4.1459,-0.9118, 3.5907,-4.6556,-0.8950,-4.4940,-4.2163, 3.1045,-3.2475,-0.2051, 0.7790,-4.6859, 2.0466,-3.0155,-1.2497, 1.9060, 4.0237,-2.6688,-2.6654,-4.8488,-0.4446,-1.2956, 1.9208,-0.6778, 0.9788,-3.7546, 2.7509, 2.6086, 2.9058,-2.5795, 4.5195, 0.9549,-0.7544,-1.6499,-0.0565, 3.2820,-1.0639,-2.6069,-3.3476,-2.9606, 2.4363, 3.6678,-0.2713, 2.7612, 0.6082,-4.9096,-2.7323,-0.6478, 1.4416, 4.6976,-1.2424, 1.1897,-0.1113,-4.5052,-3.5119, 2.1809,-0.4762,-3.7925, 2.7789,-4.3213, 1.3366,-4.6660,-2.1663
 0.7539,-2.3197, 3.0047, 1.5816, 1.0457,-0.7382,-1.9686,-1.6775, 1.7880, 3.3445, 0.5149,-4.7750,-0.7668,-2.6564, 3.7558, 4.5963, 3.8183, 3.7975,-3.8402,-0.9721, 4.5467,-1.9936, 0.1188,-1.5403,-1.8110, 1.6893,-0.5416,-1.8594,-4.6659, 4.0048,-2.3805,-3.9569,-2.6223, 2.7410, 0.6975, 2.4511,-2.3360, 4.3902,-3.4680, 3.3025, 4.6234,-2.7148, 3.8584, 2.2974,-0.4845,-0.9970, 2.5441,-4.9345, 3.4928,-0.9729,-0.3448, 3.8832, 1.2520,-0.9483, 0.6454,-3.4243, 4.6877, 2.5679, 3.4398, 1.8870, 4.7129, 2.7924, 4.9986,-0.7600, 0.7948,-1.5072, 3.0797, 3.9316, 1.0476, 3.8519
-2.3041, 0.5221, 4.8761,-1.4443,-0.5885, 2.8276,-0.9912,-3.1480, 4.7785, 3.0176,-4.5238,-0.3037,-1.7699,-2.3825, 0.7841,-4.2677,-4.3386,-4.2694, 3.7106,-3.4731,-3.4472,-0.1953, 0.4463, 1.4413,-0.5173,-4.0136,-3.8696,-2.3330,-4.3751,-4.5836,-1.0932, 0.1801, 4.3102, 2.0479,-3.3947, 4.6947, 1.0444,-3.2365, 3.0913, 1.5172,-1.5529, 1.7914, 4.5545, 2.8669, 4.8128, 3.5199,-1.3808,-3.8734, 0.6232,-2.4255, 4.5923, 4.9888,-2.7254,-3.4315,-4.7226,-1.9689,-4.5592, 2.9291,-0.1719, 0.6596,-1.5167, 3.5963,-2.2152,-3.8543, 3.4503, 1.7140, 1.9482, 4.4995, 3.5527,-2.6918
 4.9261, 3.1728,-2.6279, 3.7199, 4.9730,-0.1798, 0.6813, 0.9996, 3.5845,-4.5318,-0.8493, 2.3914, 2.1925, 3.3503, 0.8940,-0.3980,-1.2220, 4.8137, 0.6554, 3.4225,-3.3964,-3.9565,-3.5263, 0.9521,-2.1894,-4.9560,-1.5336, 0.8961,-2.6640,-3.5225,-3.6239,-3.5759,-2.0448, 1.1770,-2.1428, 1.8339,-1.2168, 4.0533,-1.5713, 1.6985, 0.1444, 4.0762,-1.1195, 0.0467, 4.2805,-1.1323,-3.0415,-3.1643,-1.5444,-0.7988, 4.6179,-0.9425,-2.1790, 1.0311,-3.8580, 3.8881, 0.1166,-3.0851,-1.1438, 2.9864,-3.0806,-3.4371, 3.3596, 4.7430,-3.5619, 2.8118,-3.7244,-3.7544,-0.7379,-4.1343
 1.6850, 0.0807, 3.9810, 4.2313, 0.0271,-2.1430,-2.5804, 3.9916,-4.0283,-1.5181, 1.0487,-4.3407, 4.0673, 1.9239, 3.1181,-1.6536,-2.8299,-0.9721,-0.5190, 3.8212, 2.6769, 2.8654, 0.3265,-0.2601, 2.9667,-2.2993,-3.5188, 0.3706,-4.6460, 3.2612, 4.6272,-0.6735, 0.1710,-4.3104, 1.2749, 2.8948, 0.5033, 0.7471,-2.7659,-0.6893,-0.5307, 4.1553,-2.6942,-4.6115,-0.1272,-2.4375,-4.6025, 0.4024,-4.5704,-2.0922,-0.3588, 3.4626, 2.1410,-1.6544, 4.6229,-0.5187, 1.2407,-1.2793,-0.5043, 4.8964,-2.2713, 4.3101,-2.8783,-1.1720, 0.9302, 1.0698,-4.2310, 4.9365,-2.2735, 2.0036
 3.6969, 0.8265, 3.6588, 4.6004,-2.2932, 3.1051,-1.0559,-2.5134,-0.9234,-1.0415, 3.6621,-3.9334,-1.2723,-0.1851, 4.8790, 0.2545, 3.0409,-4.3000,-3.2370, 1.3066, 0.5425, 3.9768,-3.7394, 3.5793, 0.5187,-0.8543, 0.3289, 0.1468, 1.2264, 2.1831,-4.9988,-1.0447, 0.0206,-2.1176, 3.3941,-2.1893, 2.0667, 2.5015, 0.9608,-2.9474, 1.7682, 3.7335,-0.8143,-1.0808,-2.0284, 3.7186,-1.7237,-3.2823, 0.7411, 3.9547, 3.2588,-4.9662,-2.5900, 4.6750, 3.5563, 0.6553, 1.4462,-1.4056,-0.2752,-3.4614,-3.6083,-4.8969, 2.0915, 2.4422, 2.6649,-1.8411,-2.5736,-4.1198, 2.5231, 4.9290
-3.0899, 3.3599,-1.5541, 0.7745, 0.6711,-2.8479,-1.6929,-1.3324, 3.2996,-1.2911,-3.2285, 4.9991, 0.3493, 0.5635, 1.7082, 1.2768, 2.2172, 1.3754,-3.6632, 1.2681,-2.0471, 0.1918, 3.7851,-3.9066, 3.8658,-0.2330,-4.2039, 0.8655,-1.7974, 2.3686, 4.1896, 2.3827, 1.6955,-3.9781,-1.0079, 2.6354,-4.6370, 4.3151,-3.2486, 2.6669, 1.8393, 3.4049, 3.7419, 4.5236,-3.8906, 2.6688,-1.6088,-4.8466,-0.1018,-3.4294,-0.3640, 1.6116,-3.9014, 4.6852,-4.6015,-0.4809, 4.1979,-1.5286, 3.5943,-4.4302, 2.2752,-2.1035,-3.6655, 4.8585,-2.3294,-2.7850, 1.3738,-3.2575, 1.1970,-0.3403
 1.6878, 2.8226, 3.3091, 3.8419, 0.3055,-1.0856,-2.1964,-4.9580, 2.6002,-2.0353,-4.1947, 4.5627, 2.9291, 1.7145,-0.6304,-3.6763,-0.6149,-0.4809,-1.3213,-3.2142, 4.2147, 1.6990,-3.9019, 2.1253, 3.5979, 3.4257, 2.5769,-0.6037,-4.6748,-1.5173, 4.2305, 3.0716,-3.3281, 4.8553,-4.2724,-2.5798,-0.8603, 2.4790, 2.0605, 2.5439, 2.5456,-2.0097, 4.1391,-1.7853,-4.7687,-4.5398, 0.0258,-3.7227,-4.3822, 4.0040,-2.3829, 1.7765, 1.8896, 2.0966, 0.8563,-3.5313, 2.4461,-2.8226,-2.3561, 4.5467,-0.6380,-0.9199,-3.6844,-2.5102, 0.5012, 2.3708, 4.3630,-0.1523,-4.7123, 2.4329
-0.4766, 0.4067, 0.5199,-4.0221, 0.7683, 4.5496,-1.0646, 2.3361,-2.6788,-4.4703, 1.3402,-2.2196,-4.3446, 3.1650,-4.7838, 3.2234, 3.7767, 2.4678, 3.4466, 1.4620,-3.8423, 2.7636,-2.6163,-3.7228,-0.8283,-1.5092, 3.2992,-0.1282, 4.1203, 1.6266, 0.3197, 4.5468, 2.9849,-3.6314,-1.7618, 2.8712, 3.6741, 3.2393,-1.1080, 0.3464, 0.5494, 2.2261,-2.3698, 2.8455,-2.3312, 1.4372,-0.1639, 2.0242,-4.0037,-2.9934,-4.0008, 4.9173, 1.2971,-4.2345,-4.6565,-2.4694,-1.0613,-2.8073,-1.9274,-4.1008,-0.8682,-0.3955, 4.4139,-4.7559,-0.5775, 0.2070,-3.8192,-3.6408,-1.4949,-3.1839
 0.2305,-1.8964,-0.4188,-2.5301, 0.9134, 2.6438,-4.8514, 4.7649,-1.7406,-4.3362, 0.6978,-2.9445,-4.9885,-2.5096,-1.1735,-1.3399,-1.0042,-3.1820, 2.9845,-0.8948,-4.4389,-3.2297,-3.8480, 4.0454,-2.8067,-0.8593,-0.7865,-4.5277, 1.1408, 4.4966, 2.9490, 1.7361, 3.8599,-1.0943, 4.3248,-4.5108, 4.6061, 2.0680,-3.6330, 4.9974, 3.2208,-4.6369,-3.5643, 2.0233,-4.6601, 1.1694,-2.6278,-0.7816,-2.1558, 2.5853, 2.7850, 3.0436, 2.6285,-0.2288, 2.2235,-1.7293,-1.6084,-3.4283,-4.4835,-1.3460, 2.7920,-4.0968,-2.3695, 4.6672, 3.8784,-1.3656,-3.9201, 1.4116,-4.7117,-1.8493
 3.2906,-1.2111, 4.1087, 4.2283,-3.4344, 3.4850, 4.4334, 1.0111, 3.6304, 4.1699, 0.4865, 2.8765, 1.1740,-3.3278,-4.4014, 4.8057, 2.5414,-1.2845, 4.7242, 0.3855,-1.8795, 4.4335,-2.3919,-1.6500,-3.4545,-1.9796,-4.5201, 1.4435,-1.0762,-2.1441, 1.6833, 1.8083,-4.2380, 0.2530,-0.2256,-3.8774,-1.3379,-2.4446, 4.3510,-0.9238,-0.5804, 2.4446,-4.0293, 2.7804,-0.0527,-2.8381, 4.2662,-2.4388, 4.4585,-3.6313, 1.6073, 0.5561, 1.5262,-3.5694, 0.8798,-1.4673, 2.6188,-0.3648,-0.2273,-0.6148,-3.9488,-3.6314, 2.7783, 1.8809, 2.0444, 0.9624, 2.2743,-0.7339,-0.9331, 2.3437
 0.1945, 1.4145, 3.8915,-1.0239, 3.9378,-2.9917, 3.7750, 3.9348,-4.3764,-2.5218,-4.8571, 2.5608,-3.0829, 2.5382,-2.8230,-3.1424,-2.3334, 4.9964,-3.0772, 0.4947,-2.8637,-2.9294, 3.2949,-4.1056,-3.6437, 2.9036, 0.1195, 1.5558, 2.6641, 2.8838, 1.4335,-2.9577, 3.6535, 0.2165, 3.0991,-1.2789,-3.6081,-4.6299, 2.3595,-4.4180,-1.3913,-0.3104, 0.4773,-0.6300,-0.6626,-4.0838, 3.3114, 1.5883,-0.2852,-3.5181, 1.0823, 3.3978, 2.4073, 2.4240, 1.6884,-0.3306,-2.6241, 3.9454, 1.6456, 0.5692,-3.6978,-3.4275,-0.3665, 0.7439,-2.9258,-3.9024,-4.4659, 4.3881, 2.1097, 4.9074
 3.9449, 3.4061, 3.2290, 4.6783,-2.2407, 0.5253,-1.9260,-0.7254,-2.7090, 4.4937, 0.4225,-4.3314,-4.5656, 4.6285, 0.6809, 0.9392, 3.2242, 3.8488, 4.5905, 2.5310,-4.9449, 2.6316, 2.9172, 1.1533,-0.4954, 2.8817, 0.9080,-1.7926,-3.1320,-0.3338,-4.5269,-0.2380, 2.0142,-1.5095, 2.5415,-4.0159,-3.0008,-0.8768,-3.5275, 3.2161,-0.2055,-2.5728, 3.1710, 1.3655,-1.6558, 4.3808,-1.8131, 4.8383, 1.1051, 0.1392,-1.6002, 0.1707,-1.0707,-3.5651, 2.2216, 3.8169, 4.2574, 3.1360,-3.8520, 4.3284, 0.0508, 1.7053, 0.5637,-2.6505, 0.1583,-1.6684,-2.7029, 0.9715, 1.2580, 2.9019
 4.3484, 0.4454, 1.5026, 4.7274,-3.0259,-2.3412, 2.4685,-4.5842,-3.1618, 4.2946, 4.3639,-4.2251,-0.1239, 4.6092, 1.6306, 0.4471,-4.7729,-1.3167,-4.1428,-0.3318,-3.6911,-3.0745,-3.2961,-0.3297, 0.1874, 2.2057,-2.8236,-1.1133, 1.2829,-0.8040,-1.2164,-4.0422, 2.0761, 0.2424, 0.0439, 1.2124,-3.3949,-2.3515, 2.5615,-3.5780, 2.6870, 0.8919,-2.5059,-2.8150, 4.7575,-3.0370,-1.4911, 4.6126, 4.1581, 3.0411, 1.2786,-4.8597,-0.0076, 0.1495,-1.1678, 2.2834,-3.2177, 4.6832, 3.5493,-1.3207, 2.0602,-2.1980, 3.7056, 3.4654, 4.2743,-1.9212,-2.6068, 1.5733, 0.6848, 3.1412
-0.1468,-4.0940, 4.6136,-1.3339, 3.7895,-1.9136,-0.9026, 4.0191, 1.4510,-0.3221,-1.3390, 1.9749,-3.9025, 1.1459, 4.2686,-0.9272, 3.1596,-2.4485, 1.3966, 0.9391,-2.8408,-0.2068, 0.5590, 0.6658,-0.8551, 0.2688, 4.9599, 0.9421, 3.9379,-3.3612,-0.9207,-4.9223, 4.0717,-0.7554, 3.4732,-2.0182,-1.8600, 1.9956, 1.0967, 2.5228, 4.5943, 1.3762,-1.6811,-2.7741, 1.7541,-4.9986, 4.1612, 4.9223,-1.5105,-2.8553, 1.3887,-2.9788, 0.8555, 3.8080, 0.2897, 0.0122, 2.5398, 2.3390, 4.8305, 1.1673,-0.2844,-2.5329, 1.6044,-1.7158,-1.6764, 3.7051,-0.3624,-2.6953, 1.7041, 3.9048
 4.5241, 0.0012, 0.8064, 4.2591, 1.5266, 0.9116, 3.3256,-4.1530,-4.4926, 0.5506,-2.9803, 4.4604, 1.5234,-4.6475, 1.8090,-4.9968,-0.4217,-0.6321,-1.5041, 1.6160, 0.0510, 3.9615, 1.8020,-1.1873,-2.3970, 1.0915,-3.9233,-2.6738, 0.3018, 1.9799,-3.1650, 2.8670, 3.9334,-2.8427, 3.9662, 4.6702, 4.5744, 3.0446, 3.0046,-2.4708, 2.3989, 1.9545,-1.4410, 0.4968, 4.7062, 0.2363, 1.6157,-2.6483,-0.4233,-3.4407,-4.3402,-3.6902,-2.4983,-0.7064, 2.9906, 0.8796, 3.5837, 0.0558, 2.2838, 1.1185,-0.1809, 3.9586,-3.8220,-0.4487,-0.0792, 2.1038, 1.9450, 1.3153, 2.4169, 0.1706
-4.2695,-4.8576,-0.3179, 2.4101, 1.0072, 4.9611,-3.7046, 4.5246,-4.4501, 3.0223, 3.4902, 4.1152,-0.1738, 3.6999,-0.7408, 1.8431, 4.4146,-1.5098,-4.5702,-1.6805, 4.8223,-0.7442, 1.0071,-0.9878, 0.1557, 2.5059,-1.6914, 1.8690, 3.4891,-1.2017,-2.6234,-4.8803,-3.4239, 2.9055,-2.2177, 2.9540,-4.6000, 4.8919, 0.0011, 4.9742,-2.8832,-2.4450, 2.3649, 2.4388,-1.8647,-2.3373,-0.0256,-0.0438, 3.5141,-4.0068,-4.1826,-1.4876, 3.5448, 3.1667,-1.3750, 4.3916, 4.0785, 3.9422, 3.4842, 4.0323, 4.6617, 0.5868,-2.0679,-3.0684,-1.3514, 4.1210, 0.8959,-2.8973,-4.2087, 1.0284
 4.2320,-3.2082,-3.1242, 0.7298, 0.2657,-3.0211,-2.6383,-4.3673,-0.4068, 0.8818,-0.4445,-1.7188,-1.1770, 2.9837, 3.0927,-0.7792,-2.3360, 4.3660, 0.4009, 0.2321,-4.7566, 0.6874,-0.6602, 2.8070, 2.7620, 4.8190,-4.6431, 4.4501,-0.0844, 0.2204, 2.0672,-3.5573,-4.1086,-0.9515,-4.2662,-0.0010,-2.4969,-1.9784, 3.9351, 3.5286,-0.9014, 2.5931,-2.9552,-0.0408,-2.3347, 1.0760,-4.0499,-0.9778,-4.9524,-1.4625, 4.4360, 4.6767,-2.6440,-0.1701, 1.6882,-4.3274, 2.3655,-4.4105,-2.8238, 3.4769, 0.7080, 2.9396, 0.6833,-4.4377,-1.9665, 2.8969, 2.7197, 2.8691, 3.6922,-4.8238
-1.6145, 4.6452, 4.9070, 3.5446,-3.0077,-3.5228, 3.3176, 3.7173, 2.3602,-1.1380, 3.0397, 0.4703, 4.9675,-3.2264,-0.1838,-0.8566, 3.6809, 0.1340, 3.7176,-2.9317,-3.1539,-2.2610,-4.5916,-3.5150,-1.7827, 4.2441,-3.2740, 3.5432,-2.9443, 1.7556,-1.0869,-3.0458, 2.7068,-4.8553, 0.4975,-1.8725,-3.4386, 2.6083, 3.0311,-1.1816, 2.1789, 1.2962, 3.5788, 4.5383, 0.4265,-0.3665, 2.8387,-4.7763,-1.0999, 3.9687, 2.9626, 3.9280, 2.9143, 2.5467,-1.8802,-2.0885,-4.5948, 4.6498, 0.2554, 3.0662,-3.4369, 4.5755,-1.7180, 3.3841,-1.2181,-3.3347, 3.5352,-4.5732, 1.1652,-3.4571
 2.5925, 4.5787, 4.5063, 1.9106,-0.8548, 0.4815,-0.1093,-2.9624,-2.2889,-2.7092, 2.6098, 3.1167, 4.2149, 4.4107,-4.7141, 0.5561, 4.5650,-1.0734,-3.9715,-3.2164, 3.9295, 4.9354, 1.4387,-1.8622,-3.2090,-0.1872,-2.4118,-4.9337, 3.8401, 3.6987,-1.2198, 1.4209,-4.7440,-3.1393,-2.4964, 1.7538, 0.5636,-0.2083,-3.6834,-4.4243, 1.7146,-3.1551, 0.5435,-0.4675, 4.8810, 1.2781, 1.4359, 2.0469,-2.9461, 0.1089,-2.2497, 4.3650, 1.8838, 0.8510, 1.7647, 4.6998,-1.2836,-1.2808, 1.2145, 3.4416, 0.4485,-2.4285, 1.7058, 4.4349, 3.4515, 3.8746, 0.9146,-2.3194,-2.0917, 4.7481
 4.9507, 0.8377,-4.8266,-3.7063, 2.4217,-1.4010,-3.2891,-1.0036,-4.2460,-3.6536, 2.8251,-2.0772,-0.8762,-1.3660, 1.1076, 3.2667,-1.9580, 4.4031, 4.0014, 4.8632,-4.1609, 0.4566,-4.2379,-2.3702,-3.1550, 4.7874, 4.3607,-2.8175, 2.6117, 3.8049, 4.4237,-0.9180, 4.6071,-4.2933, 3.1795, 2.5823, 0.4391,-1.2611, 2.1989,-4.4390, 4.2956, 1.0427, 4.6225,-0.0907, 4.9314,-2.1566,-4.7381,-3.0096, 3.7774,-2.5299, 4.3188, 1.5374, 2.2834, 4.4105, 3.9990,-3.7510,-3.6365,-2.4944, 1.8587,-3.5566,-2.6198, 0.9284, 3.4646,-2.6405, 0.0434,-3.8768,-3.6453, 1.3636,-4.4818, 2.6137
 0.0735, 3.7208, 3.6467, 0.9255,-0.5700, 3.1217, 2.5203,-4.9727, 2.3154,-4.9584, 3.9797,-4.1355,-4.0790, 3.5315, 4.3746, 1.2409,-0.5794, 0.7564,-0.0445,-4.9341,-3.3271,-3.3532, 2.7941,-2.8852, 3.8646, 3.9602,-2.3013, 3.7622, 4.8992, 4.1536,-4.7752,-2.8261, 3.0273, 3.1930, 1.0064, 4.3776, 3.1948,-3.6675, 0.3207, 1.6015, 0.0146, 2.7138, 4.6082, 2.5288, 0.4135,-1.7043,-2.9891,-1.2645,-3.2611, 0.4512,-4.8880, 0.2075,-4.9644, 1.0423, 4.8456, 1.8008,-4.5194, 3.6910, 3.7142, 4.5598, 1.2902,-3.7044,-4.7611, 1.2440,-4.9617,-4.9343,-3.0401,-2.6344, 4.4063,-0.9479
 0.9123, 4.3566, 4.9060,-3.6301,-0.5939, 0.8722,-2.9562, 0.5984,-1.6436, 0.5695,-3.1306, 3.4627, 0.7182,-1.4552, 3.9720, 0.0823,-4.3309, 4.0513, 1.6406,-3.5969, 4.9963, 2.3264, 2.9549, 3.1540, 0.8403, 2.7379, 3.0274,-4.2898,-4.3880,-1.9827,-1.1467, 2.2919, 2.8637,-1.0167,-1.2396,-4.0556,-1.5013,-4.7116,-4.2104, 0.5384, 1.5293, 3.6185, 1.9975,-0.9788, 4.6367,-3.6838,-1.0403,-1.6310, 0.9542, 2.4387,-1.2303, 1.2786, 1.5521,-1.0138,-0.7156, 0.4939,-4.0702, 2.8354, 3.5293,-4.8617, 0.6813,-1.6140, 2.6596, 4.9855, 3.2964,-2.4608,-3.2730, 4.3892, 1.2191, 1.3873
-0.0092,-2.3046, 1.1429,-4.7564, 3.7587,-0.0836, 0.9150, 3.9290,-2.5881,-4.4414, 2.6183,-2.1086,-2.5662, 3.5062, 0.5369, 1.4173,-3.4822, 3.3682, 0.4117,-1.1962,-0.1652,-0.3628,-4.2918,-2.4602,-0.4371,-1.7053,-3.7204, 3.3419, 4.2770,-1.6154, 0.1489, 3.8152, 4.9349, 1.4628, 2.8540,-0.5991,-4.1651, 2.4548,-0.9745, 4.5256, 0.3594,-4.5069, 1.5956, 0.9889, 4.1877, 3.0631, 0.8037,-2.5524,-3.7432, 0.8667,-1.5579,-3.5611,-3.8552,-1.5268, 0.7173,-4.7747,-3.3117, 2.6477,-2.8854,-2.7951,-2.7205, 3.6350,-3.8873,-1.1117,-4.3419, 4.2402,-3.0145,-1.6103, 0.4456, 3.8727
 0.5933,-1.6915, 4.3148, 2.5875,-2.3840,-3.5310, 1.1040, 3.6658,-0.7628,-1.0419, 2.3626,-4.3182,-2.2783,-2.3083, 1.2545, 2.1094, 1.8461, 0.4423,-0.1608,-4.9061, 2.6817,-4.3505,-1.9099,-2.2875, 1.6085, 1.5904, 0.9102, 3.5893,-2.6603,-3.3174, 2.1996,-1.9348,-1.7099, 2.9847, 2.6281,-2.5846, 2.3669,-4.7629,-0.1834,-2.6215,-2.7271,-1.9898,-1.3034,-2.4712, 1.1578,-2.5959, 2.6362,-2.2018, 2.5203, 0.5657, 3.0785, 0.0362, 4.0628,-0.4203,-1.6089, 0.9088,-3.6925, 1.2392, 1.3722, 1.6731, 2.4927, 1.8376, 4.3719, 0.6429, 3.0372, 3.9556, 2.6826, 0.7013, 0.6331, 4.4677
 1.4422, 2.4760,-2.5313, 2.3015, 0.6884, 3.7416,-0.9177, 0.9110, 2.0389,-4.4147,-2.3140,-4.3986,-0.9412,-1.0366, 1.6450, 2.6959,-2.5052, 1.8311, 2.9691, 4.0854,-1.3936, 2.0222, 1.8503,-4.5624, 1.2810,-4.6468,-4.6555, 3.2591,-1.2643,-2.3867, 0.7606,-2.8444,-4.9059, 2.9214,-0.7162,-1.4009, 1.3856,-0.5147, 0.5589,-3.8429, 3.5975,-4.6206, 3.9679, 2.1885,-1.2850, 0.3782, 0.5515, 0.1418,-3.0794, 2.0284, 2.1833, 4.9558, 0.4916, 2.9737,-4.5961, 1.8236,-2.4951,-2.1442,-4.9788, 1.6047, 1.8444, 0.8723, 3.1681,-3.8092, 1.3004, 4.3310,-0.4561, 3.3449, 4.2511, 4.7985
-0.5850, 1.2204,-3.5894, 1.8428, 4.6291, 4.9856, 0.9605,-3.4069, 1.0413, 0.4791, 2.7546,-4.5429, 2.1069, 0.2839, 3.4620,-2.8618, 4.1496,-4.8263, 3.0288, 0.8913,-3.5926, 4.5073,-0.7236,-0.5932, 2.4259, 0.6361, 4.1398, 3.1137,-4.8270, 2.3498,-1.3562,-0.3674, 2.9432,-2.4837,-4.3789,-0.1966, 3.4690, 3.2959, 0.1843,-3.7614, 2.7907,-3.6754, 1.8169, 2.0592, 3.8227, 2.5381,-3.5226,-0.9397,-2.2883,-2.7810,-2.4027, 1.4790, 3.0500,-2.7142,-1.4816,-2.9100, 0.9266,-3.8383, 4.3290,-3.3956,-4.6164,-2.4548, 2.0158,-4.8265, 4.5218,-3.2255, 2.1181,-0.6173, 0.8599, 0.5978
 2.8580,-4.8144,-2.7770,-3.9181, 0.4520,-1.1138, 1.4091, 3.3283, 2.7938,-0.3835, 2.6961, 3.3148, 0.7096, 1.1604, 1.4864,-3.9104,-2.5759,-0.9566, 3.2243, 1.0165, 2.0160, 2.3384,-4.1941,-0.7250, 4.5781, 4.4154,-4.0087, 2.9673,-4.7179, 0.9829,-1.8044, 1.0565, 1.6263, 3.9309, 0.8037,-1.4530,-2.6346, 2.1213,-2.2222,-0.1626,-2.6981, 2.8081, 3.0429,-1.6893,-1.0234,-2.0585,-1.6204, 4.7960,-2.2353, 0.6122,-4.0150,-3.1415,-4.4357,-1.2783, 1.6105,-3.8813,-0.1639,-2.0043, 2.8166, 0.5180,-4.8411, 2.3355,-1.5904,-3.9204, 1.2740,-3.1016,-4.8245, 2.6182,-3.5687,-3.9513
-1.0625,-0.9456,-3.4836,-4.1228,-1.7771, 2.7812,-0.6619, 3.4296,-0.3423, 2.0813, 2.2050, 4.4189, 3.7268, 3.1391, 3.8628,-4.7941, 1.5036,-3.5614, 2.5981,-1.1417, 4.9225,-4.7897,-0.2286,-0.4431, 4.8708,-1.5794,-3.6391, 3.5480,-1.5587, 0.2900, 2.6478, 1.1041, 0.0050,-4.3369, 3.0937,-1.0422,-4.6996,-1.4234,-3.8214,-4.8996,-0.4851,-0.1359,-3.0573,-0.3349, 2.1335,-4.5809,-1.8541,-2.1390, 3.3731, 3.6857, 4.4121,-4.7315,-2.4127, 0.2616, 2.4920,-1.1131,-4.1662, 0.9716, 2.7032,-2.3736,-4.4967, 3.4291,-0.5317, 2.0937,-0.9902,-4.6161, 2.8246,-0.4362, 3.8533,-0.3016
-2.0175, 3.0950, 2.3364,-3.1565, 2.7658, 3.0098, 3.0660, 3.2488, 4.5255,-2.5231, 3.3149,-0.6539, 4.6812, 0.6171,-4.7833, 1.6544,-1.8162, 3.5941,-4.0874, 1.1519,-0.2261, 1.6111,-0.2802,-3.8320,-0.8798,-1.7667,-1.0368, 4.7395,-4.5572, 4.4982, 1.4622, 4.9153, 4.2490,-1.9718,-3.4980,-1.5670, 4.4261,-3.0616,-1.1157, 3.0759, 0.0935,-1.9904,-4.2591, 3.1620, 1.2730, 4.5102, 3.2099,-0.9648,-2.4175,-0.9440,-0.4829,-4.0101,-0.2483,-3.2330,-4.3670, 3.0533, 2.2717,-2.3211,-4.9983,-4.0040,-2.5116, 2.4276,-4.1084, 0.8294, 1.3611, 1.7568,-2.4382,-1.3687,-0.6057, 0.3737
-1.8525,-3.1112, 4.9746, 4.8678, 1.0633, 2.6382, 1.1022, 0.4351,-1.5806, 4.8319, 2.6983,-0.5778, 3.6590, 1.6099, 2.0859, 2.4393,-2.4738, 1.5995,-0.1996, 2.8723,-4.5156,-3.4830,-1.4574, 4.4655, 1.5354, 1.5960,-4.9440,-2.7159, 2.8042,-0.4519, 0.1745,-4.5953, 0.9341,-2.1129,-3.6166, 0.8962, 3.6868,-2.6606,-3.7961,-1.6855,-1.1501,-1.6689, 0.0394,-3.2170, 2.5489, 2.5078, 3.7063, 1.9901,-1.6291, 0.8045, 1.8920, 1.3699,-2.1586, 0.5018,-2.4779, 2.2870,-3.5984,-0.2370,-3.9422, 2.6918,-0.0806, 1.4186,-3.2382,-1.4758,-0.7879, 4.7284,-1.1709,-4.5442, 4.4738, 2.2858
-0.4694,-2.7414, 3.8950, 1.3598, 0.6318, 1.5344,-0.1498, 0.8454, 4.5106, 4.2234, 1.4508,-1.2058,-1.8391,-1.9299,-0.0824, 4.7944, 4.8625,-1.1206,-4.6592,-2.9945, 2.5274, 2.0414,-0.0385,-4.0722, 3.0832, 1.8473,-2.6740, 1.9128,-0.5573,-1.2068,-2.3411,-4.4201, 2.2635,-3.4845,-3.3392,-3.1376, 0.4466,-4.2018,-2.5046, 3.1349, 4.4740, 0.1821,-1.9827, 2.4539, 0.4152, 1.9510, 3.1871, 2.4227,-2.6016, 4.6436, 0.2586,-0.0843, 3.4822,-1.0419, 2.9901,-0.7114, 1.1559, 3.4377,-0.1305, 1.7769,-1.1087,-2.7129,-4.8438, 4.6028,-0.7088, 3.4019,-3.6224, 4.2322, 3.3156,-1.8278
 2.4591,-4.1007, 0.2898, 3.4426, 1.7370, 2.9097,-1.2590, 3.6926,-1.5519,-4.9177, 3.3535, 2.3318,-0.9589,-1.9842, 4.2135,-4.4150, 0.0514,-2.1432,-1.3053, 1.0947, 4.7441,-0.2099, 0.9786,-4.0107,-2.0442, 3.8342,-1.2806, 3.2011,-3.3995,-2.4386,-4.1161, 3.5516,-3.1285, 3.5195,-2.0552,-3.6278, 0.5171, 3.7781, 3.8686,-0.9299,-0.7397, 0.8003,-4.4345,-3.9773, 1.4152,-3.6174,-4.6411,-3.0566,-4.9732, 2.9930,-3.9491,-2.8402, 4.7418,-4.8066, 0.9530, 3.1805, 3.9580,-4.2851, 2.3620, 4.1447,-2.8528, 2.0878, 2.3560,-2.5307, 4.4434,-3.7657,-2.0310, 3.0859,-1.4981,-4.0428
-4.5722, 0.1905, 3.4791, 4.6256, 0.7545,-1.1031, 1.9246,-3.6000,-0.0403,-2.4058,-3.2060, 4.8617, 2.1682,-3.8306, 3.4518, 4.0783, 0.2100, 1.2663,-1.7706, 2.9383, 1.1415, 0.9205,-0.4648, 1.9915, 4.4237,-2.5852, 2.3576,-0.1497,-3.3030,-0.7336, 2.1690, 0.0767,-3.1493,-0.5568,-3.3126,-0.5227, 4.8412,-3.8315, 0.4822,-0.0021, 2.0555, 4.4305,-3.0560,-3.8206, 2.8688, 1.1284,-3.3131, 0.1447, 3.6258, 0.2662,-1.5503, 2.4227,-1.9680, 4.7733, 2.5404, 0.6062, 3.5758, 2.5306,-2.4421, 3.8889, 2.1891, 3.4609, 2.5463, 0.0852,-0.1178, 2.3833, 1.6386,-2.4016,-1.2115, 3.9099
-0.4389, 1.9846,-1.6417,-0.5711, 4.9528,-3.4581,-4.0369, 1.5436,-4.0269, 2.6445, 4.4871, 2.1778, 1.0874, 4.2128, 2.0529, 4.0602,-4.8946, 4.5527, 1.4556,-3.6199,-1.2599, 1.2617,-4.0044, 3.9336, 1.6268,-1.8139,-1.9442,-0.8731,-1.9928, 4.5403, 4.5939, 1.7253,-3.1462,-1.4032, 3.2834, 0.6772,-3.8001, 0.1024,-4.1830, 1.2890,-4.2071,-2.7788, 2.9616,-2.8557,-3.6274, 2.9901, 0.3528,-4.4960, 4.5346, 3.3989, 0.7131, 2.5380,-2.5852,-1.4167, 0.2709,-2.0504, 4.4942, 2.2813,-4.1895, 1.3067,-2.4210, 2.6961, 2.7005,-0.3153,-0.0376,-0.3267,-3.8316, 0.9005,-1.6170,-0.9205
-4.2409, 0.6477, 1.9287,-2.4648, 3.9092,-3.2535, 1.4521, 1.7788, 4.6652,-1.0485, 4.5832, 1.4413, 4.4773, 0.8154,-2.6309, 3.8512, 0.9840, 3.3576, 1.1859, 2.3167, 2.0484,-2.2836, 3.9345,-2.3164,-2.5404,-4.2494,-1.4439, 4.8653, 1.4641, 2.4962,-4.0759,-1.7724,-4.4448, 1.3954, 3.4242, 4.1666, 2.1747, 0.9158,-4.4431, 4.3644,-4.4181,-1.4926,-1.7345, 0.1962, 0.2841, 0.3356,-4.1748, 0.0304,-2.1052, 0.9963, 0.3447,-1.0184,-0.2577, 1.9062,-1.6022, 1.6366,-1.8112,-2.0093, 1.3672,-0.7412,-0.0204, 1.2220, 1.6204, 2.2107, 3.0956, 3.8796,-1.9682, 4.5507, 2.6801, 1.8763
 0.8083,-2.1093,-3.3531, 0.3141, 0.9792, 0.3349, 1.4086,-2.3142,-3.3821,-3.2257,-1.3964, 1.9681, 4.5265, 0.4052,-2.2962, 4.5942,-0.6185,-4.4286, 0.7952,-3.9515, 0.7682,-4.1947, 4.6533, 1.6496,-3.1884, 3.2861, 3.7414, 0.7363,-1.1703, 3.5600,-3.6650,-4.8912, 1.7623,-2.2824,-3.7255,-0.8936,-3.6897, 0.1493, 0.5589,-1.2973,-0.2649, 1.0079,-3.9170,-3.2232,-0.2509, 3.5525, 3.3755, 3.4377,-1.4004,-4.6101, 3.4962,-3.3060,-3.1916, 1.1478, 3.5686, 1.0386, 0.8617,-2.9974, 2.3491,-3.8582,-1.7911,-4.6381, 3.6694, 3.0894,-0.2993, 4.1749,-4.8019, 1.2121,-4.4036,-4.8931
-1.2140,-0.2624, 2.9238,-0.2449, 4.2092,-1.9325,-3.8241,-4.7163,-4.7744, 4.6477, 0.2532,-4.8093,-0.8259,-4.6894, 4.8569, 1.4365,-2.8089,-3.5701, 2.9142,-3.5986,-1.3547, 0.1297, 0.9068, 1.4439,-4.3700, 2.5728, 0.5277,-1.4393, 0.7953, 4.8218,-4.4737,-2.5803, 2.5128, 1.6195,-2.5032, 0.8886, 3.7759,-0.9025, 1.4853, 1.4464,-3.8276, 1.0217,-1.5927, 0.9208, 4.2979, 4.7493, 2.4570, 4.8479,-4.2751,-0.3313, 2.7554, 3.0899, 4.0373,-4.2767,-3.9394,-0.7561,-4.0711,-2.5142, 0.2512, 3.5575,-0.3540,-3.7930,-1.6744,-3.4828,-4.5049, 1.2236, 1.9478, 1.2204,-4.9963,-3.7604
 1.8905,-4.9963, 2.0572,-4.3111, 1.1020,-3.4195, 2.3359, 2.7696,-4.3895, 1.4265, 3.9659,-4.7810, 0.1818,-4.2461, 2.0156,-3.9762,-4.3882, 4.3463,-2.4907,-0.6745,-2.8677,-2.4370,-4.0311,-0.4416,-4.9448,-0.3114,-2.6526, 2.0760, 0.7583,-4.4238,-3.8786,-2.5544,-2.6904, 0.8958, 1.9137, 3.1886,-4.0553,-4.0999, 3.4578,-4.1895, 3.5050, 2.3763, 4.2966, 4.3910, 2.4524,-4.9392, 2.4737,-4.5168,-4.3348,-3.4738, 4.4080,-3.1230, 0.3225, 0.4643,-3.7847,-4.0331, 0.5561, 4.1295, 4.2066, 4.5208,-2.2158,-4.7172,-3.7157,-2.4690,-4.2449,-3.0972,-0.7683, 3.4568, 4.7446, 1.8282
 0.7285,-3.1158,-2.5396, 4.0855, 4.0536, 3.0364,-0.9043,-0.6634, 1.8734,-1.8552, 2.3203,-1.2228, 4.2198, 2.8415, 3.2283, 2.3789,-1.8977,-0.2216,-1.1717, 2.3002, 1.8251,-4.1443,-2.0261, 2.8548,-1.8679, 3.8180,-1.8847,-0.2112, 4.6653,-2.0727, 3.4326, 2.1177,-3.2127,-4.1809,-3.4985,-1.2537,-3.1445,-2.8549, 3.2747, 3.0738,-1.7310,-0.6522,-4.4325, 0.2759, 2.6476,-0.5985,-2.1135,-3.6123,-2.5966,-4.7472,-0.5357, 1.0049, 4.5761, 1.4249, 1.3109, 4.6402, 1.8222,-3.4165, 1.0784,-3.8219,-0.6988, 2.9063, 4.8021,-4.2776, 4.5727, 3.1005, 4.7567, 0.6914,-2.7532, 4.8512
-1.0903,-3.6192,-3.3631,-1.0263,-4.0969,-2.3894, 0.8110,-0.3231,-0.8744, 0.3076,-0.9389,-4.6440, 0.4568, 0.1596,-3.1953, 2.9246, 4.5843,-3.5103, 4.7060, 3.0341, 3.0971, 1.7806, 0.1682,-2.3486,-0.6250, 3.0439,-3.7191, 0.9842,-0.3872, 0.3759,-4.8198,-2.7978, 0.4096,-0.3105, 0.7071,-0.2014,-4.8704,-1.6969, 0.1781,-4.3825,-2.5791, 4.6989, 3.4692,-0.8333, 3.9612,-1.6169,-4.7185, 3.8547,-1.6960, 4.7075, 2.7853,-1.6789, 4.9004,-4.6434,-2.3043, 3.4414, 1.0646,-0.9457, 2.7231,-1.4375, 4.8420, 4.4478,-0.9142, 4.9315,-4.3867,-2.0761,-0.9400,-1.8464,-4.0436, 0.8237
 3.3645, 2.4906,-2.5627,-4.0991,-2.7843, 3.2647, 0.8942,-0.3310, 4.4283,-4.7835,-4.2823,-4.0938,-1.5711,-3.0251,-1.2463,-3.9680, 2.6043,-4.4786,-3.2345, 2.4940,-2.8031, 2.1178,-1.2184, 0.9970, 3.4796, 2.4215,-0.3592, 0.1568, 3.8498,-0.3787, 4.7958, 3.0982,-0.1599,-3.3946, 3.2265, 3.6248,-1.5756, 3.4713,-3.5776,-1.0758,-3.4235,-1.4806,-2.5958,-2.8170,-1.6612,-1.0423,-4.4838,-1.5191,-4.6681,-0.9749,-4.2964, 1.1258,-1.8608, 1.0230,-4.3427,-3.1230, 3.9376,-2.7093,-0.3945,-3.1544, 3.2962,-1.9277, 4.6096,-4.5952, 1.7076,-3.9760,-2.3864, 3.9338,-3.0470,-0.0402
 0.0246,-0.7563,-2.5858,-2.7519,-4.4314, 3.6246,-0.1066, 1.4962,-4.8183,-1.7428, 1.4528, 1.4630, 2.1810,-4.7988,-3.2054, 1.1829,-3.6131,-3.0033,-1.9311,-0.7764, 1.8790,-0.2811, 2.0894,-4.8594,-3.6491, 0.5635, 1.9579,-1.1955, 1.5144,-2.0870,-0.6238,-4.8379, 4.4944,-0.8106, 3.3681,-4.1670,-4.9766, 1.1130, 2.9772, 0.4389, 0.6095, 0.3738,-3.8374, 0.2098, 3.7409,-1.1034, 1.6670,-2.0359,-4.8489,-3.6443,-1.8834, 1.7042, 2.2749,-2.2698,-2.4831,-3.2513,-4.1451,-2.4753,-4.2474, 2.7753,-3.1355, 1.9071,-1.1596, 3.1987,-2.4278,-4.6769, 1.1179,-4.7805, 3.5277, 4.9212
-3.5790,-0.0788,-3.2681, 0.9645, 2.7220, 1.3445, 2.1452,-2.0886,-0.7976,-4.5399,-0.3444,-4.5977,-2.5711, 3.3380, 2.6537,-3.9352,-4.7727, 1.1121, 0.9265, 3.7875, 2.9385,-3.9045, 1.0055,-2.2825, 3.5531,-2.1462, 1.6696, 0.7851, 1.5599,-2.0071, 0.4416,-0.5071, 4.1661,-3.7461, 3.3231, 3.0692, 0.3297, 0.9900,-1.5209, 4.4210,-2.3268, 1.5264,-1.4342, 2.1696,-4.8527, 1.8691, 2.9966, 3.8426,-3.9481, 3.3524, 1.3734,-3.1817,-3.6833,-2.3796,-0.5502, 1.6107, 3.6209,-4.5880,-2.6281,-4.1151, 0.8826,-4.2227,-0.9298, 2.6406,-0.8314,-1.1570, 2.6361,-4.4285,-4.8789, 2.2720
-0.2798, 0.0435,-1.5473,-0.8458, 1.9036, 2.6865,-0.4049,-1.7651,-2.6033, 0.1675, 3.8340,-2.1340,-1.5939,-1.6760,-3.2315,-4.8163, 0.8880,-1.7844,-0.5188,-3.3675,-4.7322, 0.9381, 2.0335, 2.0267,-4.6952, 0.0664, 1.7885,-0.6166,-1.8859,-0.2483,-4.8027,-2.5143, 2.3526, 2.5249,-4.3239,-2.7935,-1.3548,-1.9058,-0.8577, 3.2638, 1.1251, 2.6681, 1.2009,-0.3849, 4.4753,-0.8919,-1.9474, 3.9648, 1.1187, 1.2574, 0.3357,-1.4994, 3.8202, 2.8133,-2.2884,-1.0506, 1.5499,-2.5832, 0.7417, 4.6287,-4.2113, 3.7364, 3.4040,-4.3553,-1.3338, 1.5357,-1.1845, 1.4176, 3.7431,-4.3952
 0.3800,-0.1682,-4.6673, 3.2472, 1.6775,-3.6972,-1.7714,-2.9672,-3.2082,-0.2870, 3.7949, 2.7059,-0.5546, 4.7851, 2.2317,-0.2074, 3.1324, 2.9605, 4.5875,-4.2158, 3.8898, 1.6207,-2.4083,-1.1307, 4.1448, 4.9026, 2.7009,-1.6056,-2.9969, 2.8455,-2.1387,-2.5737, 0.9494, 3.1474,-1.5825,-2.8933, 2.2882, 1.5192, 3.6239, 0.1204,-2.5469, 3.8854,-4.8153,-2.0974, 1.4060,-1.2985,-0.5854,-4.7634, 4.5083, 4.2966,-4.8784,-4.1979,-1.1436, 0.9163,-1.3826,-1.6160,-0.1857, 1.6127,-1.8785,-0.3866, 0.9971, 1.4355, 3.7199, 3.7482,-4.8579, 2.3206,-1.7312,-1.4461,-2.3009, 3.2234
-3.0220,-2.2837, 3.1300, 2.6124,-4.4649, 1.1866, 3.2882, 3.4011,-3.9263,-0.7675,-1.5648, 1.6365, 4.8291, 0.0504, 4.0163,-0.3143, 2.1631, 1.5256,-1.9360,-2.9873, 1.0351, 0.5201,-4.4663,-0.1971,-1.0352, 4.0765, 0.4279, 2.0166,-2.4581, 0.8714, 1.2486,-3.0673, 0.2593,-1.6951, 2.5744,-4.7285, 3.9197,-1.9092,-3.0941, 4.7519, 1.7513, 0.9185,-2.4445, 1.9112,-2.7730,-4.8682, 4.4532, 0.5200,-2.2812, 3.0481,-0.4341, 0.8237, 1.1865,-0.5338,-4.2863, 2.8949,-4.6378, 4.8374, 2.9071,-2.4847, 2.0021, 4.5905,-0.6711,-4.7909, 0.2764, 3.2088,-2.0165,-3.5632, 2.3568, 0.4770
-0.9324, 4.3005,-1.2358,-1.2772,-4.8788, 0.7681, 1.8482, 4.1877,-0.0021,-2.9295,-2.5591,-3.4938,-3.8951,-4.5072,-0.4986, 0.9013,-1.0728, 3.5007,-4.6003,-4.4162, 2.9789, 1.0206, 1.0819, 3.0611, 4.5825, 3.6184,-0.8358, 3.5547,-0.7042,-2.4959, 2.9850, 1.6325,-0.4015, 0.0533, 1.0091, 4.2773, 1.7312,-4.8274, 2.5473,-2.8621, 4.7684, 3.1195,-3.3306,-0.1662,-2.7452,-2.4017,-3.0672, 4.6153,-2.5862,-4.9552, 4.5242,-3.8269,-1.6230, 3.1455, 1.6143,-0.9765,-2.8709, 1.3711,-4.6385, 3.1737, 3.6325, 3.2341, 2.4446,-1.7345,-4.4750,-1.4214,-2.5691, 0.2816, 1.1804, 2.9514
-0.3749,-0.6875, 2.1767, 3.3534,-4.5263,-0.2562,-2.3295, 1.9312, 4.2811, 4.3909, 2.4571, 0.1850, 1.8256,-4.9185,-3.5686, 4.0250,-0.8615,-0.6177, 2.7392, 4.0465, 2.2958, 4.8931, 2.5530,-3.6913, 2.2912, 0.2715,-0.0634, 0.8336,-2.1796,-0.9443, 4.2691,-1.6469,-3.0412, 4.1651,-0.4621, 1.0550,-3.7017, 3.0079,-3.0966, 3.9444,-2.2520, 2.5585, 0.0571, 0.1356, 1.7320,-2.0652,-3.4112,-0.2191,-0.2031,-1.0866,-4.1633, 2.8489,-4.9498, 0.3532,-4.9492,-0.7817, 2.9999, 4.9640, 2.7734,-4.0100,-1.0266,-1.9403, 4.2759, 3.2692, 4.7857, 3.4030, 0.3521, 0.9824,-2.7941,-2.7773
-4.1241, 0.7301,-4.9749, 3.4984, 3.6194, 4.2103,-2.7237,-2.8400, 0.5335,-4.5729,-1.8272,-2.0294, 0.7593, 2.0613,-4.6521, 4.1968,-1.2147,-2.5386,-1.7430, 3.4427,-4.6307,-3.4156,-4.2935, 4.7705, 3.6421, 2.7593, 2.0590, 0.3055,-2.2107,-4.9786,-4.8918,-4.9567,-4.6580,-3.2870,-0.1559, 2.3723,-0.7565, 1.9615, 1.2857,-1.9370,-4.4126, 2.5103, 3.0474, 2.9968, 1.1342,-2.5854,-4.2075,-3.2872,-0.2775,-0.6707,-0.3220,-2.8466, 1.0255,-4.2673,-3.6646,-3.2369,-1.1896,-3.6955, 2.3240, 2.6789,-4.1060, 1.4546,-3.7017, 1.7071, 4.7354,-1.4308, 0.3016,-2.0148, 3.1540,-1.8485
-0.7006, 2.0536,-4.7002,-4.2447, 4.2226,-3.8076,-1.2209,-4.4369, 2.2880,-0.3997,-1.9917, 4.4449,-3.0883,-3.3614,-4.7917,-2.2424,-2.7551, 4.7778, 0.7891,-4.5905, 2.1384,-3.9472,-1.9708,-4.0210,-4.3951,-3.0781, 3.5614,-4.2672, 2.7158,-3.9582,-4.5713,-0.7097,-2.1801, 2.6246, 3.6265, 0.6160,-1.3714,-2.9807,-4.5904, 2.2797,-2.8796, 1.1402,-1.8008,-2.0727, 1.4680,-2.7296, 4.3976,-4.5791,-3.1515,-4.0758, 0.7931, 2.3540,-4.7720, 0.0051, 0.3656, 2.3951, 3.0672,-0.0146,-4.9593,-3.6403,-3.0734, 1.0309,-0.8375, 0.3664,-3.0970,-4.6966, 0.8635, 0.8685, 3.5571,-0.8227
-4.8829,-3.6752, 3.4467,-2.9301, 2.0531, 2.6244, 1.9080,-2.0194,-3.6271, 3.4364,-0.2939,-0.1868,-3.9049,-2.2286, 1.5964, 0.3067,-4.3322,-4.2727,-1.1286,-1.7624,-0.8118, 1.4460,-3.4103, 1.4904,-1.3996, 3.4929, 3.5074, 4.4865, 3.1205,-3.6809,-0.1752, 2.4492,-2.2251, 0.5886,-0.8847, 1.8606,-4.7612, 0.9117,-1.4075,-1.3041,-3.0905,-3.5453, 3.9610,-1.6368,-0.7871,-0.1212, 2.8110,-0.8544, 2.7689, 2.2440, 1.3747,-4.4254, 3.8698,-2.8037, 3.5384,-2.6586,-0.1846, 2.9495, 0.1541,-3.2800, 0.2918,-2.1062,-4.0861, 3.2678, 0.1378, 1.9060,-4.4877,-0.0590,-0.0593, 2.0361
-0.5437, 2.0835,-1.0726,-1.1996,-4.4833, 0.1681,-3.0122, 3.8993,-1.7665,-0.0250, 2.3842, 1.4736,-0.9237, 3.4478,-2.1320,-3.8152,-3.1390,-2.2406,-3.0244, 3.2461,-2.6151,-2.6086,-2.1037, 1.3843, 2.1088,-3.9623,-0.5023, 3.5119, 2.3439,-0.1442, 4.2554, 0.3873,-3.5545,-3.3402,-4.6692,-3.9505,-0.7382, 2.1632,-3.0611,-2.7051, 2.7573,-1.1960,-2.9523,-2.3367, 2.7692,-0.1263,-2.0332,-1.5076,-4.9259, 2.5974,-0.4393,-4.7310, 2.2944, 4.8021, 1.4550,-3.0325,-4.6863, 0.3894,-3.7585,-3.4489, 4.4687,-0.0486,-0.8864,-3.4836,-1.2518,-1.6508, 2.7291, 2.8772,-1.9156, 4.0858
-0.5608, 3.9145,-4.8253, 3.0332,-2.5607,-1.6209, 2.9317,-1.6024, 4.6571, 1.1731, 4.5467,-0.2628, 1.5679, 2.5418,-0.6872,-4.2760,-2.5921, 2.2397,-1.1480, 2.7047,-3.1318,-2.7589, 2.1250, 4.4028, 1.9394,-4.3367,-3.8203,-1.4683,-3.9739,-4.2930,-4.1928, 0.6694,-3.5604,-1.1069, 4.0461, 2.3354,-1.1448, 2.9539, 0.0091,-0.4801, 4.2755,-3.1147, 2.5897, 0.3011,-0.5017, 2.3797, 3.9935, 4.7655,-2.2426,-3.6633,-0.1331,-3.9898, 3.5771, 0.4252,-0.3374, 1.6144, 1.8546, 2.4315, 3.9870,-0.1020,-0.9586, 4.9959,-4.1825,-2.6543,-3.6509,-3.2578, 1.4948, 4.3068,-4.4306,-4.5681
 2.6806, 4.8307,-1.7400,-2.0906, 2.9060,-2.2672,-2.9264, 3.2090, 2.5853,-0.4707,-1.9997,-0.1905, 0.7342,-2.7541, 2.0959, 1.4290, 3.3737,-1.0190, 1.3079, 1.4858, 3.2997, 1.7547,-0.9462, 4.3838,-3.8053,-2.0512, 4.0024,-3.8187, 4.3508,-0.3644,-4.0997,-0.4635,-4.6273,-4.7355,-4.7295,-3.5651,-4.0549,-0.9429,-0.4923, 0.0768,-0.9550,-1.5501,-2.7558,-1.5031,-2.1142, 3.5789,-4.4409, 3.9633,-1.0044, 0.6063,-3.6048, 3.2670, 1.9056, 1.1050,-3.7964,-3.7812,-1.2135, 1.8692, 1.8453, 3.1656,-2.6601, 3.4890,-2.4517, 2.9296,-0.4416, 0.7294,-3.7300,-1.2471, 0.1533, 3.5619
-3.0750, 3.2200,-1.0217, 0.3236, 0.5652,-0.8990, 1.6555,-2.6373, 1.5426, 3.9061,-2.3215, 3.5877,-1.4831,-0.6840, 0.0457,-3.5485, 1.6785, 2.5751,-1.0631, 2.7358,-4.7231, 4.6505, 2.0140,-4.9361,-3.7498,-1.8957, 4.2577,-1.4352,-4.6336,-4.8739, 2.0797, 2.7119,-1.5882, 4.5032, 2.9963,-3.7885,-3.7057,-0.2508,-0.6657,-4.2423, 2.2920, 2.3262, 0.2997, 4.4773,-1.3801,-2.5366,-0.5947, 1.8448, 4.6762,-1.8056,-1.4638,-4.4940,-2.0822,-0.3333, 3.6790,-2.6884,-1.0261, 1.5367,-4.5564,-3.6026, 2.5814,-4.4710, 3.2711, 2.1627, 0.4579,-2.0701,-2.9553,-3.0061,-3.9408,-0.1246
 4.8483, 0.0150, 2.0958, 2.3724,-3.5758,-2.1521,-2.6100, 2.6695, 3.4494, 4.4306,-1.5174, 1.6240,-1.5312, 0.1305,-0.2565, 1.0817,-0.8559, 2.9151, 3.7258,-0.7818, 0.4651,-2.5437,-3.6166,-4.6523, 4.4092,-4.1828, 4.6771, 0.7834, 3.3651, 4.2420,-4.8212, 4.9484,-3.1928,-0.1876, 1.4422,-2.0369,-1.0475, 2.1464, 0.9799, 4.7726,-1.5497, 2.4631,-1.3163, 0.0287,-3.6686,-2.6004, 3.9823, 0.2393, 0.8779,-1.2891,-1.3671, 1.3119, 2.6690,-4.5534,-0.3798, 0.5544,-2.1574, 0.8519, 1.6347,-1.3617,-0.0616, 0.0751, 4.6678, 0.8611, 3.8322, 0.7738, 4.1178, 1.4282,-2.4283, 1.1503
-2.6273, 3.3607, 2.5867, 0.0680, 3.6567, 1.0001,-1.4576,-0.6642,-3.2542,-1.1938,-4.7501,-0.3555, 3.7917,-2.7437,-1.1943, 4.5367, 3.0596, 3.9607,-4.4364,-4.7345,-1.9986,-4.0836, 2.5413,-4.5573, 3.8047,-2.9161, 2.8510,-2.9322, 0.4438,-3.8612,-4.3043,-0.7161, 4.2811, 1.8217,-2.7020, 1.7794, 1.3794, 4.9850, 1.8559,-0.2765, 4.5380,-0.3681, 1.4236,-3.1395,-0.7184, 3.7988,-2.2507,-3.0356, 1.9315,-2.4571, 1.1597, 4.3102,-0.2665, 4.3978,-2.3602,-3.1672,-1.9961,-2.4029,-3.8242, 4.8418,-2.3687,-3.7754,-2.8831, 0.7581, 1.2644,-2.3531, 4.4326,-3.2073, 4.4374, 3.2595
 2.0421, 2.7952,-4.9931, 1.5059, 2.2349,-3.8585,-4.3133, 2.8340,-4.0409,-4.8771, 3.1292,-4.1708, 4.9295,-1.6498, 4.3633, 0.3854, 2.9671,-4.1888, 2.7115,-1.7963,-3.5552, 3.1099, 4.6062, 1.5222,-3.6795, 3.6682, 0.3891,-0.9083,-4.7814,-4.4392,-0.1904,-2.0049, 1.7431,-3.8479,-1.1993,-0.3541, 1.9303,-2.1281,-4.0421,-1.3695, 4.3653,-4.9044,-0.1350, 1.5636, 4.3919, 2.0100,-0.1501, 4.8044,-3.4210,-2.6026,-3.5177,-3.2208, 4.3021,-0.2249, 1.2880,-2.3833,-1.7785, 3.6060, 0.9725, 1.7023, 4.5845, 1.0891,-1.7052, 2.5716,-3.1478, 1.9090, 1.4459, 4.8956,-3.4940, 1.3999
-3.1202,-1.8115, 1.2497,-0.7214, 1.3398,-2.4272, 0.5967,-1.6614,-3.5750,-0.4438, 2.5657,-0.4030,-2.6545, 2.4098, 1.5050, 1.1410, 2.4923, 0.8126,-2.9604, 0.0347,-4.4935,-0.1979, 2.9945, 3.5067, 2.4148,-1.6750, 3.4188,-1.4774,-3.5430, 3.4360,-1.7516,-3.9826, 0.9255, 1.3794, 0.7212, 2.7095, 4.6311,-1.6257,-0.9517,-1.5821, 0.4562,-1.8285, 4.2565,-1.8084, 4.8543,-4.3765, 2.5994, 4.5695, 1.6015, 4.4899, 0.6424, 0.5890, 4.5116,-1.6425,-0.9159, 2.4574,-0.2337,-0.2466, 0.9437,-2.7183,-0.3479, 4.4364, 1.9358,-2.5239,-0.9334, 4.5836, 0.4887,-2.3617, 1.7885, 4.7939
-2.5096, 4.0554, 1.5257,-3.3369, 2.4955,-3.7949,-0.8184,-3.1937, 1.4371, 4.8936,-2.7068,-4.4342,-4.9887,-4.5368, 0.8718, 2.0469, 1.8313, 3.5328, 2.3332,-2.1656, 3.0403, 4.1043,-2.9704, 2.9911, 3.6688, 3.8296, 3.4433,-4.0637,-2.2520,-0.3438,-0.5149,-0.1825,-0.6140, 1.2575, 4.0130,-3.8144,-1.5587,-0.8675,-2.3905, 2.5113, 3.5028,-3.8299,-4.6730, 4.8509, 2.0328,-4.6218, 0.0982,-0.3597,-2.7895, 4.4723,-3.5011,-4.8512,-1.6354, 0.1047,-2.7693, 2.1232,-4.0322, 0.9609,-4.1942,-4.0616, 0.2638,-4.8259,-3.9183,-3.1026, 1.5695,-2.2056, 0.0605,-0.1120,-3.9114,-0.5656
 0.3986, 1.6026,-3.2964,-0.8747, 1.1563,-4.8695,-2.0368,-3.2470, 4.2574,-4.9247,-0.2608, 0.3407,-2.9588, 4.7101, 1.8111,-2.8342,-2.4348, 3.1877, 0.7586, 2.1074,-2.7264,-2.2022,-4.0732,-0.9234, 1.8615,-2.1018,-1.6818,-4.1907,-3.1325,-0.3336,-1.5169,-2.2812, 2.5382,-1.3092, 0.6430,-2.4140,-2.6276,-2.8527, 3.6477,-0.6795, 4.5507,-3.0895, 0.5276, 3.3631, 1.1940,-0.5702,-4.8263, 1.0932,-1.1865,-0.5220, 0.1612,-0.9037, 2.5470,-2.7145, 4.1598,-3.0454, 2.6458, 0.0967,-2.7173, 2.6122,-4.1075,-2.7056, 1.9448,-3.1790, 2.8335,-0.2148,-4.4343, 3.8646,-1.1039, 1.3912
-4.8286,-3.3858, 0.9839, 4.9927, 4.7368, 4.2374,-0.1140,-1.8849,-0.5623,-0.4587, 0.7885, 1.7327, 0.3912,-0.7693, 2.3595,-1.5512,-1.6692,-2.0617,-0.4821,-1.1474, 2.6880,-4.3104, 0.6833, 4.7037, 1.7493,-4.1098,-1.7846, 4.5886,-0.3882, 4.5757, 3.9112,-4.6200,-1.9721,-2.7999, 3.1764,-2.3645, 2.6036, 4.6523, 4.3001,-1.1900,-4.0200,-3.8239, 1.2000,-2.2425,-1.8513,-0.7201, 1.6089,-4.5161,-3.5096, 2.5360,-2.6726,-3.8251, 4.6207,-2.6255,-3.5472, 2.1734, 3.6556,-0.5161, 0.8460,-4.6235,-2.5211, 0.7662,-3.7953, 2.6773,-0.6840, 0.2897,-0.1297,-3.3282,-0.1127,-4.2946
-2.7388, 3.2398,-1.0637, 4.1864, 2.7452, 1.1721, 0.2898, 4.4748, 0.9001,-3.6619,-0.4035,-2.7333, 3.1986,-3.1543, 4.8116,-3.9619,-0.0969, 0.1589, 1.0522, 3.2943, 2.1160, 0.0070, 4.9970, 1.5932, 2.5030, 3.6027, 2.5242, 0.4833, 0.6222,-3.4287,-1.6517, 2.4791, 3.9364, 2.6081,-1.2914, 1.7496,-1.3521,-4.5762, 4.0544, 0.6438, 3.8855,-4.0190,-0.3492,-2.2152, 4.7128,-0.4198,-0.0810, 3.3540,-3.1367, 2.4877,-2.1487, 4.7539,-4.0151, 2.2852,-3.5854,-2.6273, 1.2512,-1.8291,-3.8879,-3.2561,-0.2023, 3.2004,-1.6473, 1.0647,-4.8577,-0.8431, 2.9366,-4.3667, 1.0074, 4.0178
 4.3032,-1.5324, 1.7458,-3.6886,-1.8953, 2.6763,-1.2606,-4.8240,-2.9911, 4.3417, 1.1928, 1.1510, 2.4250, 4.9655, 1.6043, 2.9113,-3.9767,-0.8380,-3.8614, 3.2074,-3.7247, 0.5788, 4.5166, 2.8328, 2.1893, 0.4287, 4.8993,-1.8960,-3.7661,-1.5066,-1.1643,-2.2122, 3.7875,-0.6523, 3.8877,-2.1339,-2.6972,-2.8600,-3.9370,-1.4064, 2.7717, 4.6410,-4.3336,-0.9366,-0.6585, 4.9423,-1.5812,-2.7424,-2.0920,-4.5917, 3.2419,-1.5078, 0.2106,-3.8159, 1.6166, 4.4658, 1.3707, 1.3806, 1.6534,-2.0040,-4.5607,-2.3228,-3.3828,-0.6549,-4.3700,-0.1257, 4.2547,-0.4398,-4.2166,-4.8953
 1.8934, 3.6214, 1.0368, 3.3981, 3.5497,-0.7515, 1.1636, 1.8014,-0.6371, 4.3922, 4.9604,-4.5095,-0.7047, 2.8302,-0.7515, 3.9183, 4.4179, 1.5628, 3.3650, 3.2422,-3.0158,-3.8224, 0.9641,-4.3818,-0.0916,-1.9203, 4.8252, 3.1377, 2.5939, 0.0066,-2.4355,-1.4639,-1.7623,-2.0080,-0.5981, 1.9347, 2.5150, 3.6666, 3.7689,-1.8852, 4.8892, 3.8467, 0.5839,-1.2592,-3.6227,-4.4621,-1.4421, 1.6763, 1.4572, 3.0292,-2.6824, 4.4601, 3.6055, 0.3323, 0.0760, 3.4824,-3.9474, 1.6919, 2.1411,-3.5178,-0.0995,-4.1315,-0.4053, 3.7995, 4.6224, 3.4450,-2.2346, 4.0807,-1.8952, 2.6224
 2.2733,-4.6594, 1.2881, 2.3717,-1.0510, 2.4862,-3.3497, 2.1141, 1.3730,-4.7166,-0.3240,-0.7290, 4.5759,-0.4693,-4.0691,-1.3589, 1.0576, 1.9933,-3.3565, 0.2703, 0.7765,-0.7933,-0.1099, 1.3390,-2.9502, 2.2476,-1.6623,-0.4447,-4.8968, 4.6267,-0.9807,-3.6083, 4.1333, 3.9607, 1.8544, 0.5996,-1.6789, 2.5665,-0.8831, 0.3125,-3.5347, 0.5113, 1.0043,-3.2409, 4.7855, 2.9862,-3.0421,-4.6523,-2.1041, 0.4963, 0.3808,-4.1201,-0.6232,-0.8917,-3.3217,-4.8299, 1.3227, 2.9581,-3.6702, 1.7944, 2.6296,-0.4374,-2.0521,-2.6520, 1.4144,-2.6369,-0.8063,-3.3885, 4.5130, 4.1431
 4.4120, 1.1438,-3.9224,-1.9842,-1.7557,-4.3229, 3.3876, 2.9994, 3.1744,-2.0250,-0.0333,-0.0071, 1.4930, 2.5704, 2.5536, 3.1714,-2.6484, 4.7313,-4.2826,-3.5768, 2.9388, 2.0073,-2.9147, 2.9306, 2.8302,-2.3218,-3.2410, 1.1305,-1.2015, 3.6107,-0.0260,-1.1863, 2.1978,-2.4925, 4.2352,-0.1721, 3.1938, 0.1318,-3.6789,-2.5996,-4.4701, 2.2741,-1.9764, 2.7939, 0.1396, 0.2768, 2.1162, 3.6225,-2.8420, 1.4843,-1.1636, 0.6258,-4.3325, 4.4429, 3.4852, 1.4944,-3.1664,-4.0404, 0.0483,-3.3873, 1.5333,-4.5171, 4.3051, 0.2537, 0.4445, 0.1968, 1.8119,-0.2366, 2.5768,-0.7777
-0.1905, 3.8880, 0.4539, 2.0145,-1.5284,-2.7664,-4.7035,-1.5829,-0.8511,-1.4665,-2.2587, 3.0098,-3.6151,-1.7590, 1.2006,-0.9747, 2.9136, 4.7541, 1.0184, 1.9613, 3.7591,-1.7253, 1.3024,-3.1059,-4.1843,-3.6667,-0.2944, 2.2892, 3.0393,-1.8658,-1.9359, 4.2674, 2.2148,-3.1588, 3.2069, 3.3776, 0.6748, 1.7101,-2.9318,-4.2639,-1.2584,-4.8319, 1.1538, 0.6443,-1.9515, 4.4958,-3.0699,-0.0338,-1.8728, 2.3348,-2.0686, 0.0240, 2.7873, 0.5961,-1.8172, 3.4188,-3.5404,-4.3436,-3.6940,-2.3533, 2.2469, 3.7273, 1.2002,-1.6477, 1.7704,-3.9404, 4.4589,-0.3772,-3.9266,-0.4371
-0.1293, 0.0210,-0.0263,-2.5330, 0.7554,-1.2295,-1.8265, 1.7994, 4.2041,-0.3422,-4.7262, 0.1711, 1.5382, 4.4599, 2.5417, 3.0680, 3.1703, 4.3193,-2.8019,-2.0212,-2.9623, 1.4787,-2.6532,-2.6063,-4.2082,-2.3538, 2.9906, 2.9094, 4.6289,-2.2547,-0.0166, 3.9235, 3.0213,-3.7302,-3.3452, 0.0406,-4.3662, 3.1426, 0.1971, 4.9176, 0.5278,-1.1083,-3.9266,-1.4661,-3.3542, 1.3491,-4.0844, 2.9652, 2.0392,-2.7372,-3.4469,-0.3505, 3.9717,-1.4470, 3.9001, 4.3877,-1.5539,-3.0630, 2.0335,-0.2105,-0.9843, 0.9671, 3.2888, 0.4951, 1.5403,-4.8417,-1.5037, 2.2145, 0.6995, 3.9657
-2.9781,-0.7016,-2.0849, 2.7953,-1.9452,-1.2020, 0.1242, 0.4570,-2.6992, 1.4603, 0.6357, 1.4141,-0.9170,-1.2279, 2.4426,-0.7326, 2.4963,-0.2894,-0.6778,-0.4928, 3.3899,-3.6980,-1.2949, 1.6214,-2.5725,-2.5542,-3.8606,-1.4291,-1.1855, 0.4863,-4.3237, 2.6398, 3.6426, 0.4894, 3.5758,-0.2808, 1.4325,-4.3014,-3.2422,-3.2771, 3.1296,-3.3132,-4.4695, 4.3971,-3.2603,-0.8248,-4.4978, 1.0619,-0.1449,-0.4853, 4.4618, 2.7496, 1.9141, 3.7434,-3.1713, 3.8045,-0.0709, 0.0655, 1.3409, 2.5273,-2.4814, 1.3434,-3.7040, 2.0662, 2.7523,-4.4021, 0.6138, 3.5295,-4.2357, 1.6633
-4.3792, 4.7332,-4.4428,-2.5645,-1.3169,-0.9582,-1.0817, 0.2285, 2.5250,-4.5217,-3.9641, 4.8426,-0.7512,-3.5450,-0.3945, 3.2999,-4.9477, 3.0865, 1.7225,-2.1598,-0.7687, 3.4262, 4.1356,-4.8277,-2.9301, 1.9116, 1.5644, 3.9620, 0.9676, 0.5529,-0.8510,-0.8038,-2.9657, 1.1260,-3.6759,-4.7736, 3.5958, 1.8927, 4.2946, 1.3968,-4.4117, 2.9983,-1.3829, 0.5293, 1.5196,-3.6963, 4.9213,-4.9525, 1.4882, 3.5872,-2.4998,-4.3570,-1.7243, 4.1429, 0.5000, 3.7723, 0.2330, 4.7839, 3.9280,-4.4198, 0.4483,-1.1661,-0.6158, 4.7763, 2.7327, 3.2809,-2.8318,-4.0165,-3.0976, 2.8811
 1.2892,-3.1533,-0.5967, 0.5750, 1.7339, 0.5073, 3.0275,-3.3256,-2.0054, 1.8891, 1.9669, 3.9225, 3.6589,-1.7642, 0.8038, 4.1121, 0.3484, 4.3908,-4.1384,-3.3601,-3.6526, 3.8376, 3.4364,-1.7970,-3.5452, 4.9076,-3.0386,-3.4548, 0.0338,-3.0108, 4.7065, 3.4547,-1.6314, 2.9995, 1.5097,-2.8448,-1.4776, 4.9521, 4.3598, 1.9612, 3.8319, 0.3864,-3.2395, 3.1067,-0.1647, 3.9270,-1.5605,-2.6162, 3.9460,-3.4774, 3.4853, 0.6144, 4.5896, 4.4495, 0.2772, 1.2562, 4.4567,-0.6014,-2.4824, 3.4614,-1.4126,-4.3232, 2.1873, 0.9088,-2.8021,-4.1930,-4.3438,-3.2916, 2.1703, 1.4914
-1.4365, 1.5235,-3.7947, 0.8952, 4.5826,-2.7976,-1.1935,-1.2939,-4.9921, 1.7247,-3.2432, 1.9750, 2.3462,-4.9754,-4.3352,-2.6109,-3.9800, 1.8023,-3.8133,-0.3255,-3.7200,-0.1286,-4.3428, 3.6007,-3.8253, 0.0998,-0.5637,-2.4906,-3.5219,-3.7989,-2.2850, 1.7648,-1.9005,-2.5518, 3.5840,-4.9234, 4.2407,-2.7480,-0.7104, 2.5509,-4.5279,-4.4237,-0.3451, 4.6033,-0.6293, 1.8498, 4.8663,-0.2840, 0.4090, 1.4024,-2.4704,-0.8986, 0.2719,-4.2768, 4.6359, 1.2567, 2.8177,-0.9396,-0.0211,-4.3129, 1.8389, 2.3052, 1.0313, 2.8007, 4.8686,-2.1580,-1.3990, 2.2712, 0.1461, 3.7955
-4.7319, 2.3881, 3.5354, 0.2943,-1.3388,-1.5532, 2.0978, 0.9249,-4.2593,-4.1371, 0.1990, 4.4805, 2.9652,-2.3740, 3.7960,-2.2083,-3.4152, 0.1481,-3.9626, 2.1251,-0.7247,-3.2275,-2.8569, 1.0491,-1.1672,-0.0206,-4.9053, 3.0459,-4.4365, 4.6276,-3.4479, 4.6078, 4.6851,-2.4896,-1.2617,-3.6261,-3.2178, 4.0794, 4.8594,-2.6532, 1.2771,-2.0812,-1.6290, 4.4701,-4.3082,-2.6118,-4.5490,-0.2856,-1.1084,-0.8179,-2.6981, 4.1868,-2.2852, 2.7895,-4.9903,-1.6421,-0.0518,-4.5513,-2.8569, 0.2200,-2.8985,-1.1160, 2.9770,-3.8258,-1.6657, 0.8696,-4.9174, 0.5340, 0.9986, 3.5781
 4.3555, 1.6922, 3.6974, 3.3757, 3.6886,-4.7820, 2.8622,-0.4052, 2.8753, 4.2096,-2.5147,-0.1471,-0.9584,-0.5396,-3.3455,-1.7232,-2.6030,-0.6444, 1.9002,-1.1091, 1.5930, 3.7311, 2.8783, 0.4589,-1.5263, 3.8444,-0.6229,-3.0299,-3.4749, 0.4608,-1.5795,-4.9306, 3.8569, 2.3429,-1.9358,-2.9485,-4.9231,-4.9203,-1.2689, 4.9782,-4.5054,-3.2792, 3.3134, 4.9320,-4.3967, 2.4543,-4.8452, 3.1427, 4.0902,-0.1578,-2.7179,-2.9207,-2.6786, 1.8520,-4.7837, 4.9396,-1.6390,-0.1861, 0.3265,-2.4816, 2.9040,-1.0185, 1.2020,-4.1991, 3.4785,-3.4463, 4.2629, 4.6694,-1.9148,-3.7454
-2.8696,-2.7232,-3.8690, 3.9614,-1.9360,-0.9086, 4.7982,-2.0332,-4.9958, 1.4759, 0.9672, 3.9234,-4.7968, 1.7171,-4.3844,-0.7597,-0.3346, 3.2967,-4.7204,-2.2612,-2.3139, 1.8242,-0.9324, 4.0197, 0.9470,-3.8384,-3.8014, 2.2874,-1.6766, 0.5848, 0.5646,-0.9354, 3.6715,-3.6955, 0.4384,-4.5013, 1.3206,-2.6868, 2.7886,-4.5279, 1.3811, 3.0379,-4.5699, 4.4789, 0.4255, 0.6535,-0.2280, 2.5397, 1.9349, 1.8836, 4.6816, 3.2609, 3.6081, 3.2327, 2.6441, 3.2209, 1.7472, 0.9191,-3.8118,-2.7033, 2.7415,-0.1698, 0.3619,-1.0453,-1.7260,-3.0546, 2.9069, 0.0796,-0.6589, 3.1170
-3.1660, 4.6365, 4.7844, 1.9225, 0.0183, 2.0649,-4.3840, 3.2785, 3.0363, 4.8499,-0.7441,-0.2869,-0.0358, 3.3600,-2.9205,-3.2229, 2.9415,-1.6479, 2.9530, 2.3570,-4.9729, 4.4249,-1.4622,-0.1247,-4.3876, 0.8419, 4.2511,-2.1893,-3.5273, 2.8686,-0.6245, 1.2216,-2.0692, 4.6145,-4.3537, 0.8639,-1.3249,-0.1865, 3.1649,-2.8350,-1.7393,-3.9393, 1.3797, 4.2039, 3.2147, 1.9917, 1.9616,-2.1943,-1.1238, 1.2997, 4.6000,-2.4317,-1.5005,-1.2121, 4.8781,-3.4571,-3.8535,-1.7706, 4.1109, 3.1523,-4.8314, 4.8105, 1.0439,-0.5737, 1.5199,-1.3096,-2.3518,-3.1981,-2.5357, 4.1723
 3.5716,-0.4615,-1.7275,-0.7470, 0.8011, 3.6271,-4.6656, 4.6484, 2.8000, 2.1922, 2.0567, 2.8299, 1.9486,-4.3728,-0.0264, 2.8382, 0.1688,-3.4615, 4.1346, 0.1688, 1.6832, 1.7767, 2.0391,-3.4057,-3.5998,-2.9389, 4.1013, 1.6427,-0.5167, 2.8880, 2.8309,-0.1681, 0.5189, 1.4764, 4.6405, 1.7378,-3.7986,-3.7047,-3.9221, 0.8819, 0.7582, 0.6711, 3.6247,-0.9130,-3.2067, 4.0733, 0.0662, 4.3902,-3.8902, 0.6917, 4.3657,-4.4170, 2.9153,-4.2761, 0.3648,-3.7226,-3.7047, 2.9762, 4.6884, 0.5278, 1.6502, 2.4592,-2.8440,-3.4049,-0.0687,-1.4802,-3.7138, 3.4869, 3.0691,-2.5963
-1.1151, 2.7391,-0.0976, 4.8827, 1.8567,-1.2737, 1.3298, 0.3875, 0.3144,-0.3804,-2.7530,-3.0005, 3.9005, 1.8716,-4.9758, 2.3908, 3.0105,-2.3602, 2.6763,-0.8806,-0.1963,-0.3959, 4.1497,-0.4638,-1.4806,-1.5464, 2.7500, 4.5101,-2.3922,-0.2650, 2.3173, 3.5819, 1.3976,-3.4327,-0.9523, 1.9490, 3.5492, 3.0198,-0.0376, 1.3313,-3.7848,-0.9357,-2.9893, 4.7932,-0.2282,-2.7896,-2.8449, 0.5089, 1.0525,-4.5207,-3.5672,-3.8170,-4.3891,-1.5148,-2.6611, 0.9438,-4.0087,-1.2416, 2.5682, 4.9677,-3.4091,-2.6360, 2.6920, 3.2419, 4.4187,-1.6537,-3.0793, 4.6618,-0.4134, 0.9169
 2.7013,-2.4524, 0.7744, 3.9166,-4.1430, 3.8835,-3.4181,-4.2014, 3.3492, 4.0555,-0.1261, 0.8031,-4.0106, 2.1443, 4.6201,-0.8754,-3.8573,-3.9877,-0.2596,-0.0375,-3.5628,-4.5257,-2.8784,-3.6848, 1.7296, 4.2778, 2.6560,-1.3991, 4.0378,-2.3814,-3.0342,-0.7829, 4.1267,-4.9128, 0.8863, 2.7646,-0.9033, 1.5008,-3.6238,-0.1597, 2.1933, 3.7002,-0.0509, 4.4354, 2.7520, 2.0733,-4.9684, 3.5731,-2.8351,-1.3262,-3.6187, 0.3539,-3.6287,-0.0804, 2.3988, 3.2842, 3.9692, 0.9316,-0.8725, 0.1966, 0.9800,-4.4182,-1.5645,-3.1000, 3.2184, 2.8203,-3.1741,-1.9769, 1.7646,-1.7813
 1.7275,-3.7422,-1.7961,-2.3647,-0.6834, 1.6056,-3.1380, 2.5809, 1.5389,-1.5447, 1.3851, 3.7085,-2.4084,-3.3296,-2.9540,-3.0936,-2.1170,-2.5559,-2.8568, 1.2537, 1.6250, 3.7704, 3.3337,-3.2150, 0.5504, 0.7735,-1.7808, 1.2827,-1.7057, 3.1893,-4.5106,-1.4283,-0.7772, 1.9751,-1.4522, 4.4565, 2.3453,-1.6602,-2.5767,-0.5343,-3.7689, 0.8261,-1.1624, 4.4689,-4.0570, 2.9072, 3.0358,-0.0264,-4.2015, 4.9981, 2.1895, 0.6258, 2.4658, 0.4498,-4.1496, 4.5391,-0.6914, 3.9187, 4.3113,-1.4771, 2.2733,-4.8574,-0.8992, 2.6992, 1.5569, 4.7369, 3.0443,-2.7006, 4.4000, 3.0420
-3.2147,-4.2125,-0.9132,-4.8898, 2.2374, 0.2464, 1.5641, 4.1728,-0.7253,-0.8673, 4.0082,-3.8543,-4.1554,-0.1413,-4.8906,-4.1835, 4.1475, 1.1915,-4.8347,-1.7067, 4.0856,-2.2637, 2.3829, 3.0070,-2.8266,-3.1626, 0.0244,-1.8378, 4.1836, 1.3285, 2.4013, 4.9796, 3.4648, 0.6461,-2.5036, 4.8065,-0.5082, 0.3782, 3.4806,-2.2562,-4.6620, 1.3434, 4.9455, 3.8625,-4.1113, 1.3733, 4.6588, 1.5456, 2.5731,-4.7735, 3.6723,-1.6546, 4.6949, 1.7400,-0.6323,-0.7304, 0.1832, 1.6425,-2.0751, 3.0815,-2.7192, 1.6223, 0.2335,-3.4005, 0.0489, 4.7215,-2.4759, 4.0710, 3.4532, 2.6031
-1.4993,-4.9816,-1.1055,-1.5729, 2.9089,-1.5837,-0.0140,-1.5421,-2.9854,-4.7521, 2.3704,-0.5523,-1.0212,-1.3509, 1.3975,-0.3322, 0.9398,-1.3037,-4.4389,-3.5303,-0.6151,-1.0207, 2.0586, 2.9406,-4.4536, 0.1332, 1.2784,-0.6213, 3.3424, 2.3149, 1.8781,-2.3408,-4.6769, 1.0002, 3.9930, 3.2378, 1.2943, 1.9589, 4.5627,-4.8843,-4.5408,-3.9768,-1.0135,-0.2068,-0.1143, 0.8376, 1.0981,-2.5479,-2.8982,-3.2977, 2.7818, 4.2279,-4.1775, 2.4075, 1.3808,-3.7884, 2.5192,-1.6512,-0.0347,-1.1313,-1.6833, 4.4188, 4.9367, 1.0810, 4.0794, 4.9347,-4.7142, 0.6025,-1.8883,-1.1329
-2.2622,-0.6428, 1.6193,-3.9857,-2.6292,-0.5456, 1.8182, 3.3778, 1.0419,-1.5763, 2.4434,-1.1634, 3.6986, 0.9643, 3.7423,-4.9122, 1.9927,-3.6960,-1.3595,-1.0415, 2.0764, 3.3013,-1.9438,-4.6474,-3.2515, 4.7658,-3.3487,-4.8260,-2.2137,-4.1516, 0.7117, 3.8933,-0.6277,-2.8722, 0.6478, 3.4474, 4.9795,-2.4840,-3.7926, 2.7861,-0.9411,-3.1540,-3.7574, 4.1415, 3.5624,-3.0555,-0.4849, 4.7378,-4.2659,-1.2002, 0.9876, 1.5912, 2.2519, 0.7994, 2.0333, 2.5471, 4.1174,-4.4775,-1.1283, 1.4866,-0.2340, 0.2622, 0.6402, 3.7263,-0.1949,-3.3972,-4.5784, 2.5096, 1.6524, 2.0784
 2.6069, 3.7569, 2.3965, 4.7187,-1.6725,-3.0349, 4.4504, 0.9807,-4.1849, 4.0787,-4.9084,-0.6621, 4.7037, 2.3243,-4.5630, 0.0089,-1.6811,-3.2438, 0.2211, 4.6740,-3.7503, 4.8598,-4.7585, 4.2647, 0.7895, 1.1835, 1.9894, 0.5725, 3.3411, 2.9730, 3.5348, 4.5363, 0.1866, 3.6124,-3.8074,-0.3578, 1.1536, 2.8207, 0.2544,-3.2960, 0.8519, 2.2955,-3.1704, 0.5935,-0.0437,-0.2901, 0.8113, 4.5904, 2.1352, 1.2731, 2.2839, 3.9591, 0.6891, 4.1073, 4.6595,-0.7725, 4.9304, 2.0247,-2.5662, 0.3844, 3.5201, 2.7287,-1.9776, 4.4069,-2.4636,-1.6735, 2.5473,-4.0968,-2.3440, 1.2905
-0.0973,-1.7870, 4.4192, 1.3330,-0.0504, 1.2668,-4.9292,-1.4606,-0.1468, 3.5466,-4.6502, 4.3306, 2.5195, 1.7096,-2.2918,-0.0528, 1.9957, 0.8904, 4.7463,-4.2321,-1.1105,-2.8912,-4.7969, 2.8051,-0.1561,-0.7993, 1.9636, 1.4006,-2.5235, 1.3426, 1.0085, 0.2353, 4.2818, 0.4892, 4.2890, 4.8202, 2.4987,-3.4501, 1.7370,-0.2445, 0.5424,-3.8377, 4.5355,-4.8131,-0.9592,-3.8703,-1.5252,-0.9844, 1.2751,-1.2779, 1.6205,-2.3378,-0.3096,-2.8793, 3.9693, 0.9056, 1.6393, 0.3807, 3.8040, 3.1245, 3.4478,-4.8050, 1.3010, 4.4488, 3.7487, 4.8024, 3.9042,-0.6387,-2.0315,-3.1512
 4.2223,-3.0737,-2.5589,-4.3105,-4.2989,-2.7718,-3.5330, 4.5149, 1.8425,-0.7890,-2.7788,-2.7249, 2.4590, 3.6518, 4.3539,-1.7903,-4.0355, 3.2541, 3.1643,-1.1183,-1.3802, 3.4065,-1.4859,-1.9120,-1.3928,-1.0367, 1.9375, 2.2262,-1.6386, 4.6317, 1.1179,-2.6104,-2.8872,-1.5672,-3.3751, 2.8936, 1.8997,-1.1970,-0.0905,-2.1165, 2.7070, 4.6776, 0.6341,-0.9644, 3.8715, 1.9068, 3.3642,-3.7645, 2.5533, 3.0455,-0.1948, 3.3315, 0.7075, 3.7974, 0.8277, 1.5962, 3.0651,-3.3682, 0.0619,-4.4444, 0.2576,-4.1102,-1.5923, 3.4051,-2.4952, 3.4768,-4.8112, 2.8989, 0.2885,-3.6505
 0.0915, 1.6775,-2.7313,-1.9164,-2.2438, 2.6875,-0.0769,-1.9382,-2.6078,-2.9781,-3.2658,-3.9980,-1.5770,-4.0206, 4.5656, 1.7570, 2.2438, 2.2659,-2.2349, 1.7276, 4.7879,-1.9836,-3.4932,-2.6312, 2.8400, 4.2085, 1.2915,-4.9104, 0.1481,-3.4302,-2.9364, 4.5038,-4.6150, 4.3121,-3.4215,-3.8810, 0.0088, 1.0207, 2.0803,-0.3572,-0.1590,-1.7880,-4.2254, 3.1058, 0.0187, 4.7946,-2.5063,-0.9974, 0.2305,-3.4751,-4.2387,-4.5254,-2.5691, 2.9832, 1.6175,-1.2281,-2.7221,-0.6584, 3.4913,-4.4614, 2.2618, 3.7863,-4.5998,-2.8652,-0.8745, 4.3163,-1.6042, 4.3210, 2.4946, 3.5899
-3.4681, 2.1914, 4.4074,-3.1160,-0.5931, 4.6705, 3.2450,-4.1478, 2.4401,-3.9703, 3.8372, 3.2062,-4.8168,-4.5825,-0.5966,-4.5473,-2.9365, 0.2946,-2.2336,-4.1336, 3.3452, 4.1461, 2.9141, 3.7960, 4.2357, 1.8793,-1.5127, 2.3617, 3.1554,-2.2793,-3.7555,-3.7040,-2.7363,-3.3067, 2.2782, 2.3823, 2.8183,-1.1387,-3.0851,-4.2640,-0.6844, 3.2446,-4.1956,-1.1246, 2.3246,-3.2280, 2.7073,-3.6883, 0.9794, 3.4789,-2.3605,-4.9605,-0.3058,-2.3271,-0.6760,-3.5982, 2.4333,-0.3524, 2.2955, 1.5348, 2.4683,-4.7640,-0.9176,-3.4272,-3.9696,-3.0887, 4.3979,-3.3349, 1.6214,-2.2431
 3.3706, 4.8036, 2.2801, 2.6555, 4.4652,-4.3652,-0.9790,-3.3325, 2.2343, 0.0117, 4.9042,-2.5678,-2.5629,-3.9027, 3.1935,-1.3437,-2.3839, 2.6381,-2.1526, 3.4291, 2.3785, 1.7436, 1.3904,-2.7938,-2.6985,-3.5055, 0.7134, 2.8986, 2.9847, 3.4934,-3.7383, 1.6213,-2.2620, 0.0928, 4.5033,-4.7187, 0.4133,-4.3168,-4.1610,-1.5855, 3.9712,-3.0124,-4.7792, 2.4105, 0.4674,-3.9238,-1.5788, 1.0593,-4.6388, 2.7595, 2.3064,-3.2892, 2.6343, 4.0332,-2.2523, 4.9020,-4.5771,-2.7972, 2.6000,-4.6757,-2.7819, 4.2282,-2.8733, 1.7315, 1.5128,-1.9781,-3.1559, 1.6093, 4.2763,-1.2253
-4.3397, 2.8657,-3.7544,-4.0229,-2.9071, 2.4677, 2.8278,-2.4564,-2.3923, 2.9919, 3.0365,-1.8319, 4.5891,-2.2926, 2.0472, 1.3030,-4.8422,-4.8129,-4.1078, 1.9826,-1.0817,-4.1907, 4.6657, 2.0237, 2.9389, 2.8217, 1.6157, 3.8104,-0.0393, 3.2609,-1.4330, 4.1643,-3.8287,-4.5761,-4.0152,-0.8886, 1.2635,-3.5819,-2.1223, 4.4297, 0.9331,-0.4376,-1.8092, 2.0320, 1.4132, 2.6657, 2.2298, 1.6583, 2.1411, 1.1955, 0.2319, 4.5748,-2.1037,-4.8665,-4.9452, 3.3763, 3.0163, 3.3279,-1.9097, 2.3937, 3.4647,-3.6729, 0.3318,-3.2005,-0.3011,-0.2828,-1.8766, 3.8181,-4.8147,-3.5416
-0.0891,-1.0783,-4.1587, 0.1022,-1.6641, 4.2021,-2.7524, 2.1020, 2.4235, 4.5959,-0.2739, 1.4618,-3.3627,-3.4316,-4.8685, 4.6135,-2.7972, 2.0489, 1.8498, 0.9843, 1.6350, 2.4958, 3.9172,-2.4301, 0.4694, 1.8549,-4.6539,-4.0307, 3.9197, 4.5719, 1.9326, 0.9248,-3.7506, 2.7628, 2.3762,-2.7838, 4.1515, 2.3341, 2.9406, 4.1578, 2.3459, 2.6291, 0.3079, 3.6580,-4.4318, 0.6599, 3.0295, 1.8723,-2.3233,-2.9192, 1.7965,-0.9391, 0.6543,-1.2775, 2.1507, 0.4743, 1.4632,-2.2680, 3.2264,-1.8126, 3.4386,-4.7971, 2.4909,-0.4476, 1.3379,-3.4443,-4.9178,-4.9786,-2.2230,-2.6274
