 4.1398, 3.9619,-3.4629, 1.7044,-1.4872,-4.2286, 0.5127, 1.0361,-0.5384,-2.2831,-4.0797,-3.7639,-3.6501, 2.5082,-3.3079, 1.2822,-0.5736, 0.6430, 3.7812,-4.1236, 0.6648,-4.0933, 0.4749, 4.0799, 2.8859,-3.7441, 3.2182,-1.5086, 0.5820,-2.1744,-1.2519, 3.2417, 4.5086,-1.3218,-3.2917,-1.1835,-0.5114, 2.7057,-0.5550, 4.1313,-2.6869, 4.8405, 3.7057,-2.4022, 2.8863, 2.6660,-0.7262,-3.3579,-1.6487, 3.2636,-2.2266, 1.1226,-4.9055, 1.3259,-4.4161, 4.6392, 4.5608, 3.8375, 1.6469, 0.1009,-3.1677,-1.6284, 0.4611, 1.1227, 1.3086, 2.3082, 3.6512, 3.0009, 1.3521, 1.9006
-2.5105, 3.9690,-4.5493, 2.3451,-2.0356, 2.7818, 4.5561,-3.0816, 1.2995, 4.0469,-4.1415, 4.2594, 4.4683, 0.4859,-3.6303,-4.7782, 4.1232,-0.6283,-3.4104,-1.6657,-4.2068,-0.0330,-3.2365,-1.9044,-4.0305, 2.4997, 2.3649, 1.7557, 0.4131, 3.7403, 1.1686, 2.9902,-3.8792, 3.8690,-3.8990, 1.3927, 0.1960,-2.4548, 0.9685, 4.7729, 1.2852, 4.1364, 4.3908,-4.8112,-2.4855,-0.3525,-3.0439, 4.2283, 2.2004,-4.5201,-2.5061,-4.9731, 4.1383,-4.0088,-3.4868,-3.2408,-1.2332, 4.5763,-2.0391, 0.9266, 0.1112, 3.7935,-0.3822, 3.3831, 1.2803, 2.3424,-1.5776,-1.6472, 0.0106,-4.6635
-4.0354,-2.3700,-1.7308,-4.6937,-3.1175,-1.0883, 1.6972, 3.4810,-4.8406, 4.2998, 1.9181,-4.3347, 1.8766,-0.6371,-3.3636,-3.4103,-2.5566, 3.1140,-2.0406,-2.0379,-0.4709,-4.1939, 4.6572,-2.1764, 1.7512, 1.2415, 4.7251,-4.4464,-4.8447, 0.9275,-3.7997,-3.1214, 3.5243, 0.1797, 2.9413,-4.4727, 3.6525, 1.6498,-4.3252,-0.1084,-1.4665,-1.6458,-0.9238, 2.6494, 0.1626, 4.1772,-1.5171,-3.5688, 1.0293, 2.9448, 0.3357,-2.4458, 4.3869,-0.8321,-4.2247,-2.3373,-2.4609, 2.8799, 2.7260, 0.3996, 0.9570,-2.1639, 0.5556, 2.1450,-1.2703, 4.7280,-0.0125,-0.3600,-4.8743,-2.6512
 4.6226, 2.2934, 3.7193,-2.4479, 0.5977,-3.6339,-2.9377, 1.2801,-4.4868, 0.4863, 1.2857, 1.5433, 3.3833,-3.5661, 2.3481,-2.0980,-0.5013,-0.1659,-0.3733,-4.5053, 4.0454, 1.5761,-0.3299, 0.3403,-1.6531,-3.3263, 1.2836,-4.8455,-2.5040, 0.7658, 0.9676,-1.2804,-3.7616,-3.1737, 0.3218,-2.6341,-2.5925,-2.1075,-4.2065,-4.7884, 3.2437,-4.8626, 0.8411,-4.9763, 2.0081, 4.9599, 0.6541,-4.4220,-0.7718, 2.9674,-4.5903,-1.3204, 2.6682, 4.7770, 1.0299,-0.7462,-4.3523, 2.2934, 3.9412,-0.9249,-1.2588, 4.7881,-2.7656, 1.0797,-1.7329, 0.8413, 1.1784, 0.6134,-1.3278,-0.2623
-4.3479,-4.1691,-2.2272, 1.6188,-0.1546,-3.7950,-0.9896, 2.1747, 2.0725, 4.1716, 4.6570, 1.2212,-0.0570, 0.7209, 0.5412, 2.1011, 4.3951,-3.7087, 2.4298, 4.6339,-0.8444, 0.7920, 0.8614, 3.9989, 4.4868,-2.5470, 1.1867, 3.4480, 3.7705,-1.1518,-0.1023,-0.0791, 4.0957,-3.6688, 1.8106,-4.3811,-0.2029,-1.4276, 0.6841, 1.2729, 3.4271, 0.9838, 3.4484,-2.9026,-0.2272, 2.9942,-3.0925,-3.4743, 3.3940, 4.1944, 0.1875,-0.1725,-2.4905, 4.9544,-2.2299, 2.9818,-1.2345,-4.9211, 4.2418, 0.3891,-3.4815, 2.4814,-0.9368, 2.1741,-1.4706, 4.1721, 1.1722,-3.0622,-2.5274,-0.7461
-1.7469, 4.6832, 3.0552, 0.5036, 3.4913, 3.7087, 3.0817, 1.3928,-1.7340,-1.5443, 0.1937,-3.4603,-1.4093, 2.1779, 2.1969, 2.3361, 1.6894,-3.6619,-4.1855, 2.6386, 4.8496,-2.5067,-3.1045,-3.7164,-4.6088, 3.2943, 1.1360, 1.2470,-1.5193, 1.0331,-4.6040, 1.2859, 2.0383,-0.0016, 3.4348, 3.0152, 0.4712,-3.7851,-3.8375, 1.5547, 2.0245, 1.7904,-1.2450,-0.9524,-3.7037, 0.6135,-2.7676,-4.9726, 3.6395,-3.6682,-0.4914, 4.1759,-2.9882, 3.4453,-0.6756, 2.4977, 4.6592,-0.6640,-1.2266,-3.8776, 3.1135,-3.9510, 0.2167,-4.5356,-1.9186,-3.1489,-0.9857, 1.2572, 3.8653, 4.4375
 4.1018, 3.0484, 0.1589,-2.4764,-3.7845,-3.6585, 0.5772, 3.3089, 3.7699,-3.5430, 1.4840, 1.3188, 4.7237, 3.0146, 3.1025,-4.0108, 0.0988, 1.1591, 4.7278, 1.7398, 0.1800, 4.3754, 2.1479, 0.0769, 4.6129, 3.4987, 1.5157, 2.2811, 3.2729,-0.3334, 1.9674, 3.3076, 0.3178, 1.3016, 3.6541, 3.1244,-4.2423, 0.0242, 1.3851,-3.2518,-1.6383, 3.3033, 2.5167,-4.5093, 3.9641, 2.9003,-1.8930, 1.0691,-4.3226,-2.1401,-0.5374,-2.3327, 4.8234,-0.8351,-0.0099,-1.6003,-4.1823,-0.9354,-4.6012,-1.8819,-4.2013, 4.0025,-0.5072,-0.0384,-3.1902,-3.5211, 4.5234, 2.4107, 0.6900, 0.1604
-3.2926, 0.9915, 2.6192,-3.8960,-4.4068, 1.4267,-3.8147, 4.4019,-4.7539, 3.9420, 1.2974, 0.1484,-3.9548,-3.4068, 1.1936,-1.3145,-2.6372, 2.7605,-3.5019,-0.7894,-0.3910,-0.4590,-3.3764,-3.1756,-4.3773,-1.5787,-0.6129, 3.5531, 0.0687,-4.5815, 4.0233,-3.4278, 1.7757,-1.1798,-4.1886,-2.5123,-0.6370, 2.8672,-3.7313, 1.1581,-0.7010,-2.0253, 2.4372,-2.2632, 0.9624,-2.3586, 2.6111, 4.0108,-3.1667,-3.3148,-3.3492, 4.3354,-3.9443, 1.9498, 0.7966,-1.8178,-0.3113, 4.7241, 4.0401, 3.9632,-3.4506,-2.9495, 2.4004,-3.0143, 0.3490, 2.3394,-4.6767, 0.2197, 1.1681, 0.5087
 0.5919,-0.2185, 2.6012,-1.8092, 0.7516, 4.0633,-1.2514, 1.8488, 0.6850,-3.1062,-2.0869,-1.4311, 4.4993, 0.7157,-3.0290,-0.4440, 3.9508,-2.1376, 2.5159, 0.0520, 2.2314, 2.7950, 2.4354,-3.0669, 1.2607,-2.6894,-4.6931,-4.5125, 1.3792,-1.3956, 2.7164,-3.2956,-1.4868, 4.8087,-2.0116, 3.2570, 1.1496, 4.0365,-1.8853, 0.7177, 4.2601,-1.3749,-3.8819, 4.3391, 3.1418, 4.5138,-3.6956,-3.0276,-0.6252,-1.3073, 2.9140,-1.1652, 1.8380,-3.0682, 1.9302,-3.0370,-4.4513, 0.0425, 1.1470, 2.7052,-2.5802,-4.3622,-4.2603,-1.9936,-4.7394,-2.6147, 4.6300, 1.4032, 0.1787, 2.4101
 4.7796, 2.1577,-4.1240,-3.2194, 4.7672,-2.6181, 4.6507, 2.7583,-1.5077,-2.3166,-2.3194, 2.4994, 3.8570,-2.4211,-1.6349,-4.1426,-4.2221, 4.8456,-4.6919, 4.0517,-0.0815, 4.4583,-0.1639,-0.2721,-1.7340,-1.0462, 3.4548,-4.7506,-4.9727,-2.6972, 3.6977,-4.3805,-1.6282, 2.8764,-1.3694, 0.6445, 0.7758, 1.1536,-1.8762,-0.7489, 3.0122,-2.9124, 4.2424,-1.1308,-1.4776, 3.2980,-0.1877, 0.5486, 4.6944,-1.2007,-0.7671,-4.1440, 2.8548, 1.7895, 2.9501, 1.8123, 3.4063, 1.7061, 0.5512, 3.5444, 3.3433, 0.2491,-4.6077,-0.5659,-2.0685,-4.1556, 0.6861,-3.5665,-0.8807,-1.4542
-3.6692, 0.6639,-4.8753, 0.6470, 2.5895, 2.8141,-2.3285, 3.5678, 3.3083,-4.8928,-3.7611, 0.3860, 3.4394, 1.9548,-4.5933,-4.4272, 3.1913,-2.2637, 2.6760, 3.5112,-0.7715, 1.9086, 1.9348,-3.0468,-0.1945, 1.7219, 4.9573, 0.6078,-0.2871,-3.0482, 2.7421,-0.0628,-4.9038, 3.3582, 0.9626, 2.4782,-1.5370, 0.6637,-4.3044, 2.2140,-2.2189,-2.6686, 0.9866, 1.3794, 1.3647, 2.0639,-2.6624,-2.3371,-3.3683,-4.1233, 2.9515,-3.4450,-4.9135,-1.1368, 0.5075, 3.1943,-2.2419,-2.7696, 2.0665, 4.5936, 4.7179,-1.4840, 0.7652, 4.8101,-2.2050, 0.0585,-1.2027,-3.1245,-2.6412, 1.8739
 4.3011,-3.0256, 4.6795, 4.9496, 1.1136,-0.0028, 4.3812, 4.1271,-1.1307,-4.2980,-2.1808,-2.3342, 2.7774, 3.6230,-3.9107, 3.6373, 1.3753, 2.1147, 0.1989,-2.4298, 0.1954, 0.0758, 0.2183, 4.6105,-1.5504, 4.8039,-4.4857,-2.8210,-0.1322, 0.6140, 1.6252, 1.8527,-1.4929,-0.0508,-0.6076,-0.6216,-1.4241,-1.3935, 3.6191,-3.9960, 1.7366, 4.5715,-1.3658,-1.3615, 1.3539, 3.9253, 0.1635, 3.6311,-0.3978, 3.9586, 1.4758, 0.8042, 3.3156,-4.9520, 4.2057, 4.6839, 3.9714, 2.7683, 2.3385, 1.5989, 4.3479,-3.4238, 2.8434,-3.5168, 1.8146, 0.2158,-4.6664, 1.8580,-3.0329, 0.3659
 1.2448, 3.6128, 1.3596,-3.2300, 2.7698,-0.4633,-0.4318, 3.3090, 0.8771, 4.9028, 0.3370,-2.0846,-0.9904, 3.7867,-0.2618, 4.8667,-2.6188,-3.4618,-3.7958, 2.2913, 0.8899,-1.8399,-0.0886,-1.1714, 4.8837,-1.3115, 0.1386, 4.3619,-3.2792, 3.2836,-4.6109, 2.2798, 4.7470,-1.4372, 4.4286,-1.8581, 0.5492,-0.1421, 2.0446, 2.6008,-1.5929,-1.7373, 1.7789,-2.0331,-1.5866,-0.4449,-1.2820,-2.3407,-3.6740,-0.6471, 3.2088,-2.3356, 3.9752, 1.5418, 4.4583, 0.2872, 3.9178, 2.2012, 0.7845, 2.8094, 3.4961, 4.7475,-0.6880, 0.9560, 2.4576,-3.5357, 1.6263,-0.3322, 2.4787, 3.4980
 4.4782, 2.9345, 3.4601, 0.8265,-4.3526, 3.7181,-1.0426, 1.2695,-1.6769,-3.0065, 3.3824, 3.1359, 2.3518,-2.0753,-2.1331, 2.6338, 4.3046,-2.3417,-0.9185, 3.9725, 1.1515, 2.4431, 4.8728, 4.0211,-3.0048, 2.0041,-3.7149, 4.3658,-3.2216, 4.2852,-4.3504, 3.7315,-2.4298,-0.8835,-4.6254, 3.2239,-0.2220,-2.3005,-1.6261, 4.8001, 2.9947,-2.3453, 1.5225,-1.1047, 4.4146, 2.3890, 3.8968, 2.5077,-2.6590,-3.4705,-1.1681, 0.9134,-1.5762,-0.1615, 3.9611, 3.3002,-4.9655, 2.4674, 4.6639, 1.2368, 0.8854,-0.2818, 4.9589,-4.7154,-3.5276, 0.2095,-0.6783, 1.5330,-2.4978, 2.1423
 4.4225,-2.0873,-0.7143, 0.2043, 1.8285,-3.0653, 4.4500, 0.1773, 3.6796, 2.2112, 0.1192, 4.2320, 3.8999, 0.2356,-1.4877,-2.1298, 0.3377,-4.2750, 2.2362, 2.1655, 0.7836, 0.7063, 0.9021,-3.6178,-1.5651,-2.1774,-4.4777,-3.5112,-4.0456,-3.4915, 3.1412, 3.2757, 3.1396, 0.4924, 4.0734, 1.9484, 3.2747,-3.8865,-2.1324,-0.5995,-3.7253, 2.6611,-2.4579, 2.2198,-4.8587,-1.1622, 3.9669, 4.9584, 3.9860, 1.0872,-2.0736,-4.2165, 3.2651, 1.2470, 3.8157,-3.2942,-0.0017, 0.7677,-1.0806,-2.5943, 0.7975,-4.9182,-3.5443,-0.9205, 4.4937, 2.9650, 1.0356,-2.1906, 3.1036, 3.2931
 0.6489, 4.0903,-3.1580,-4.6577,-0.3165, 1.1721,-0.4952,-2.5905, 0.6129, 3.2894,-1.3419, 1.4647, 2.5584, 0.2779,-1.1438,-4.3995,-3.9016, 3.4476,-3.4656, 0.0371,-2.9996, 0.9407, 1.6760,-0.0537,-4.6520,-3.6886,-3.9510, 2.2381,-1.0646,-2.5541,-4.6727, 3.4889, 2.2954,-4.5318,-1.6547, 3.3172,-0.8823,-1.1498, 2.6575, 1.0480,-3.3745,-2.6351, 4.7613,-4.4122, 0.8057, 0.1532, 0.4645, 2.4175,-0.0551,-1.9819,-1.7160,-3.1298,-0.2075, 2.5436,-2.0143,-0.5212, 3.9127,-2.9624,-0.6590,-2.7249, 0.8620, 1.9485, 2.8766, 4.7295,-2.6362, 3.4529,-4.7436, 2.8708, 1.6785, 4.9553
-3.4765, 4.8431, 1.8760, 4.0183, 3.2484, 2.7772, 3.1124,-1.1357,-4.1848, 2.4932,-3.7508, 4.0547, 1.3821, 0.9809,-3.0942, 4.6769,-3.8207,-4.8729,-2.5794, 3.8161,-1.6401,-4.9321, 0.9572,-0.7759,-2.2887,-4.6556,-2.0882,-3.9825, 2.9893, 3.6625, 4.0700,-3.4807,-4.9504,-0.1853, 4.6410, 1.2821,-1.7935, 4.7688, 1.3656, 0.2591,-4.3740, 4.7835, 0.8882,-0.3761, 3.0939,-3.6000,-2.6989,-4.4596, 4.0411, 4.2786, 0.4471, 2.4907, 4.9570, 0.4018, 2.3773,-2.5267,-3.3308, 1.6478, 2.0956,-3.5467, 0.0534,-4.8077,-1.8795, 3.5007,-3.0217, 1.5217, 4.2610, 3.8559, 3.0734,-4.9752
-4.8794, 1.4030,-1.1914, 3.3016, 0.9914,-3.5305, 3.7260,-2.0645, 1.7379, 0.4105,-3.0902,-0.8981, 1.0812,-0.1630,-1.1838, 3.3180, 4.6215,-4.2329,-1.9179,-1.4319,-3.6484,-0.4824, 4.6195,-3.5627,-3.3931,-1.1416,-0.3879,-4.5818, 4.8566, 0.0913,-0.2128, 3.2887,-1.4944, 4.6458,-4.1892,-1.8812, 4.4234,-3.9558,-1.9503,-0.1771, 1.2688, 3.4206, 4.4899,-2.1355, 0.4778, 4.3001, 3.6757, 2.6640,-0.6305, 2.0344,-4.1886, 0.2926,-4.3966,-1.1423,-4.6463, 4.9920,-4.0354,-1.1950,-0.2354,-0.8029, 4.3038, 4.4080, 2.3758, 3.8671, 2.2440,-2.8888, 2.0352,-4.4630,-1.3608, 2.2547
-3.7114, 0.0743,-2.1575,-0.4724, 2.0936,-4.7113,-1.3549, 2.0276, 3.5257, 4.0333, 2.0075, 4.3489,-4.8868, 1.1411,-1.6165,-4.7472,-4.2992,-0.1053, 4.7902,-4.8702, 1.2462,-1.4327, 3.2535,-4.7805,-2.4281,-2.5606, 4.6318, 3.6632, 1.7746, 2.4180, 3.0776,-2.5143,-1.4870,-2.6338,-1.5158,-4.8020, 4.4055,-4.6574,-0.9503, 1.8752,-2.9241,-3.8675, 4.2853, 4.2696,-1.5982, 2.0991, 3.1684, 2.1975,-2.1575, 1.4985,-1.0372,-3.4092,-1.8680,-1.7530,-3.7067, 4.6006,-0.6220,-0.4238,-1.2418,-1.1108,-4.2281,-1.4331, 3.8918,-3.1150,-0.1800, 4.1842, 4.7608,-1.0601,-4.0735, 3.5390
 2.1679,-3.6194, 2.3373, 2.8689, 4.5611,-1.7252, 1.5408,-1.3507,-4.2654, 3.2564,-3.6158, 4.5198,-3.7210, 4.0756,-3.7423, 3.2305,-2.4517, 2.4728, 1.2260,-0.5439,-4.7329, 0.1308, 0.3088, 1.9469,-3.9774, 4.2539, 3.7857,-0.8985,-3.3045,-3.7904, 4.5910,-4.9846, 0.0986, 1.2238,-3.2022,-1.2333, 4.5956,-2.8176, 3.5428, 3.4454, 1.5364, 1.9760, 3.1095,-0.0758, 1.6256, 2.2223,-0.1914, 2.4596,-2.6465,-0.4584,-4.3849, 3.2263, 4.5130, 3.5334,-0.9462,-1.8041, 3.8512, 3.7037,-3.7491,-1.7507,-3.1269, 1.5281,-4.9994,-4.2967, 4.7679,-0.8610,-0.9896,-3.4193,-1.9778, 4.8806
-0.4474, 0.3528,-4.5366,-2.7596, 2.2806, 2.2060, 0.8180,-2.0836, 0.1776, 2.7742, 1.9567,-3.9179,-0.0284, 3.8645, 2.4123,-4.9035, 3.9431,-3.9870, 3.7930,-3.5181,-2.1268,-3.9949, 3.6099, 2.4169,-2.3129,-2.5107, 2.7356,-0.2370, 2.0426, 3.0183,-3.9378, 2.4861,-2.7817,-4.8446,-2.2037,-0.9317, 1.1851,-4.0334, 2.7486,-4.6800,-2.6676, 4.4888, 1.8411, 0.8954, 3.5822, 3.3658,-1.4056, 3.2389,-2.0855, 4.8213,-4.0660, 2.5285, 4.2542,-2.7598, 2.5432, 2.2440,-4.8980, 3.1643, 0.0674, 0.0780, 1.5319,-0.9575, 0.0648, 0.4233,-0.0228,-0.2093, 1.2607, 0.8177, 3.8642,-2.0497
 0.9296, 0.9262, 3.1357, 2.1834,-3.8351, 0.7518, 1.1087, 3.2526, 2.1491,-3.7979,-3.2280, 3.9229, 0.7508, 0.6346,-2.6530, 1.1411, 4.4419, 2.1497, 0.7339,-2.0115,-0.2479,-0.7180, 1.2817,-1.2430, 0.1738, 1.6795,-1.2793,-2.5862,-1.6202,-2.5506, 4.7089,-0.9991,-1.1252,-4.1569, 4.5112, 2.4791, 1.0012, 4.9271, 0.0223, 3.7434,-4.6423,-4.9937, 2.6638,-0.7612, 3.5668, 3.0077,-3.9710,-0.2741,-3.2398, 0.9698,-4.8459,-1.8204, 3.0519,-1.3885, 0.0150, 3.5997,-4.8174,-1.9027,-0.7861,-0.8389,-3.1005,-0.1193,-2.9858, 2.8320,-4.9095,-3.9551, 2.4663,-1.8529, 3.2672, 4.2200
-4.2913,-3.1332,-1.3134,-1.4254,-0.2299, 0.1920,-1.2880,-4.8340,-1.9490,-3.8653,-1.8907, 3.2917, 3.5064,-0.8774, 3.4618,-3.9277, 0.6730,-2.0129, 2.6585,-3.3234,-2.3796,-4.8926, 2.9916,-3.8574,-4.8149, 4.8385,-4.1580,-0.2952,-1.8042,-0.9888,-0.9599, 0.2195,-1.3303,-1.6810,-4.3787, 1.2891, 4.6908,-0.2058,-3.7498, 1.4111,-1.9463, 3.0555,-4.1794, 2.8867, 0.3641,-3.7818, 4.1020, 4.1268,-3.4197,-4.5716, 3.2886, 3.7399,-0.8850, 3.8242, 2.2259,-1.9913,-4.3153, 3.0753, 1.7113, 2.9251, 4.2231, 0.8416,-2.7935,-0.5484,-0.4831, 4.7677, 1.4406, 0.8623,-0.1184, 1.8371
-3.8389, 2.3340, 4.4409,-2.8434,-0.4299,-1.6904, 3.2296,-4.3760,-3.9828,-0.1522,-4.8908, 0.4566, 0.8831, 4.9844,-2.0369,-2.9423, 1.8185,-0.4231,-4.3279,-1.2233, 1.1001, 2.1135, 1.8365,-3.0145,-0.2134, 1.4368,-4.9879,-2.6417,-4.0606,-3.0331, 2.5315,-0.0223,-4.5088, 3.5865, 3.7369, 2.2675,-2.2576,-0.9766,-1.8166,-2.0872, 2.5242, 0.7762,-1.9924,-3.3420, 3.0816, 3.3075, 2.8434,-1.7678,-1.5334,-3.6224,-1.1291,-0.7537, 4.2366, 1.0929, 1.6578,-1.6305,-4.5406, 4.1855,-1.7711, 4.0617,-2.0997,-0.0006, 2.3923,-3.0144,-0.9863, 0.1637, 4.7760, 1.0029,-1.0855,-4.1161
-0.1886,-3.6478, 4.3862, 0.7908, 4.0919, 3.5714, 0.5192,-1.2383,-2.1675, 4.1240,-0.4484, 1.7625, 0.1099,-0.6120, 0.5705, 3.9987,-2.8501,-1.4215,-4.3455, 2.6339,-3.0723, 0.1307,-3.8680,-3.3966, 2.7107,-1.2366,-4.1079, 0.0754,-2.6342, 1.2909,-1.2748,-1.0644,-2.8498, 2.9569,-3.8909,-1.2683,-1.1153, 1.1054, 0.6753,-1.6982,-0.1508,-2.4195, 2.7313,-3.9899, 3.5586,-3.8524, 4.5952, 4.5685, 0.7009,-1.2600, 2.2003, 4.7405, 1.2732,-3.1153,-1.6773, 3.1444, 1.7990, 3.6328,-3.9815,-4.8847, 2.1820,-4.7152,-2.7626, 3.3829,-1.4388, 2.5049, 4.2047, 2.0299,-3.6457,-3.0048
-0.4458,-4.0441, 2.7355,-2.3321, 3.3697,-4.8778, 2.4085,-3.2614,-2.3842, 2.7813, 1.3545, 0.6363, 4.7455, 2.8978, 1.1532,-1.6992,-2.8354, 1.2497,-0.9916, 3.1020,-4.2889,-1.8493, 1.4370, 1.4280, 1.0998,-4.0436,-2.1260,-0.4162, 3.8230, 3.2460,-0.7976, 3.6540, 0.1478, 0.5779,-2.8772, 3.0175, 2.6907, 0.8034,-0.4039, 1.4626,-4.5556,-1.5192,-2.6795, 1.0488, 0.7117,-2.8802, 1.2810, 2.3005, 3.1597, 4.8887,-0.0998,-1.3823,-2.6264,-2.8396,-2.6175, 4.0578,-3.8128,-4.6056, 3.7779,-3.0492,-2.2151,-1.6490, 4.2436,-4.1944, 4.2030,-1.1792, 1.6351,-2.0841, 4.2551,-0.7671
 0.2940,-4.8688,-4.8703,-1.0064,-1.4344,-1.2216, 2.9333, 4.6138,-3.2934, 0.9577, 2.6686,-0.0449, 2.9217,-1.1193,-4.1776, 4.0979, 4.4988, 1.7631, 4.4807,-3.6296, 0.0381,-3.2717, 2.0994, 4.9466,-0.8599, 3.3739,-0.6490,-3.4951, 4.9608, 0.1633,-1.2048, 0.1039, 2.1619, 1.3694,-2.5104, 0.3350, 2.5402,-3.1531, 4.9118, 2.3845,-2.8189,-2.9676, 4.3828, 2.0704,-4.3151,-2.9504, 1.6197, 1.1906, 1.3966,-3.3696, 4.4968,-1.7236, 4.3899, 3.7849, 0.2593, 3.6355, 2.2434, 1.9598, 0.5807,-1.8625, 4.1632,-0.5737,-4.8934,-3.3694, 2.1125, 4.2408,-3.4632, 2.6384,-3.0074,-4.4064
-4.6271, 1.8821,-3.3186, 2.3577,-4.9987, 4.7396,-2.8125,-3.6704, 2.6666,-1.6536, 3.1901, 1.2913, 3.3678,-3.1884,-3.2302,-3.3980,-1.5948,-4.1018, 2.7074, 2.9613,-3.6388, 1.0051,-1.0624, 1.0108, 1.0176,-0.2147, 3.7924, 2.3808,-2.3810,-0.3708, 2.5574,-1.4589, 1.0193,-2.2953,-2.9044, 2.5079,-4.8896,-2.9220, 0.5465,-1.8257, 4.3739, 3.7434, 2.9084, 3.9015,-4.6466,-2.4446,-3.8499,-0.8037,-4.7123, 0.5674,-2.7194,-2.1643,-1.1853, 2.8425,-4.5496,-1.8067,-3.8846,-3.0451,-3.7270,-1.8514, 2.2912,-0.1921, 0.9833, 3.5358,-1.0145,-1.6288,-4.0381,-4.3033,-0.8460,-2.4098
-1.3456,-3.1518, 3.1392, 2.5653, 2.1222,-1.7405,-3.2831,-4.8023, 3.0162,-2.9757, 4.5951, 3.4973,-1.1646, 4.7812,-4.9127,-1.6499, 0.3698, 4.5737, 0.5574, 4.3621, 1.0419, 1.7586,-4.9303, 4.0945,-3.5814, 2.7828, 3.6637,-0.2322,-2.3051,-3.9834, 1.8581,-3.6055,-4.3745, 4.3182, 4.5143, 3.6771,-1.5155, 4.6921, 3.2418,-4.7724, 0.7165,-1.2756,-2.3995, 3.2097,-4.3364, 2.9176,-4.3845,-4.3122, 4.7143,-2.0205, 3.5308,-1.9057,-1.4707,-3.4920, 3.7104, 1.4564, 0.4708,-1.0345, 0.7398,-3.6846,-0.0476, 4.9709, 1.7112,-4.0029, 3.6194,-1.0741, 2.7349, 3.0373,-0.5340,-4.1216
-0.1177,-0.0355, 4.7163,-1.0433,-3.8449,-1.0629,-3.1941,-1.1103, 0.1856, 0.1532, 0.7709,-1.3465, 2.7217, 1.7080,-0.6785,-1.7490,-2.8276,-0.4381, 3.5253,-0.3676,-1.3254, 3.6271, 4.2104,-4.6204, 4.0402, 2.1666, 3.0327,-0.4395, 0.5533,-4.8592,-0.9020,-2.8050,-2.3052,-3.4109, 2.7690, 4.7098,-3.9629, 3.4179,-3.7797, 1.7060, 4.7239, 0.3695, 2.0377, 4.2146,-1.3396,-1.4789, 0.8279,-2.6626,-2.8663, 4.6866,-0.0213,-3.5100, 0.0018, 1.0650, 3.8882, 1.7529, 2.1425,-3.9764,-3.0235,-2.7604, 1.5156, 3.5718,-4.1220,-2.3473, 4.8269, 1.9260, 0.1206,-0.6326,-4.2227, 2.0753
 3.3666,-3.9101, 4.0089, 4.5516,-0.0625,-2.0903, 3.9187, 1.0695,-4.9864,-0.3809, 0.7209,-4.3509,-2.5687, 1.3397,-1.7590, 1.2356, 3.7355,-4.8608, 3.8506, 4.5684, 4.0420, 2.4940, 3.6331, 4.4994, 0.7498, 4.0628, 0.7489,-1.9557,-4.8004,-2.1715, 1.5059, 4.4471, 3.5260, 4.1746,-0.7842, 2.4754,-3.6952, 0.1655, 4.4103, 1.3048,-4.9645,-1.1658, 4.5833, 4.7170, 1.9736, 1.3190,-1.3647, 4.4606, 2.4829, 4.2215,-4.3334, 1.0956,-4.4786, 4.6949,-3.0216, 2.9299, 3.6556,-2.8355,-4.9998, 1.1737,-0.7293, 4.1378, 0.2522, 4.2472,-3.8192, 4.0602,-2.1975,-2.3331, 4.1108, 2.0314
-1.9138,-1.3948, 0.0962, 1.4783,-0.0597,-0.2628, 0.2803,-3.8763, 2.3469, 2.3259,-0.2084, 1.9788,-3.9876,-2.3805, 4.5345, 0.6855, 0.2798, 0.5537, 1.4875,-3.9987,-1.9615, 1.0759, 2.2348,-0.2230, 2.0227, 4.9733, 2.1384, 4.7633,-3.4563,-0.5564, 3.1459,-1.2477, 2.8713, 1.0087,-4.1720,-2.6064, 2.1185, 1.7161, 0.2320,-1.9710, 3.4359, 0.8666,-2.3311,-3.6135, 0.6173, 0.2612,-3.3899, 3.5715,-0.2810,-2.5554, 2.8967, 1.1814, 4.4322, 3.2955, 2.6430,-4.7784,-0.7927, 3.1406,-1.5525,-1.5202,-0.2844,-3.6414, 2.8142, 4.7473, 3.2634, 4.1345, 0.0490,-1.7068,-3.7796, 2.1258
 2.4681,-3.6758, 0.1348,-4.8196, 3.7433,-1.5504,-4.0924, 0.6114, 2.5602,-1.8094,-4.0042,-3.0486,-3.5359, 1.3548, 1.9212,-3.7237,-3.6117, 2.6307, 2.5093, 2.7164, 2.3741, 0.0411,-2.3686, 3.4151,-2.6280, 2.4356, 4.3045, 1.2547,-0.0207, 2.6529,-2.7195,-1.6080,-2.1373,-1.7648,-4.5021, 1.2157, 3.2572,-3.4693, 1.4945,-3.7771, 0.9907, 1.6935, 3.9768, 4.1349,-0.6131,-2.0801, 4.6566,-1.3734, 4.4012,-1.6999,-3.2625, 1.8447, 0.6523, 4.1133, 0.1676, 0.4208,-0.9858,-3.0307, 4.4261,-0.4210, 1.3075, 0.8447, 1.4011,-1.3681,-3.4160, 3.5240,-4.5639, 2.0249, 1.1082,-2.7261
 1.3136, 4.5616,-0.3115,-2.0039,-0.7545, 0.6345,-4.7766,-3.6850, 4.6631, 2.4592, 2.2988, 2.7213,-2.6862,-1.7701, 0.8718, 0.2987,-4.2047, 1.7618, 2.1539, 1.8852,-3.1447,-1.7996,-0.7218,-0.1163,-3.4551, 0.4181, 3.9511,-3.4444,-2.5390,-4.5505,-4.6966, 3.3765,-2.2912, 0.1872,-0.6171, 4.6480, 2.6269, 2.9321, 0.7132, 4.8138, 0.0856, 0.8235, 1.4585,-3.7875,-4.5228,-0.8659, 2.0276,-0.1180, 4.3939,-1.3003, 2.0580,-2.3883, 3.8207,-3.8379, 0.9970, 3.2558,-4.8873, 1.1616, 0.6938, 4.6443, 4.7264, 1.2725,-4.7722,-2.0887,-0.7701,-0.2177,-2.1047, 4.8983,-4.0214, 4.0021
-1.6471,-1.3393, 2.8685, 4.2113,-1.5401,-4.8538, 2.9661,-2.6484, 3.8370,-4.3958, 0.0803,-1.5029, 2.8474, 3.4886, 4.8770, 2.1087, 3.5743,-2.2866,-4.5742,-4.8691, 1.0335,-3.0675, 1.9572,-4.0522, 3.5704,-1.8196, 4.7270, 4.9200,-3.8341,-3.1826, 0.7975, 3.2443,-4.5148,-1.3449, 4.0081, 0.2452,-3.6340,-0.0129,-2.3969,-1.8662, 2.2646, 3.3801, 0.8004, 3.8244, 3.4099,-3.6587, 2.0061, 0.7502,-4.2922,-3.8516,-2.3425, 0.2798,-3.5137, 3.5890, 1.2208, 0.2543, 1.7973,-1.1082,-0.6529,-0.3981, 2.4227, 1.2911,-4.5060, 2.4017,-1.2534, 3.7260, 4.7673, 2.4145, 1.6512,-2.3354
 4.4357,-3.1389, 0.5648, 4.8420, 0.1792, 3.2076, 1.8520, 2.4204,-2.0884, 2.7248,-1.4854,-0.2273, 4.9044,-4.1839,-1.7935,-2.1674, 4.5496,-2.1960, 3.3114,-4.9783,-4.8140,-4.7525, 2.1421,-1.5062,-4.2045,-1.2730,-0.8628,-4.8206, 3.8574,-1.4541, 1.5212,-3.2888, 3.0621,-3.6547,-4.3963, 1.5900, 3.8794,-1.9325, 1.7536,-1.9834,-0.1426, 3.1883,-1.5776,-1.7985,-0.3122,-0.0968, 1.6657, 1.2466,-3.4720,-1.5655,-3.8156, 2.0284,-0.4184, 2.7578, 4.4950, 1.3491,-0.6512,-2.7336,-2.5729, 0.4157,-1.4504, 0.8200, 3.1503,-2.2668, 0.2872,-4.6366,-0.8112, 4.7116,-0.3428, 4.7942
-0.6135,-0.6801,-4.8058,-2.6048,-4.4951,-0.4570, 0.5750,-3.4659,-4.7544, 4.1133, 0.3606, 3.4920,-0.9959, 3.6756, 0.1550, 0.4650,-3.7250, 4.1040,-0.2872,-4.1642,-0.9158, 4.1065, 3.7857, 1.0113, 0.8360, 1.6394,-3.2983,-0.3194,-2.6030, 2.5890, 4.9040, 3.8071, 1.4314, 4.4156, 4.0438,-4.4886, 0.5584,-0.5249,-4.9852, 2.6647, 3.0122, 0.3904, 1.2505,-2.6069,-4.3605, 2.7008,-4.0782,-3.0169, 4.9534, 0.5329,-1.3269,-3.6943,-2.0443, 1.8700, 1.9994,-2.5400, 2.8249,-0.7394, 2.5967,-4.5455,-3.4179, 2.2041,-3.1855,-1.9491, 2.7809,-2.4719, 4.6843,-2.2758,-2.2093, 0.9830
 3.8808, 1.6563,-3.0456,-4.0270, 0.9416,-4.7233,-1.4989,-0.8467, 1.0468, 3.5500,-3.8109, 2.8580,-3.0351,-0.8989,-2.4316, 4.5442, 1.5751, 1.4847,-2.4696,-3.6048,-3.0794, 3.2771, 1.4150, 3.3520,-3.0573, 0.9058,-3.4428,-3.6147, 3.1675,-2.8188, 0.9099, 1.2654, 1.0893,-2.7866,-2.3011,-1.3561,-2.9153, 4.7937,-0.3588, 2.7129, 0.5375, 4.2919,-4.3500,-2.5188, 4.8922,-1.3687, 0.6954, 4.1578,-3.9437, 4.8558,-3.7224, 4.7631,-0.1704, 3.0904,-4.8772,-1.1683,-4.8898,-3.2628,-3.2362,-3.9187, 0.4145, 4.4335,-4.4039,-3.5773,-3.5768,-1.1704,-1.3820, 1.1714,-4.9037, 0.1737
-3.8777,-2.1422, 3.0351, 2.5718, 1.2201, 1.0766, 2.1672, 2.5006, 2.2599, 2.7550,-1.8617, 4.2244,-1.0250,-2.0306, 1.1645, 2.9574, 3.2210, 0.1212,-4.0594,-2.8312,-2.4726, 2.9068,-3.0817,-2.9032,-4.1800, 0.3727, 0.5818,-0.8518, 4.5367,-2.4616,-2.0471,-4.9808, 0.9083, 2.6963, 3.4104, 1.4388, 2.2721,-3.2489, 3.7425,-4.7377, 0.4304,-4.2605,-2.2119,-2.5754,-2.5806,-3.2518, 2.3843,-1.7509,-0.0839, 2.6912,-1.4581,-0.5335,-1.3177, 3.6523, 1.8840,-3.0282,-1.7663,-2.2725,-3.7698, 0.7304,-3.5692, 0.6572,-1.8393,-2.8728,-2.2923, 1.9651,-0.6912, 0.0027,-0.7522,-1.6074
-2.5812, 3.7582,-2.4370,-4.3759,-2.0648,-1.1521,-0.0541, 1.6352,-4.8439, 1.7415,-4.9807, 0.1958, 4.3630,-3.7741,-1.7294, 1.2630,-1.2082,-4.6409,-3.0928, 0.7405, 0.8018,-4.5789,-2.4554,-4.4518,-4.1077,-3.5000, 0.9664, 4.4672, 0.8078,-3.4676, 3.2771, 4.0197,-2.9183,-3.0074,-0.3979,-2.6274, 3.2065, 2.0957,-2.6283,-2.9297, 4.4551,-4.2545,-2.0987, 2.8084, 2.5715,-0.3843, 2.1418, 0.0537, 1.0419,-4.2272, 1.5081, 3.7958,-0.6407,-2.1443, 2.1805,-3.5834,-4.6450,-3.1841,-1.1593, 0.2506, 1.6915,-2.9687,-1.0659, 3.0639,-2.8950, 0.4256, 1.1810,-0.3166,-1.9709,-3.2352
-2.8498, 4.0508, 1.6316, 0.2972, 0.6719,-2.6347, 0.4512, 1.0736,-4.6877, 0.2005,-2.4359, 1.0095,-3.0771, 3.8792, 2.5183,-3.0356, 1.1472, 3.3855, 0.8710, 3.3133,-1.2342,-4.9775,-2.2837, 4.8606, 2.9058,-2.0491,-2.5430,-4.2331, 0.0804, 1.5031,-1.9225,-1.2764, 1.0304, 0.4081,-4.9246,-1.3338, 4.4735, 2.3561, 1.9347, 4.7889,-2.3415, 3.1356,-1.7506,-1.6659,-3.5452,-1.5342,-3.2460,-0.6788,-3.6515,-2.6527, 1.7694, 3.7277, 2.2315, 3.9769,-0.6674, 1.5322, 3.3508, 2.7760, 4.1800,-0.0153, 1.7048,-2.6536, 3.9844,-1.0754,-3.7769, 0.4948, 4.6866,-0.1447, 3.6476,-1.5971
-4.8730, 3.6172,-3.9625,-0.8964,-1.0209, 0.2356,-2.6614,-0.1463,-4.6296,-4.0100,-2.6224,-2.0373, 4.5238,-2.2375, 2.4362, 3.8210,-4.9673,-4.5941, 3.3114, 3.2364,-2.8709,-4.6974, 0.3129,-0.5547, 4.0947, 1.3198,-2.6272, 1.8991,-0.2665, 2.5411,-1.6544,-4.9942,-1.6498, 0.4508, 0.4726,-0.3616, 2.8006,-0.9665, 3.3634, 4.4776, 1.7137,-0.2895, 2.7977, 0.2348, 4.0178,-0.0689,-2.4637,-0.4675, 4.2189, 0.9219, 2.1043, 2.3851,-4.3311, 2.8463, 0.1228, 1.1083, 4.0971, 3.2589, 3.8593,-1.9547,-2.8976,-3.8436,-1.0643,-0.5749,-2.9167, 2.3145,-0.5661, 3.7700, 3.8279, 3.9873
-4.1023, 0.8467, 4.3103,-4.0840,-2.1618,-4.0218,-2.6651,-3.1698, 0.9918,-3.0360,-3.0506, 3.4339, 3.9833, 0.8368,-0.4403,-4.0887, 0.6612,-1.4713, 2.8231, 0.0804, 0.1693,-3.3909, 4.1935,-2.2154,-1.1469,-2.9005,-4.3495, 2.1248,-0.5247,-4.0103,-0.6640, 1.1151,-2.6959, 2.2767, 3.8675, 0.3096, 4.8740,-1.3336, 0.5659, 3.2843,-4.6360,-4.0202,-4.4634,-2.2806, 4.3184,-4.4433, 2.9657, 0.3932, 0.8849, 0.7539, 0.2173,-3.1592,-1.0842, 2.5641,-0.7107, 3.8590,-0.6312, 1.0939, 4.5715,-2.8876, 4.4378, 0.0475, 1.4626, 0.1209, 4.2089, 1.9373, 3.0820,-2.2043, 1.1462,-2.9726
 2.3787, 0.1679,-0.4245,-0.7134, 1.8744, 1.4780, 2.5248, 3.0070, 1.5174,-2.6595, 2.1939, 4.1288,-3.2056, 1.4671,-3.4016, 3.8577,-0.9075,-4.2916,-0.3102,-4.0857,-1.8598,-0.3147,-3.0316, 2.3050,-0.3944, 3.6938,-3.2816,-4.2296, 0.4442,-2.2552, 1.8474,-1.3213, 2.3318,-2.2669, 0.3981,-1.0133, 0.0308,-2.9280,-3.9619, 1.7303, 0.5621, 2.5677,-1.7010,-3.9349, 4.8668,-2.7075,-2.1379, 3.0141,-1.4524,-4.8025, 0.9430,-3.6002,-0.5768,-3.5894,-4.3994, 2.9376,-1.3355, 4.8578,-3.4712, 4.9043,-2.4684, 4.9444,-2.5651,-1.1717,-2.6205,-3.0607,-3.7789,-1.4928,-4.7626,-4.4060
-4.1757,-4.6271, 2.9065,-4.8723,-0.2945, 4.0344,-0.7439,-2.1470, 3.8625, 1.4076,-0.3824, 3.1975,-1.1290, 3.8506,-4.1080, 3.2526,-2.2907,-1.3729, 2.0767, 2.4244,-4.5694, 4.3009,-0.4668,-2.9595, 0.5020, 2.7163,-1.1394,-0.3944,-1.5923, 3.7823,-0.7204, 1.8279, 3.4523, 4.5079, 0.1355, 4.5376, 0.8527,-0.2917, 0.9404, 1.6920, 2.8250,-1.7584, 1.2155,-4.2858, 4.4190, 1.6877, 4.1784, 4.8988,-3.5513, 1.5508,-3.5531, 4.8554, 3.9527,-2.5570, 1.9729, 3.3181, 4.8282, 0.5057,-0.0266, 0.5450,-0.6294,-3.1836,-2.2807,-0.4498,-1.6268,-3.0770, 2.1143,-2.3840,-4.4598, 2.2156
-4.0639, 0.6986,-3.6725,-0.3921,-2.6869,-1.5743, 2.1782, 4.9774,-2.8217, 3.5810,-0.0527, 1.6878, 4.8593, 4.3927,-1.6507, 4.7996, 1.2274,-4.3509,-3.2207, 4.6721,-2.1747,-0.3219,-1.9181, 4.7498, 0.2716,-3.6989,-2.8112,-1.8660,-1.2522,-1.4639,-0.0873, 2.3541,-3.4374,-1.2187,-4.2270,-4.8921, 3.3052,-3.6774,-4.6962,-1.7570,-4.1720,-4.7864, 2.6403,-2.3873, 0.3063, 2.3546, 0.2826, 0.5845,-4.3591,-0.8157, 2.2750, 2.9132, 3.6745, 3.8579, 4.5692, 2.1219, 3.8227,-4.2955,-3.0206,-3.0573, 0.5374,-1.0075,-4.9032, 4.1991, 1.9912, 2.8686,-1.7028,-0.0063, 4.9623, 0.4493
 1.2279, 3.8422, 0.2118, 2.6625, 1.0111, 1.2165,-0.6369,-0.4835, 1.6384, 3.5443,-2.2454, 2.6514, 1.1021,-2.7075, 2.7569, 2.2479,-2.0606,-4.9887, 4.9308, 3.7217, 2.1123,-1.8587,-3.5099,-4.9555,-1.4978, 0.6331, 0.3835,-0.7013, 4.3737,-4.9803, 3.6011, 1.7177, 1.8871, 4.9089,-3.5858,-0.8729, 3.1013,-2.0015,-4.0837, 1.2846, 3.0658, 4.8237,-4.9890,-4.2351, 4.5069,-3.2935,-1.8093, 2.5471, 1.2040,-1.2508,-3.4602, 2.2235, 0.0746,-2.7855, 2.4325, 2.5358,-1.6827,-3.9910,-1.2616, 1.9855,-1.8828,-3.6761,-3.6917,-0.5524, 4.6728, 2.2353,-2.5451,-2.4963, 4.4723, 1.8303
-1.8030,-2.2634, 4.6731,-4.2640, 1.3173,-4.3714, 2.1709,-3.5438,-2.5840,-4.5526, 1.8538,-1.5135, 4.1955, 1.3960,-2.3054, 3.3665, 2.9163, 3.7920,-4.6191, 0.5430, 4.9514,-3.0764, 4.1943, 0.1583,-1.7983, 4.4983, 2.3706, 1.1429,-4.9446,-1.5600, 0.1811, 3.9821,-2.0861,-3.3637, 1.6010,-0.8267, 1.7602,-2.9825, 0.8836,-0.2143, 3.8518, 1.8411,-4.7652,-4.9759,-0.2729,-3.1878, 1.7944, 1.7037,-1.2444,-1.7699, 3.3516, 4.3283, 3.6941,-4.2369,-2.3254,-3.8770,-1.5792, 1.1277, 3.0450, 0.9172,-0.1321, 2.4822,-1.8290, 3.5555,-1.4965,-2.9220,-3.2846, 1.7414,-1.7904, 1.8822
 3.1564,-4.9949, 0.6614,-1.2991, 2.7513, 4.1817,-1.3778, 2.6359, 2.7188, 1.1122, 4.2895,-1.3836,-3.1390, 0.8951,-2.3166, 1.3396,-2.3905,-0.2927, 2.5513,-4.9076,-3.9420,-3.6031, 0.2219,-4.4690, 1.9238,-0.2570,-1.9341,-3.4855,-1.1254,-0.7908, 3.9162,-4.8625,-2.3852,-0.1026, 1.4101, 1.7435, 2.6296, 0.4878, 4.1602, 0.9800, 3.1051, 3.0233, 2.5803,-3.1595,-4.7638, 3.7028,-2.0006, 4.5656, 3.0159,-2.1629, 2.3343,-3.4522, 4.9898, 3.8047,-4.7592,-0.7073, 2.6422, 1.8912, 3.3153, 3.1276, 1.8471, 3.3674,-1.4623, 3.2298, 0.3341,-2.3200,-3.9954, 4.3650, 4.1479, 2.2897
 0.8903, 4.8656,-3.9625, 2.3783, 3.0797, 4.8990, 3.0942, 0.9838, 1.0916,-4.7280,-0.4683, 4.0211,-2.0157, 0.3019, 2.2703, 2.0980,-2.1053, 4.8198,-2.6118, 0.2863,-1.2000,-0.3188, 2.9033, 3.9809, 2.9907,-1.5011,-0.4717, 3.9604, 0.6648,-2.6607, 4.3938,-3.7399,-0.3220,-0.9497, 1.6247,-1.8629, 0.2731,-1.6012, 0.9336,-0.1992, 1.9704, 0.8742,-1.1363, 1.4686,-1.3999,-3.0720,-0.8980, 3.7195,-2.1657, 3.4407, 3.0981,-0.7630,-2.2404,-4.2180,-0.2802, 2.4199, 2.6597, 3.0693,-2.1244,-4.3374, 1.0447, 2.3659, 2.6798,-3.4512, 0.0855,-0.1146,-3.8311,-0.2733, 0.7747,-2.5137
 4.1128, 2.1086, 1.1268,-0.5297,-0.5560,-0.4896, 0.5872, 0.1044, 3.6492,-3.0003,-3.3278,-1.7681,-3.1264,-4.6887,-0.0048,-3.4111,-0.7156, 1.5348, 1.4393, 0.4788,-3.5104,-2.1060, 3.6059,-2.2964, 4.8869, 1.8505,-0.5596,-3.8238, 3.2835,-1.8577, 0.8838,-3.4588,-2.2271,-1.7457,-4.3287, 0.5472,-3.2205,-1.5492,-4.9010,-1.5295, 2.7180, 0.7433,-0.7814,-0.5921,-1.2708,-0.0000, 2.0665,-3.8195, 1.1691,-3.3717, 3.5567, 1.4644, 3.9073,-0.9547, 0.0165,-3.0360,-2.2550,-2.6871, 1.8054, 3.0716, 4.2914, 1.3351,-1.1374, 0.4363,-0.9094, 2.0435,-1.5617,-0.9040,-1.8573, 2.3347
 4.4867,-4.6754, 0.7939, 1.1960,-3.1900, 3.1386, 3.8958, 4.7087, 1.0896,-2.3566, 1.1302,-1.1659,-3.2907, 4.2874,-2.2275, 4.8789, 0.2839,-3.3872, 2.2904, 4.2032, 1.5984, 4.6333, 3.8361,-0.5677,-3.2469,-0.1338,-0.1887,-0.8947, 3.0751, 2.9724,-0.8209, 4.8358,-4.7116,-4.0588,-0.3174,-4.6235, 3.4734,-4.2344,-0.0607, 3.0891,-0.4912, 0.6752, 2.4711, 2.6190, 3.4925,-4.9440, 1.8610,-4.4377,-2.8110,-3.1597,-2.2781,-4.7159,-4.8144,-3.8976, 3.2132, 3.7242, 3.9718, 4.4718,-1.1600,-0.5445, 1.1159,-3.1183, 2.6478,-1.2303,-0.7935, 4.1812,-4.3286,-1.5959,-3.3987,-0.4275
-4.9348, 1.3503, 2.8154, 1.8321, 4.5993, 4.5810, 1.9987, 4.8658,-2.9492, 4.5098, 4.3392, 3.2482,-0.6018, 0.0993,-1.5017,-3.1850,-0.5490,-3.5262,-4.6522,-3.6306, 4.8742, 3.0056,-1.7289,-4.5355, 4.5734,-4.2043,-4.1626, 1.0039,-4.2408,-3.5802,-0.5603, 3.0320,-4.7209, 4.8422, 1.3323,-0.8086, 0.6328, 1.1743,-0.4567, 1.5237, 3.4500,-1.8781, 4.2821,-4.5413,-0.4171,-3.1154,-0.5996,-4.9466, 2.5253, 0.4438, 1.2625, 0.1302,-2.1081,-4.2354,-0.5620,-1.8265,-4.2173,-4.6791,-2.6503, 2.7213,-2.5385, 3.9044, 1.6023, 2.3158, 3.3901,-2.1718, 2.0364,-2.2799,-1.5418, 3.3828
