 0.5071, 0.0569, 1.8734,-1.8083, 2.4906,-4.9853,-0.6235,-3.3853, 2.1301, 2.6458, 3.5800,-4.1032, 0.7518, 1.8037,-2.1871, 4.2643,-1.9653,-2.6903, 4.0028,-4.5751,-1.6053, 1.8844, 3.1766,-0.5940,-4.4207,-0.7130,-1.1663, 4.9259, 0.9048,-2.1305, 2.8831,-2.3373, 0.4498, 4.1785,-3.4098,-0.3385, 3.3000, 4.1430,-1.7069, 2.8664, 0.5322, 0.4334,-2.3883, 4.6835,-1.6847, 1.2159,-3.3660,-1.9764,-0.2365,-1.7042,-3.9054, 0.9212, 0.3624,-2.4629, 1.9509, 0.6546, 1.6813,-0.5912, 2.5783, 1.7918,-0.1940, 4.0423,-3.8116,-3.4803, 0.4257, 0.6923, 0.0896, 0.0139,-1.1520,-2.8624
 3.9784, 1.4732, 1.1120,-4.2062, 3.3079, 1.4011,-2.3102,-1.9455, 1.2896, 4.4755,-4.0666, 3.4210,-4.0381,-4.5259, 3.2760, 2.4491,-1.0872,-2.4690,-1.0774,-2.9769,-2.7266,-4.7229,-0.3690,-4.0452,-0.8970,-0.7168, 0.3807, 0.9763, 3.1124,-4.5802,-4.7472, 2.6483, 2.8741, 2.0389, 1.5639, 4.3906, 0.8555,-1.4360, 0.8770, 3.4787, 4.6282,-4.2389, 2.3632, 3.6330,-2.9206,-3.6908, 4.3336,-1.7764, 3.3422,-0.0457,-3.9570,-2.4254,-4.8756,-4.8617,-0.4011, 4.3139, 0.6329, 3.5443, 2.9613,-4.1726, 2.1865,-4.0113,-3.1100,-3.6382,-2.0535,-2.3010,-2.6544, 3.9114,-3.1327, 1.6440
 4.0289,-0.3580, 1.9121,-0.5755, 0.4030,-3.7238, 2.5400, 3.8770,-1.7958, 0.2940, 0.7153,-1.6972,-2.6236, 2.7008,-1.5236, 2.1781, 0.3134,-3.5468,-1.5721,-3.1634, 0.3638, 2.1565, 0.7124, 0.4532,-4.3143,-3.9521, 0.1561, 2.6008,-1.0246,-4.6283,-4.1273, 1.9681,-4.6460,-3.6744,-1.8419, 3.8268, 4.9616,-0.8914, 4.8597,-2.5616,-0.6032, 2.2131, 4.6418, 3.2458, 4.7841,-1.2619,-1.1806,-2.2547, 4.2659,-0.0903, 1.8595,-4.2618, 0.3496, 2.9467, 1.5377, 0.6092, 1.8813,-4.7630, 0.0269,-3.1586,-0.9232,-4.8102,-0.6754, 3.1694, 1.9754, 0.8815, 2.0077, 2.4099,-0.6593,-0.4381
-0.9926, 4.9285, 3.7635, 1.9187, 0.6812, 3.1073,-4.9918, 1.0440, 2.1674, 0.0483,-0.5011, 2.8618,-0.0600,-0.1788, 3.0336, 1.7570,-3.2318,-1.1660, 4.3466, 4.4152, 3.6340, 3.4876,-3.0732,-2.8116,-1.0711, 3.6701,-2.1728,-4.6156,-2.5239,-0.4845, 2.4896,-1.7375, 1.2448,-2.3178, 2.0710,-3.6330, 1.4163, 3.9717, 2.2891,-1.0134,-4.1240,-4.0102, 4.6557,-3.6946, 4.5086,-2.9669, 0.1210,-0.6194, 4.3538, 0.4775,-2.3533,-2.9271,-4.9779, 2.3066, 2.2866,-3.6186, 3.8289,-1.3910, 4.7808,-1.3783,-2.6495, 3.9820, 2.9949, 0.1559,-0.8669, 0.9355, 2.8362, 1.8861,-1.1563,-3.4101
 4.6221, 4.8874, 4.0225, 4.3687,-3.5310,-1.4297, 4.6831, 0.7056,-2.1746,-2.8702,-0.4103,-0.0587, 3.6867, 0.3423,-4.1819, 0.1908, 3.6026, 4.3046,-0.9880,-2.4174,-1.5625,-4.5350,-0.1654, 4.6881,-3.0149,-2.3023, 4.7665, 0.1368, 3.6169, 4.9781, 2.4973,-4.9573, 2.3063, 0.9029, 1.7430,-1.8552,-0.1703, 2.1918, 2.4318,-4.1933, 4.9302, 2.9077, 2.3026,-3.0582, 1.8098,-0.4217, 1.7865, 1.8872, 0.8562, 3.8126,-3.6269, 3.4198, 4.7113,-4.0526, 2.2022, 4.0502,-3.9902,-4.5078,-1.6623,-3.3981, 3.3132, 3.5495,-3.7367, 0.1052, 3.7068,-3.6626,-2.7917, 1.4293,-0.9779,-3.3975
 4.9900, 1.2388, 4.1343,-2.9665, 3.6931,-0.6218,-2.5845,-2.5856, 3.1917, 3.8525,-1.3832,-1.2382, 3.2910, 1.2667,-4.8038,-4.0905, 1.8700, 2.6958,-2.9131, 2.1058, 0.0152,-2.1623, 1.9700, 0.7876, 3.8230,-0.3258,-1.0493, 4.0894,-3.7392, 4.7001,-2.3249,-1.4848,-3.8771, 2.1890, 2.8592, 0.0419,-1.3598,-4.9555,-4.0974,-1.5441,-0.0895, 3.3475,-3.3459, 0.6948, 2.1946,-0.6607, 1.0070,-1.3654, 1.5056, 2.5786,-2.5457,-0.8431, 3.6430, 1.3651, 2.7365, 2.3247,-0.0973,-1.8104,-0.5616,-3.7429,-3.4150,-1.6503, 4.7523,-0.9956,-1.2550,-4.0844,-1.1378,-0.8741,-1.2901,-0.5326
-3.7044,-0.4427,-4.7194,-2.6168, 2.9539, 0.1795, 0.4747,-1.9916, 2.6262, 2.5935, 1.6918,-3.5953,-2.2638, 3.5032,-0.8810,-1.1338, 1.3449,-1.2386, 0.7829,-4.5997, 1.7631, 3.5698, 3.6336,-1.6008, 0.9907,-3.1596, 3.2260, 2.5910,-3.6241, 1.5826,-0.6833,-2.3286,-3.1757, 4.6102,-0.5263,-3.5349, 1.2286,-2.3797,-1.3854, 0.6016, 0.6684, 4.3826,-4.8549,-4.7220, 4.9538,-0.4469,-3.4185, 4.4488,-4.6258, 2.5605, 0.1042, 2.1453,-1.6299,-3.4032,-1.3321, 3.7111, 1.8985, 4.4924, 2.5121,-3.5727, 2.3653,-1.3970,-3.8336, 1.0779, 2.6053,-0.3402, 4.9602,-2.3351, 4.4467, 0.1173
 3.8749,-3.7275,-2.0362,-3.2564, 3.7960, 4.9610,-4.5156,-3.0924, 4.5391,-2.9001,-0.8741, 4.6499, 2.0102, 1.4777, 0.4763,-1.7401,-2.6364,-2.9347,-4.2159, 4.5018, 2.5543,-1.9340, 3.5756, 0.1513,-0.0321, 3.1066, 0.4342,-1.6873, 3.8622, 4.3117,-1.7357,-3.2607, 1.4365,-0.3776,-2.3091, 1.7026,-2.8291, 4.1533, 2.0106, 3.9585, 0.3905,-1.5357, 4.9987, 1.8174,-1.1836,-0.9361,-3.2951,-2.5168, 3.9834,-3.4993,-1.2859, 3.9425, 1.7686, 1.4922,-2.5153,-0.3863, 1.8473, 2.9666, 1.1308, 4.4991, 0.5882,-0.8313,-1.6724, 1.4449,-0.0004, 4.7383,-3.1947,-3.7300, 4.6960,-3.6864
-3.4369,-0.4269,-1.1942,-3.3784, 4.7087,-2.4379, 3.7778,-2.3310, 2.1903,-3.4620,-1.3610,-2.6827,-0.2946, 0.8773,-4.1523, 4.0784,-2.2250, 1.5632, 3.0682, 0.7425,-0.9698, 0.8988,-4.6069,-1.3559,-4.6809, 1.7982, 4.1979,-4.5938, 0.9883, 0.1511,-1.9586, 0.1716, 3.5482, 3.9833, 1.4555,-1.4920,-1.1245,-3.7215,-0.2760, 0.6124, 4.3270, 2.5277, 4.2761, 3.8252, 0.7527, 3.6264, 4.5597,-1.4856,-2.6747, 2.7337,-3.0030,-3.2918,-3.1399, 3.2629,-4.6307, 0.0385,-3.1324,-2.2790,-0.2543, 0.1213, 0.7756,-1.9297, 3.3577,-0.3575,-4.2985,-1.2967,-0.9662,-2.9354, 3.6380,-1.5111
-3.0068, 3.7885,-4.7415,-3.0294,-1.7028,-1.7602, 0.6812, 1.0139, 4.4906, 2.0112, 4.1751,-1.4730, 4.9970,-0.9670, 1.2122,-0.3549, 4.9494, 4.9161, 3.3380,-3.7267,-1.8493,-4.0256,-3.6057,-4.5151,-4.1416,-3.5307, 4.3132, 4.4652,-2.3668, 2.0967,-1.2912, 4.4930,-4.7811,-1.8593,-2.0629,-4.4239, 1.7090,-4.5103,-0.0909, 3.1320,-2.4691,-1.8184, 0.0258, 2.0938,-1.3472, 3.6428,-2.1035, 4.3287,-2.4935,-4.9630,-3.7689, 4.2025, 0.7361,-0.0192, 4.5957, 4.4956,-3.2726, 4.2892, 0.9428,-3.3536, 3.9723,-0.4269,-0.5879,-4.3605,-0.6488, 1.0432,-4.8709, 0.0901,-3.9888,-2.6173
-3.9100,-4.7601, 4.8777, 0.0319, 2.8606,-2.5394, 4.6313, 2.3105,-0.3735, 3.4824,-3.0893, 0.7666,-0.2049, 4.4620,-1.3908, 0.5787, 4.9834, 0.4873, 4.3296,-2.8891,-0.6214, 4.1538, 4.2353, 2.2530, 3.6343,-0.2091, 2.4531,-2.6154, 2.3683,-0.3970, 1.9271, 3.6990,-1.9509, 3.7297,-1.9040, 1.9205, 1.8613, 3.2322, 3.8565, 2.8943, 0.7943,-1.0565,-3.6799,-0.1866, 1.0134,-0.2038, 3.6289, 2.0420,-4.2751,-0.9697,-2.4908, 1.5059, 4.1839,-2.3029,-0.1147, 1.6237, 0.9810, 1.1939,-0.8838,-4.6370, 3.2619, 0.2600,-3.6748,-1.4273,-4.3137,-1.5796,-1.1817,-0.5025,-2.3832, 1.8510
-2.4587, 1.8808,-0.2226, 0.6153, 4.2652, 0.2127,-0.3162, 2.2820, 3.8272,-3.3060, 1.8385, 4.6106,-3.3853,-2.2747, 4.4219,-2.0124,-2.6380, 3.0771,-1.8333, 1.9395,-3.2845,-4.3144, 3.3772, 0.0029,-2.1644, 0.0700,-4.7155,-3.1162,-2.2335,-4.5551,-3.7858, 4.7163,-0.8412, 4.3977,-3.3554,-1.5451, 4.2265, 0.9581,-4.4001,-1.6213, 1.3622, 0.3842,-1.4262,-3.5601,-1.5506,-4.5046, 4.2732, 3.5701, 3.2964,-0.3245,-3.1431,-2.3074,-2.3219,-1.2864, 0.8960, 3.9751, 0.4994, 2.4506,-0.6972, 3.0686,-0.7017, 3.0676, 0.6070, 2.1488, 4.4566,-4.3586, 4.4197, 3.4357, 3.5827,-3.8534
-3.1306, 2.2580, 3.1437,-3.5205,-4.1825,-3.1165,-3.8687,-4.0458, 3.3975,-3.7249, 1.3597, 2.9469,-2.2556,-1.3483, 3.3676, 0.7276,-3.9257,-0.2860, 2.8978, 2.7957,-4.3575, 2.1223, 3.1558, 4.2772,-3.7573, 2.7422,-4.7531, 3.7996,-1.3092,-2.9372, 3.6756,-4.5123, 2.3747, 0.3613, 1.9689,-4.4932, 2.6320, 3.6968,-3.7070,-4.5459,-3.4596,-1.3253,-1.1441, 4.3466,-2.1876,-1.8546, 1.7648, 1.1137,-0.0723,-2.5441, 1.8762,-3.2504, 3.0512, 4.7689, 3.9034,-1.9026,-1.9054, 0.8530,-3.4313, 4.9890, 3.4244,-4.7558, 4.9264, 4.8415,-4.5690,-0.9080,-2.3219, 1.6546, 4.4991,-2.4692
 2.0150, 0.7672,-3.4233,-2.9662, 0.5897,-0.3972,-2.5572, 3.0567,-0.0578,-2.5537, 1.8586,-3.3260, 0.3155, 2.3422, 4.2369, 3.4329,-3.8319,-4.8283,-1.6292,-2.7372,-3.7169, 0.2363,-1.4542,-2.5324, 4.2824,-1.0985, 4.2502,-2.4675,-2.9871, 1.2696,-1.3596,-4.1051, 3.2378,-3.2269, 1.3296,-2.3069,-4.2242, 4.5670,-0.8475, 4.4683, 4.2822,-3.5802, 3.7852, 3.8975, 2.5429,-2.7306, 1.7001,-2.5004,-3.4068,-3.4126, 4.2506, 3.2169,-2.6751,-3.4473, 0.3584, 1.5900,-2.6286,-4.3428,-4.7878,-3.5507, 2.7770, 2.5386,-0.2008,-1.8454, 1.4466,-4.8109, 0.1561, 1.9516,-0.7457, 0.4120
-2.0646,-0.0640, 3.4081, 0.1142,-3.0726,-0.0533,-0.2221, 4.0815,-3.5137,-0.1600, 1.7968,-3.7759, 4.3569, 3.7214,-3.7445,-0.7966, 4.7266,-4.1577, 4.9465,-3.0313, 4.8823, 4.3125,-4.2854,-0.9663,-4.9629, 1.6952, 1.5611, 4.9545,-0.4485, 4.1976, 4.7799, 2.1716,-0.2407,-1.5230,-3.7276, 2.6869, 1.8966,-0.8030,-2.9027,-1.2624, 0.5199,-0.1441,-0.5555,-4.2188,-2.8031, 1.8169,-3.7764,-0.5995,-2.6166, 4.2435, 2.1759,-1.4534,-1.2938, 3.1153, 4.0132,-4.8979,-3.1986, 1.4725, 1.0722, 2.3901, 2.9671,-1.2531, 3.3654, 2.7257, 4.5286, 0.1960, 4.9115, 2.3850, 0.2749, 4.4931
 2.9134,-1.5890,-1.0880, 3.2911,-2.4720, 3.1024, 3.8132,-1.9847,-0.6794,-4.0816, 0.2195,-4.8504,-1.0546, 0.4997, 0.6159, 2.3912,-0.3890, 3.7653, 4.8713,-2.7534, 3.5935,-4.4372, 4.6162,-2.9223, 4.3466, 3.8937, 1.5271,-3.8112, 3.4474,-4.0768, 2.3125, 1.4188,-0.2552,-0.5139, 0.1961,-2.8619,-2.3607, 3.0026,-0.6183,-3.2168, 3.5258, 1.3281, 0.2188, 3.0489,-2.6453, 3.6316, 0.3569, 2.5988, 1.5109, 4.8709,-0.8875, 0.8748,-0.0775,-4.0074, 4.9821,-4.9341, 2.0342, 4.3058,-2.4424, 2.2165,-0.5346,-2.3139,-4.5081, 1.0038,-2.2591, 4.8945, 3.9932,-1.5629,-1.6203,-0.2990
 0.7946,-0.3245,-1.0236, 2.3266,-3.8834,-1.0829, 0.9679,-2.3859,-3.8735, 2.4624,-0.4689, 3.5078,-0.4812, 1.8641, 0.7484, 2.1844,-4.0964, 3.1597,-4.1503,-2.0812, 4.0774,-3.7455, 3.3471, 3.6343, 0.0748,-4.9354, 1.0104, 2.9130, 2.1992,-1.2377, 3.1926,-3.6338,-4.6227, 3.9975,-4.8086, 4.0839, 2.8087,-2.3728, 2.7148,-1.7520, 1.6308,-2.2753,-0.2391, 1.2884, 3.0840, 1.3262, 2.4318, 1.1937,-3.3928, 3.4546, 2.4227, 1.1795, 1.9194,-0.9174, 2.1877, 0.4204,-4.4901,-2.0696, 3.3351,-4.2055, 1.4628,-3.4951,-3.5113, 4.6729,-2.0605,-3.6502, 2.5985, 2.9205,-2.7276, 0.1626
 2.4770,-3.6074,-3.1167,-0.1093,-3.2625, 3.0089, 3.1276,-4.9517, 1.1908,-1.0932, 3.9096,-1.9060, 4.2161, 2.2204,-4.7817, 3.8279,-4.3090, 1.4048,-3.4497,-4.0002,-0.5015, 4.2630, 2.8578, 1.0098, 1.8946,-0.6041, 1.6926,-0.5971,-2.8893, 4.6485, 1.7821, 2.8428,-4.1748,-2.7981, 4.0734, 3.4698,-0.4171, 3.5544, 1.1482, 0.9788, 0.7674,-4.4251,-4.7190,-3.4296,-2.7668, 0.2913,-0.1135,-0.6142, 3.1778,-2.5921,-4.8066,-0.5987,-3.7037,-2.7155, 0.8117,-2.2481,-3.6702,-1.2417, 3.5404,-2.2368,-1.6199, 1.4951,-2.8138,-4.5839,-4.2496,-2.9314,-0.0152,-1.7548,-0.9966, 1.1579
-0.3908,-0.8552, 3.0070, 3.8507, 0.1998, 1.8521, 4.4582, 2.4355, 0.8116,-3.6739, 3.7216,-0.4817,-2.7775,-4.5899, 1.5358,-4.3516, 3.4661,-2.5166, 1.7136,-2.0744,-1.6560,-2.2485,-0.9849, 3.9205,-1.6709, 0.9891,-2.1905,-2.1176,-3.1914,-3.6330, 0.1797,-0.1144,-2.2305,-2.2498,-3.8685,-3.3956,-1.2433,-4.4653, 0.2082,-0.3301,-0.5265, 3.9382,-3.8089, 2.3990,-2.6338,-3.4545, 4.4480, 0.5378,-1.2060, 2.2139, 0.0020, 0.3852, 0.6367,-4.9740, 3.1385, 4.8461, 0.1806,-1.5762, 3.4229,-3.5162,-0.1113, 3.9381,-1.9808,-0.2421,-2.4154, 1.9578,-0.1467,-1.0898, 4.8801,-2.0483
-0.6935, 4.1841, 4.8149, 2.6323, 2.9276,-0.7773,-2.0302,-2.7917, 0.3150,-4.8792,-3.8491, 4.0747,-3.9314,-0.4342, 3.7717,-1.1139, 0.0385,-2.9646,-3.0125, 2.0203,-0.3593,-2.0207, 4.1087,-3.6318, 3.2493, 1.5857,-4.4466, 2.2043, 0.1859,-4.4921, 2.2459, 0.6632, 4.5906, 1.7909,-0.6279,-2.8138, 0.3225, 4.7418, 2.3288, 3.5733, 1.0782,-4.6692, 2.1607,-1.0392,-4.3923,-4.9655, 0.8784, 0.4242, 3.4507, 2.1992, 1.3897, 3.0102,-3.9154,-4.4930,-3.4812,-1.5242,-1.8865, 2.9089,-3.7282, 2.4120, 4.5123,-1.0002,-3.1318,-3.5805, 2.8158,-1.5545, 4.5589,-4.1927, 1.2815,-0.9428
 0.4129,-3.5675, 2.9957,-1.6347,-4.9830, 2.1564,-0.7406, 2.1069, 3.0447, 1.4404,-2.7443,-1.0317,-3.4391,-0.2533,-3.4325,-0.8775,-4.3898, 3.9637, 1.1954,-1.5622, 2.6541,-0.6507, 2.2757,-2.5766,-1.0153,-0.8083,-0.9626,-0.3367,-1.9923, 2.5853,-2.8842, 2.2767,-2.7033, 3.1250,-4.4813, 4.7080, 4.1169,-2.9686, 1.5615, 3.7088, 4.3800,-1.0132,-2.9313,-2.4634,-1.5796, 1.7456, 0.2849, 2.7842, 3.7433,-1.4126,-0.0434, 4.4244,-4.8771, 4.4742, 2.3480, 4.3623, 0.7572,-2.0927, 3.2422,-0.0344,-3.9863, 1.8328,-4.4412,-2.5340,-2.1466, 2.6305,-3.9561,-3.6596,-4.1573, 3.8340
-2.6721, 1.8699,-2.2489,-2.4235,-1.6364,-2.9351, 1.6652,-3.6796,-1.5484,-0.5733, 2.3525, 1.1002, 4.1328,-0.1662, 0.6598,-1.1646, 0.4085,-3.2446, 4.7409,-3.7989, 0.0017,-2.7681,-2.4744, 3.1940, 3.0255, 4.3419, 2.8060, 1.6356,-1.8337,-3.2888,-4.0002,-0.8322,-1.0762, 1.7884, 4.8669,-2.3892,-1.4800, 2.5779,-4.2243, 4.3786,-1.5407, 1.1608,-3.2602,-0.7840, 2.9246,-0.8777,-4.6248,-4.1502,-0.6082,-3.0110,-3.1955,-1.8524, 1.0559, 0.0159,-0.4616,-1.1753, 4.2495, 4.8191, 3.0795,-0.1426,-4.3818,-2.0654, 1.0325, 4.3751, 1.5380,-1.6769, 3.7050,-2.8094,-3.1484,-2.5387
 2.1198,-0.0745,-0.6760,-1.7166,-3.6435,-2.2299, 1.5578,-4.7997,-2.4818,-1.6817, 2.9077, 0.6934,-1.0817, 0.5524,-3.3973,-2.6608,-0.3189,-1.7887, 3.5263,-2.0868, 3.9273, 0.2436,-0.5681,-4.7317,-4.8501,-3.8626, 1.1123, 1.3663,-0.8297,-3.7395,-1.9560,-1.8608,-0.9500,-3.1558, 0.0442,-4.0134,-1.6601,-0.3160, 2.3225,-0.4534,-2.3299,-0.4995,-2.7235,-3.8192,-4.1321,-1.3025,-4.6950, 3.8932, 3.8549, 1.5411,-4.2805,-4.7474, 4.3850,-0.7362,-4.8596, 2.2425,-0.3791, 2.9444,-1.0241, 4.3786,-1.7881,-4.8322,-4.0154,-3.4724,-4.3832, 0.5935, 0.9395,-1.7322, 0.7326,-2.7402
 4.1700,-0.0184, 1.8515, 3.2610,-4.9250,-4.8837,-2.4002, 4.4223, 3.9297, 4.1767,-1.7927,-1.4158,-3.6479,-4.0098, 4.1671,-2.5835,-1.9701, 1.8240, 0.6785,-2.1774,-3.9012, 1.8073, 1.3292, 3.9749,-4.2261, 3.3483,-1.8002,-2.4189,-1.2790,-3.3764,-0.0901, 3.9457,-3.6380, 0.4229, 3.3026, 2.9853, 2.4570,-3.3598, 2.9837, 1.6029, 3.1690,-3.7356, 1.8592, 2.7502,-3.8403, 0.0789, 3.4337, 3.8899,-3.2904,-2.3756, 4.3523, 3.1275,-4.5086, 1.8896, 4.2223, 2.7190, 3.1597,-2.3355,-1.0279, 3.0843, 0.7774,-1.3469,-4.5786,-0.8908, 4.7152, 4.6755, 1.6488,-3.6787, 3.4712, 2.8432
 4.8371,-2.6783, 0.5045,-2.8248,-2.5624, 3.7063, 4.2616,-4.3251,-4.1047, 4.3678, 3.2387,-2.5848,-4.1498, 4.2133,-3.8314,-4.1207,-3.4629,-3.1438,-1.6766, 0.1064, 0.3877, 1.8121,-1.4335,-1.2761, 2.0886,-2.9168,-4.8095, 2.0025, 2.2353,-0.7111,-4.1586,-1.9361,-4.3455,-3.5252, 4.3155,-3.3567,-3.2240, 3.2909,-4.6997,-2.6091,-0.2160, 1.4587,-1.2498,-4.9266, 0.2107,-2.0000, 1.0364, 2.7467,-4.1837, 2.9670, 2.3267,-0.7526, 4.8960, 0.4889,-2.3845,-3.4358, 3.1070, 2.2909,-0.3685, 0.1534, 1.6316,-0.1241, 3.8347, 0.5022,-0.9433,-1.9572, 4.1176,-4.0253,-0.1969, 1.6996
-1.6552,-2.7699,-0.9326,-4.2314,-3.6804, 3.7454, 3.0679,-2.7702,-3.2623,-4.4089, 2.9924, 3.4864, 2.5328,-4.6481, 4.5783, 4.1277, 1.0064, 3.2834, 1.8682, 2.5254,-1.5255, 4.3531,-2.7714, 4.5020,-1.1330, 0.5182, 3.2491, 2.5085, 1.6509,-2.5550, 2.6402,-2.2902, 4.0686,-4.9308,-4.3266, 0.5416,-2.8616, 1.6982,-0.7083, 3.4802, 4.0919, 1.6638, 1.6630,-3.1669,-1.4292, 1.4031, 4.7022,-0.2944, 3.7547,-2.0123, 2.4244, 0.7686, 1.7502, 3.4874, 3.8129,-0.2079,-4.6629,-0.0485,-4.8130,-0.6439,-2.4887, 0.3368, 1.9815, 4.4565, 1.3476, 4.7581,-0.8214, 1.5637, 0.9730,-0.4378
-2.5765,-2.0486, 1.9452, 0.3390,-0.3528,-4.3419, 1.0233, 4.3183, 3.2595, 2.5197, 0.2252,-3.0503,-4.1061, 3.6016, 4.0379, 4.9052, 3.2872,-1.8158,-4.4784,-3.5398,-4.9445,-1.3649, 0.8999,-3.3869, 2.8584,-3.7544,-2.0629,-0.7049, 1.5514, 4.6651,-3.3892, 0.9163,-3.9133, 4.1697,-3.6903,-0.7372,-4.1049,-3.5154,-0.3907, 2.4026, 4.2596,-0.2822,-1.1523,-3.2489, 2.4117,-1.9048, 3.9940, 4.1974, 3.7147,-1.7473, 4.1717,-4.6799, 0.9632,-1.1385, 1.7543,-0.0549,-4.6466,-1.3738,-4.4897,-4.9429,-1.7562,-2.5095,-3.2672, 4.2105,-3.5977,-3.3345, 0.8593, 0.7657,-3.0698,-3.2406
-1.7216,-0.9043,-2.7493,-3.2676, 0.2510, 1.1142,-4.9989, 0.4690, 1.4833, 4.9917,-2.5090,-2.8773,-0.4400, 2.3387,-2.3453,-3.0443,-2.2148, 0.1240,-3.3778,-0.6438,-0.5154,-2.6955, 0.1177, 1.6297, 3.0475, 1.8060, 2.6912, 1.9927,-4.7337, 3.3928,-0.8124, 0.7794, 3.0528,-3.2973, 2.0870, 3.2563,-4.3911,-2.3665, 4.8042, 0.2497,-0.3797, 3.1653, 3.3448, 4.9698,-1.4715,-3.4842, 2.8274,-0.8610,-0.8166,-4.6841,-1.1753, 4.2506, 2.9300, 3.0425,-1.1112, 2.9449, 4.5555,-4.1726,-4.3048,-0.5814, 3.8896,-3.4733, 3.8467,-2.4886,-4.8761,-2.2285, 0.0894,-0.3462,-3.0917, 4.0700
-0.3100,-0.5666, 3.0686, 2.0745,-3.3071, 2.9208,-1.3119,-3.8385,-0.8675, 4.9847,-0.5228,-0.2399,-4.2724, 3.9991, 3.0173,-4.7288, 3.6024, 3.1802,-2.9357, 2.5616,-4.4076, 1.4703,-2.1363, 4.9168,-3.7600, 3.8848,-2.6529, 1.0961,-0.7538, 4.7726, 0.8652,-3.1712,-1.2132,-0.0381, 3.1751, 4.0928,-1.4434, 1.8652, 2.4544,-2.4340,-1.3839, 0.9573, 1.5847,-4.9323, 0.8242,-3.9777,-1.9105,-4.9851,-0.4165, 4.2342, 2.6232,-1.3728, 4.9923, 1.3101, 2.0165,-2.1614, 2.4435,-0.0663, 3.8877,-3.2270, 1.6073,-2.9926, 2.4384, 2.0097,-0.7560, 1.8370,-3.0369, 2.4213, 4.8265, 2.4391
 1.8205,-0.9817,-2.3225, 0.1868,-4.7207,-3.9972, 0.2310, 1.3860, 4.1379, 1.6661,-3.2330, 4.7433, 3.4059, 2.0282, 1.0690,-0.1861, 2.9947,-2.5988, 2.6083,-0.8588,-4.7151, 0.4646,-3.5375,-3.4587,-3.8394,-2.7660,-0.3255,-1.0190,-0.2620,-3.1674,-0.4152,-0.9184,-2.3666,-4.3561, 3.6791,-3.0638,-1.8967,-2.7735,-2.5846, 2.7561,-0.4788,-3.3033,-0.8522,-1.4088,-3.5608,-1.7488,-0.8541,-2.7636,-4.5948,-4.4649,-3.8931,-4.8621, 3.8449,-3.1455,-1.6801, 3.9491,-4.4994, 3.7275, 4.9617, 3.4409, 1.2644, 0.4295,-2.6555, 2.0823,-0.1784,-3.5686, 2.0952,-2.4924, 2.4133, 0.0738
-0.8599, 0.2520,-2.8244, 3.3080,-4.0664,-0.7162, 3.5672, 3.1052, 0.3198,-3.1805,-3.2148, 3.5757, 1.1580, 3.9303,-2.3242, 3.2687,-2.5634, 1.2346,-2.1220,-2.7952, 4.1861,-1.3972, 2.3626, 1.2604,-2.5703,-2.5302,-0.9410,-0.7055,-2.4331,-3.0869, 2.2258,-1.6462, 2.6340, 3.6602,-2.8168,-3.7232, 2.0963,-1.0673, 3.6049,-1.6208, 1.3136, 1.0085,-1.5576, 1.6713,-2.3282,-2.0701,-2.7139, 3.4227, 1.2203, 3.3699, 2.4286,-0.0553, 2.9236,-1.6648,-1.7956,-4.9004,-0.7794,-1.0666, 4.0442,-4.7259,-2.9850, 2.6651, 0.6774, 1.4952,-3.2447,-3.5157,-0.5157, 1.8370, 1.2562,-1.6968
-3.2060,-4.1404, 2.9443, 1.4889,-3.0885,-2.2868, 4.5742,-1.8007,-2.5792,-0.6254,-4.1583, 3.8582, 0.5830, 1.6125,-1.7169, 3.2384, 3.3224, 4.2373,-0.6976, 4.2846, 2.7266,-3.3039,-1.1562,-3.0136, 0.3319, 2.0039,-0.1257,-4.8152, 3.0262,-3.6610,-3.8803, 3.9544, 1.4855,-0.0456, 2.5377, 2.9473,-2.0534,-0.4317,-4.4400, 4.9095,-0.4547, 0.6383,-2.3462, 1.7675, 0.0086,-4.8342,-0.7684,-3.8935,-4.1672, 2.4843,-0.7056,-3.5708, 1.5040, 3.8368, 1.7717,-3.6947, 1.6488,-2.0127,-4.3326, 0.8161,-0.6628, 0.8577, 2.6682,-4.9373,-3.2409,-4.9546,-2.7635, 0.8693,-4.3682,-3.6969
-3.7465,-2.6385, 4.9881, 4.7387,-4.1662, 2.9011,-0.7997,-0.7632,-0.1555, 1.1528,-3.9948, 3.5371, 2.0585, 4.3444,-2.0065, 3.5584,-3.6332,-2.2752, 1.6366, 2.2103,-0.2707,-4.6106, 3.8480,-3.4370, 0.6840, 1.1766,-0.4987,-3.6272, 4.0219,-3.6988, 4.6878,-4.2850,-0.0628,-2.9606, 3.9532,-0.5199,-3.9489, 4.4260, 2.4760,-4.8149, 4.4971,-1.7938,-0.3547, 1.3603,-4.1547,-3.7644,-4.5607,-4.8336,-2.8945,-4.9211,-1.0451,-4.2221, 4.2783,-2.4691, 2.0137, 2.4983, 4.4964, 2.2214, 3.4034, 4.2017, 0.1440,-0.2764,-2.4079, 1.9009,-3.9746,-4.0140,-0.9622, 1.0323,-1.5396, 1.6997
-3.0997, 0.1299,-2.2643, 3.6178, 3.4644, 4.5497,-0.6871,-1.0666, 1.1568,-2.4454, 2.6931, 4.1315,-0.5556,-3.4714,-0.7152,-1.9952, 4.8721, 4.5596,-3.5293,-1.4837,-0.4109, 1.5215, 4.0800, 1.7911,-4.8479, 0.1618,-2.5817, 3.0926,-1.8772, 1.7762, 3.9153,-1.7172, 0.8140, 2.7009,-4.2678,-2.7105, 1.1227,-3.7575, 0.6899,-3.0709,-4.7358, 0.5222,-1.3490, 0.9128,-2.0884, 1.3888,-0.3858, 0.2557, 0.5755,-4.4648, 0.3912, 3.6377, 1.0231,-3.4582,-3.8664, 4.8951, 4.5570, 0.5331,-0.5269,-3.5236,-2.0980,-3.8329,-3.2874,-3.1277, 1.0920,-3.3522, 2.5638, 4.4056, 4.9736, 0.3501
 3.2517, 3.7821, 1.0435,-2.4241,-3.2550, 3.9801, 1.0827, 1.1278, 4.9352,-2.0836, 4.8677,-4.5868, 0.8575,-4.6788, 3.5963, 3.1324, 0.1003,-1.6350, 1.5096, 1.2075, 4.1036, 3.9208, 4.1792,-2.6997,-2.2598, 1.0892, 3.9313,-0.8857,-4.1435,-3.3017,-4.7215, 4.2939,-4.2362,-2.6757, 3.0047, 3.9757, 2.6829,-0.2756,-1.5353, 2.6408, 3.1350, 0.7507,-2.9333,-4.0446,-2.4581, 2.1524,-3.4554,-3.2384, 1.5062, 0.1341, 3.7596,-1.5608, 4.8391, 4.3219, 3.6149, 3.3327,-2.7611,-4.1348, 0.6545, 0.1445,-2.1044,-0.7175, 2.1485,-0.5714, 0.2653,-2.3281, 0.6227,-4.2606, 0.8529,-1.1556
-0.1080,-2.9880, 2.2262,-1.1072,-0.3343,-0.0968,-4.7360, 1.1703, 4.9684,-0.9458,-2.4432, 0.5485,-0.5673, 1.4054, 4.7886, 3.1713,-4.8958,-3.5812, 0.7632, 4.6348,-0.4177,-1.0580, 4.5951,-2.6097,-1.9405,-4.8547,-2.9674,-2.4670, 3.4417,-1.2111, 2.3598,-0.9911,-4.8202, 0.1331,-2.2173, 3.5242, 2.0392,-1.9512,-0.4976,-1.5080,-2.2836,-1.9982, 0.0547,-2.6145, 4.4890, 4.0408,-4.7721, 2.8036, 2.8479,-3.6936, 3.9298, 0.1747,-4.8067,-1.7440, 4.6931, 4.0045, 1.6339, 1.3760, 4.6599,-4.6749,-2.2628, 3.5211, 4.0148, 3.1510, 2.9804, 0.0270,-2.4772, 3.9201, 4.9354,-2.7034
-2.2947, 1.9430,-1.8579, 1.5484,-0.9320,-0.5532,-3.9000,-4.3998,-1.6240, 0.1652,-2.2739, 4.7714,-0.4218, 3.1942, 2.2408,-2.4257,-4.8422, 0.0831, 0.4286,-1.7854, 3.9977, 4.1252, 3.8316,-3.1945,-1.9909,-1.4712,-0.8932, 0.0853, 2.4028, 1.1862, 1.1618,-1.7094,-1.3026,-0.2914,-0.3010, 4.9745, 1.8734, 3.3339, 3.1508,-1.7079, 2.8015,-1.6316,-3.7719,-2.8883,-2.6569, 0.1865,-2.2798, 1.7177,-2.9671,-4.3105,-3.2580, 1.2471, 2.1186,-1.4155, 1.1653, 4.3179, 4.4190, 3.6654,-2.0318,-2.0557, 3.6074,-1.2003, 2.4779, 4.3062, 1.5504,-3.1642, 3.9632,-4.7242, 0.0958,-2.5001
-2.6944,-2.9575, 1.5230,-1.8990,-4.8033, 0.7348, 4.4659,-0.6016, 1.1595, 0.6739, 1.3702, 3.0090, 2.1770,-2.3710,-2.0689,-2.2500, 3.6885,-0.1395, 2.8787,-4.5929,-2.9564, 1.1218,-0.7604, 1.5699, 4.4951,-4.7386, 3.4801,-4.0102, 4.7968,-4.8310,-0.3866,-0.7500,-2.2721,-0.9870, 3.3946, 2.0598, 3.9775, 1.1581,-2.7141, 3.9815, 1.3556, 4.6669,-2.1063, 4.9053, 4.5661, 0.1215,-1.0694, 3.1638,-0.7417, 2.9006,-4.1787,-1.3051,-2.8016,-3.9644, 1.7936, 2.5662,-1.3935, 2.4079,-3.7663, 1.7983, 3.7730,-4.9305, 0.9499,-2.6694,-0.2912,-1.6095, 1.9289,-3.3444, 3.7069,-4.5294
 1.2520,-4.0391,-2.7166, 1.8135, 3.9431, 2.1910,-0.2021, 0.2539,-4.4689, 0.9551,-4.0537, 0.6703, 3.5651,-3.4193, 1.0584,-4.6257,-2.9314,-1.1551,-1.7295,-3.1820, 2.3606, 3.5439, 4.6013, 3.8554,-0.1754, 4.0672,-1.8912, 0.1893,-0.5106, 3.2597,-0.5652, 2.9694,-1.7851,-0.6683,-1.2895, 2.3692,-2.3677,-4.0418,-3.4240, 3.2890,-2.2517,-2.0334, 1.4941,-2.8793,-2.4085,-4.1371,-4.3760, 4.7820,-2.3010, 2.5819, 4.7242,-0.4735, 2.1962,-4.7535,-3.0430, 4.9085, 1.8768,-4.0563,-0.9382,-1.6911,-1.1018, 3.9051,-3.7721,-2.2996,-0.8954,-4.5962, 0.2974, 4.3795,-0.5260,-1.4203
 3.5952, 3.0472, 2.3059, 1.8082, 2.8780,-0.5607, 4.0617, 3.4015,-4.7090, 1.0661, 4.5186,-3.0981, 3.9707,-3.2040, 2.2274,-0.2571,-2.4112,-3.6448, 1.7025, 0.5905, 2.1517, 3.5666,-0.3151, 3.7052, 0.4924,-1.3744, 0.1929,-2.5331, 0.8073, 3.2632, 2.3732, 4.0453,-4.7392,-1.8334,-3.2540,-0.0298, 3.8610,-0.8642,-4.3819, 3.9417,-4.3163,-4.2970, 2.6725,-4.8664,-1.1865, 4.2156, 4.3396,-0.8948,-0.0585,-0.2170,-3.1854, 3.4148, 1.2719, 4.3478, 3.0248,-4.7499,-2.5126,-0.4337,-2.4782,-4.8246,-2.9988,-2.3754, 0.1771,-0.1261,-3.6324, 2.6373,-3.7209,-2.8423,-3.5272, 2.0817
-0.1888, 2.7633,-0.1485, 1.3575, 2.1863, 2.8694,-2.9944,-1.9213, 4.5561, 0.8918, 2.5436,-0.9148,-4.8460, 3.5420, 3.9246,-0.1376, 0.4803,-4.3329, 2.5277, 0.2063, 4.7959,-3.1419,-4.0217,-1.3132,-2.7753,-4.1647,-1.6762,-0.2128, 2.4614,-3.1973,-2.9544,-1.4581,-3.6291, 4.8331, 2.0691, 2.7887,-0.0020, 2.1980,-0.3154, 4.7791,-4.7550, 1.9280, 0.5947,-4.5685,-4.9465, 2.5264, 3.0559, 4.2514, 1.9583, 3.9376, 3.6150,-1.6112, 4.1766,-1.5760, 1.8794, 0.1650,-3.1564, 1.9402, 2.7186,-0.4064,-2.8000,-4.2808,-3.8234, 0.0156,-3.9524, 1.5869,-4.1292,-4.3767,-3.9916,-3.4287
-2.9329, 3.8056, 2.8370,-4.8564, 3.2267, 1.9179, 2.4784, 4.2501,-1.7125, 2.5195, 4.6570, 0.2346,-0.1298, 3.7978, 2.9991,-0.4237, 3.2091, 0.2309, 1.5549,-0.8490, 1.2146, 1.7082, 2.8112, 2.1860, 2.1122,-4.3320, 2.6978,-1.4250, 3.4273,-2.7094, 4.9384,-1.5727,-2.1201,-0.1229,-3.5718, 3.0249, 1.8637, 0.6720, 3.8101,-2.5057, 0.7951, 4.0952, 4.2017, 4.6035, 0.9162,-2.6692,-0.9059, 4.6331,-2.3867, 2.0731, 3.4197,-4.7243,-2.5934,-2.8034, 2.8406,-0.9808,-0.0000, 3.0000,-2.7758, 1.8648,-2.9763,-4.9372, 3.3892,-2.5970, 1.8119, 2.5569,-3.9935, 0.8595,-3.0194,-1.5264
 0.2373, 3.3033, 0.8344,-0.7433,-4.5225, 4.9015,-2.1104,-1.6670,-1.4342, 0.8745, 1.0668, 3.5228, 2.2048,-0.9290,-1.0155, 4.0734,-2.9623,-2.7763, 0.6763, 1.1261,-4.2642,-4.6282, 3.4358, 3.3597, 4.6814,-4.0938,-1.5776, 4.3343, 4.8325, 1.8949,-0.4190,-2.4906,-3.1229,-1.7065,-4.1413, 3.1257,-3.1603,-3.3247, 3.1178,-1.8081,-2.0030, 1.8946,-1.0870, 4.2876,-4.2493,-1.0445, 4.5309,-1.9182,-2.4436, 2.0005,-0.9970,-1.2970,-0.3872, 2.3990, 0.2374,-0.9868, 2.0165,-4.8925,-3.9367, 1.0498, 1.5308, 1.2140, 4.5297, 2.7215, 4.5196, 1.8283, 1.2510, 3.3872, 1.7988, 2.2795
-1.0078, 1.1653, 3.7757, 0.8568,-0.2006,-4.1355, 1.0557,-1.0418,-0.2829,-1.8805,-3.9596,-4.9964, 3.4857,-0.1339, 4.7015,-0.2396,-2.4194, 1.4839,-0.4258,-3.4119, 1.1430,-2.8278,-3.4985, 0.9732, 1.1737, 0.1432,-0.5706,-2.9412,-4.0617, 3.9887,-1.4014,-0.8200, 1.1461,-4.5750,-1.2873, 3.1543,-2.4070,-4.9029,-0.4758, 3.5434,-4.7928, 2.1713,-3.6851, 2.4558, 0.4564,-2.8093,-3.7560,-0.6027, 4.7270,-2.7115,-2.2601,-2.2436, 2.7296,-4.1354, 2.7215,-4.3657, 2.5435,-4.7988,-2.6706,-3.6748, 4.8833, 4.3020, 3.2400,-3.4376,-4.8397, 3.9196,-4.0941,-2.4450, 3.1528, 0.2224
 0.5708,-2.7259, 2.2694,-0.1770,-1.4815, 1.1794, 3.7428,-3.6692,-2.8509,-1.7470, 4.3559, 3.4084,-0.0271,-4.9584, 4.5496,-2.2172, 2.5527,-1.9635, 2.7172,-0.0985,-3.9267,-0.6822,-4.6504,-3.0376, 1.9006,-0.3687,-4.5539,-1.0180, 1.1012,-0.9911, 3.3281, 4.9106,-4.8233, 4.6698,-2.2748, 0.0022, 4.1822,-3.6968, 2.5661, 1.0513, 3.3345, 3.4219, 2.5783,-3.3850, 2.7331, 0.5101, 0.1940,-2.3285,-0.0497, 4.6655, 2.7567, 0.7315, 3.5002, 0.8510, 2.7375,-3.3297,-4.0484, 1.8982, 4.2315,-3.3069,-2.8984,-4.5332, 0.2454, 2.3939, 4.2905,-4.8770, 1.7960, 2.3296,-3.8423,-3.1040
-1.4999,-2.2884, 0.7731, 0.8652,-0.8352,-0.7315,-1.6942,-1.5933,-3.5814, 4.6695, 1.0276,-2.8064, 0.2435,-2.2405,-0.3125, 4.7159, 3.5691, 2.1630, 4.9239, 4.2724, 3.0312, 2.0942,-1.7623,-0.3694,-0.0476, 0.6387, 3.0575, 4.2951,-2.0629,-1.3356,-0.7425, 3.1102,-1.3959, 4.0402, 1.2692, 2.8631,-3.5371, 3.1321, 0.4057, 1.1040, 0.9276,-4.7442,-0.7014,-3.1751,-3.5006,-0.4251,-4.1686, 2.7366,-1.2964,-3.7926, 0.6185,-1.2838,-0.9136,-2.2405, 4.8707,-4.2104, 4.9115,-2.3928, 3.3836,-2.5820,-1.8470, 2.7764,-2.3115, 2.5549, 2.2887,-3.9710, 4.4320,-1.4547,-1.9619,-3.4596
 1.5483,-4.2727,-4.3675, 0.8372, 0.6642, 3.3230,-2.7546, 4.4521,-1.4463, 2.6465,-0.9108, 3.4169,-4.9953,-0.7994, 3.5616, 3.9513,-2.6739,-0.5897, 0.3803, 2.5848,-1.7948, 3.9593, 1.9885,-1.4025, 1.4897, 3.1578, 1.6759,-4.7219, 1.6355,-0.8084,-1.5454,-3.5861,-0.1061,-1.5248,-3.6601,-4.5831, 1.6991,-0.1129, 1.1982,-2.4246, 0.3239, 3.5770, 2.6679,-4.1532, 1.0893,-1.3444,-1.1295, 1.1633, 2.0551, 2.3617,-2.9470,-2.9466, 1.8529, 1.1338, 0.1151,-0.2927,-2.7973,-2.7148,-1.5725, 0.4759, 2.0994, 3.2691, 1.8106, 0.3427,-4.2354, 3.9796,-1.8365,-3.5796, 3.2339,-3.5464
-2.2507, 0.7586,-1.4642, 1.0026,-2.3627,-3.7728, 2.3543, 3.8015, 1.7407,-3.5155, 0.8692,-4.3087, 0.6513,-0.4044, 3.8243,-0.8895, 0.5457, 3.6351,-4.6526,-3.4960, 0.6849,-3.2844,-2.0677, 3.9490,-2.7246, 1.7749,-2.0442,-2.5193,-3.9250, 4.7169, 3.6526,-3.9707, 4.4217, 2.8071, 1.2665, 0.0419, 1.5458, 3.1351, 0.1989, 2.5995,-3.1047, 4.9411,-3.7523, 2.1552, 2.2295, 1.6086,-4.8924,-2.5301, 0.1698,-4.7709,-2.6234, 3.4108,-1.4718,-2.2970,-4.7150, 3.8472,-0.6427, 2.9289, 0.8934,-2.8759, 2.0636,-0.4959,-1.3802, 3.8701,-4.6832,-2.5228,-3.7146,-4.2742,-1.3492,-4.7921
-0.8749, 3.5014,-0.0960,-4.0970,-1.2911,-1.6758,-0.1933,-4.7610, 3.3876,-3.7350, 0.7766, 2.0145,-3.8394, 0.3380,-3.7637, 0.4582,-1.9162, 3.4461, 3.9020,-0.6798, 1.6558,-0.3899,-1.9951,-4.6869, 2.2117,-3.9777,-3.2976,-3.4186, 1.2716, 1.7950,-0.2131,-4.1758, 3.5011, 0.5654,-3.5904,-1.0452, 3.4562, 0.9162, 4.9685,-0.1106,-2.1662,-4.2090, 4.8522, 3.6170, 4.3395, 2.1528,-3.6554, 4.8727, 4.5232,-4.4641, 4.7124, 2.0540,-4.6574,-3.1138, 2.5203,-1.0804,-1.6454, 0.8951,-3.4909,-3.1699,-0.2663, 1.4776,-3.8253,-3.4681, 2.5197,-2.9655, 2.3759, 0.8300, 2.8616,-3.4523
 2.7404, 0.1412, 3.8954,-4.3200,-2.6957,-2.8231, 2.2372, 2.7266,-3.5634, 1.5573,-0.1764,-1.5719, 3.8688,-1.6308,-0.8455,-1.1382,-0.9804,-1.2458, 3.9006,-4.9179,-1.5037,-1.3570, 3.9945, 0.3340, 1.6715,-3.8470, 1.5348, 1.7576,-1.7439,-3.1609, 4.5280,-4.2172,-0.2378,-0.6478, 4.2728, 1.0885, 1.9843,-1.2336, 3.3186,-3.0467, 3.1823, 3.5662,-1.2038, 0.7900, 1.5329, 2.1768, 4.8738, 2.9512, 4.5875,-3.6218,-2.7421,-3.5204,-1.7175,-4.0408,-1.6432,-1.6753,-4.2131,-4.5198,-3.8365, 0.7592, 1.2186, 4.9369, 0.6586,-0.4818, 2.4154,-0.2082, 4.0585, 2.5652, 0.7771, 2.5554
-1.1794,-1.7788,-1.3506, 1.0867,-2.0007,-4.0531,-2.0187,-4.1575, 0.4714, 4.3587,-1.5724, 1.6240,-2.9643,-3.2371, 3.4666,-3.6810,-4.9262, 4.5486, 0.5656,-2.9113,-3.0285,-1.5043,-0.2850, 0.4375, 1.4735, 4.3119,-3.1016,-0.7464,-0.4647,-1.6570, 3.9363, 3.1914, 3.2318, 3.2716,-2.6483, 0.5907, 3.1530, 1.8995,-3.5007, 2.4329,-0.8306,-2.8430,-2.4771,-1.3848,-4.1234,-4.5411, 2.5508,-2.0534, 3.9694, 1.5869, 1.5123, 4.8312,-0.5066,-0.8805, 4.4483, 0.6866, 2.2373,-2.2631, 2.9880,-2.9433,-3.5732, 2.6122, 0.5867,-1.3727, 4.8626, 2.3802,-2.3277, 3.1323,-3.4093, 4.3684
-2.7720,-3.7621, 1.7834, 1.8134, 1.4512,-4.9414,-0.5720,-1.3239,-1.0798,-4.1884,-0.8564,-2.5313, 3.4267, 2.4939,-3.6684,-2.1293, 1.3509, 1.1254,-1.6472,-4.6425, 3.7696, 0.1694,-2.1557, 4.1678,-1.2062, 1.5348, 3.0225, 1.7704, 1.8614, 4.3042, 4.6536,-2.5047,-2.8269,-3.7491,-2.9902, 3.3381, 4.7512,-4.5785, 0.2278,-1.2092, 2.4236,-1.0671, 3.5968,-4.1704,-4.1894, 4.0115,-3.3785, 3.5713,-3.9513, 0.2258,-4.8963, 4.8900,-4.2788, 0.9766, 4.3937, 0.5030, 4.5747,-2.1801,-3.2611,-0.4493, 4.7877, 1.0603,-3.7907, 4.7624, 1.5395, 2.8111, 2.0524,-4.8769,-2.1679,-0.3817
 3.7280,-4.7139, 2.1754, 1.7115, 4.9072,-1.7370, 1.6803,-4.0669,-3.8157, 4.3739,-2.3854, 1.7340,-4.9203,-2.8459,-2.9144,-4.2077, 0.3324,-0.0406, 1.3606,-4.5902, 0.6970,-3.7050, 2.8514, 2.8766,-1.3861, 2.7547,-1.5619,-1.0203, 3.7484,-3.1903,-4.1588, 2.8121,-2.5135,-2.0139,-0.8893, 4.6692,-2.8803,-0.0961,-4.5173, 3.5342,-0.9991, 0.6935,-3.9520,-2.5894,-1.8049,-2.2925,-2.2457,-0.8205,-4.5366, 0.1311, 2.1422,-2.1348, 2.1894, 2.4615,-4.3426,-3.5657,-3.8470,-0.1883,-3.4800, 2.0765,-3.5367, 4.8508,-2.4585,-3.9355,-1.6639,-2.4020,-3.9040,-0.3722, 2.7403, 1.9973
 3.3464, 3.3331,-2.3547,-3.6725,-2.7031,-0.3312, 4.9501,-0.7650,-3.1217, 4.3837, 1.5293, 1.1717,-4.7103, 4.6549,-2.2422, 2.8208,-4.7620,-0.0872, 0.7197,-1.5795,-0.4151, 3.3930, 2.5708, 4.7449, 1.4952,-0.5898, 4.9956,-2.5674,-3.8446, 4.6258, 3.4145,-4.2261, 2.7998, 2.5402,-4.4805, 0.1628, 3.2684,-4.3326, 4.5133,-0.1484,-0.7724,-3.7382, 0.3405, 1.3083,-2.3203, 2.1029, 2.1416, 0.5893,-1.2551, 4.4330,-2.2623,-4.2872,-1.2627, 3.9515, 4.2859, 0.9512, 0.9698, 0.5243, 2.1027,-4.8093, 3.1238,-0.2724,-4.2257,-1.5531, 2.4758,-4.2143,-1.8146, 3.1807, 1.8309,-3.5280
-3.0836,-1.6854, 2.6525, 3.0785,-1.3577, 2.4941,-3.6073, 4.0020,-3.2375,-3.9744,-4.0561, 4.1997,-1.1308,-3.6798, 2.5485,-0.2559, 2.2777, 3.5378, 3.6800, 3.9744,-1.8958, 3.4423, 2.6286,-4.1109,-2.1066,-3.7116,-4.8194,-2.2729,-0.5397, 1.6243, 2.7024, 3.4216, 2.8553,-2.9070, 4.9581, 4.1296,-1.1417,-2.5570,-2.8998,-0.6598, 0.1470,-2.2465,-0.1915, 3.5622,-2.7345,-0.3446,-1.4285, 1.2545, 4.1610,-0.3421,-1.3781,-4.8803, 0.4870,-1.7446, 2.9805,-1.7194,-2.8933,-1.1214,-1.3821,-0.6018, 4.4187,-2.5010, 2.3826, 2.2778,-2.2859,-0.3300,-0.9701,-3.9134, 4.1801, 0.1617
-2.9478, 2.1034, 1.3221, 1.4570, 0.8941, 4.9031, 0.1288,-3.7092,-3.5036, 1.6756, 4.7004,-2.4550,-2.4871, 2.1002, 2.7635, 1.9144,-4.3981,-0.3932, 1.8360, 2.9144, 3.7847, 2.6351,-2.4037, 0.5333,-2.4904, 3.5607,-3.8695, 3.3823, 1.6962, 4.3665,-3.3293,-4.6837,-3.0698,-0.8103, 4.2360, 3.9295, 3.5871, 2.3735,-0.7836,-0.8441, 0.9838, 3.3468, 4.5347, 0.8076,-4.8112, 0.7212, 2.8043, 1.6438,-3.0949,-0.6268, 0.6771, 3.8735,-0.4393, 2.1169, 1.6996,-4.3675,-0.8032,-2.3775,-1.8563, 3.1939, 0.6732, 4.9305, 4.4831, 4.5482, 2.5065,-2.1900, 4.9036, 2.4531, 2.5656,-4.4445
 2.4993, 3.3461, 0.6843, 2.5709, 3.9060, 0.8316,-1.6079, 4.4797,-2.2647, 1.4149,-2.2034, 0.5308, 1.2886, 0.6440,-3.2632, 1.7999, 3.3724, 3.4571,-2.0711,-0.5395, 2.5209,-3.6931,-3.7642, 2.3378,-3.0879,-4.0765,-4.2400, 0.1949, 4.2317,-0.6728,-1.2300, 3.5368, 0.3300,-1.5244, 4.6108, 2.5939,-2.6138,-3.6857,-2.0278, 3.8416, 2.9798,-0.6320,-3.9274,-0.2252, 2.8585,-3.1399,-4.4116,-1.9356,-3.7776, 2.6464,-3.2034,-2.5389,-1.6271, 3.4124, 2.3868,-0.1971,-4.4569, 0.1043, 4.4903, 2.5619,-0.3187, 3.6482, 1.8991,-4.0903,-1.8644,-1.7832,-0.1997,-2.5141, 1.4729, 4.9899
-0.7087, 2.9681, 2.3104, 2.6810, 2.1066,-2.4769,-1.6985,-4.1254,-4.6044, 4.0830, 3.5448, 1.4916, 3.7007, 0.5281, 4.5389, 4.3535, 3.7104, 2.7290, 3.6438,-1.9529, 0.8989,-1.5282, 2.6071,-2.3801,-4.9758, 2.5463, 1.2591,-0.1809, 4.5905,-1.3137,-2.9277,-0.8058,-3.1445,-2.9219,-3.1740, 0.6875, 3.9103,-4.3328, 1.4597, 1.7792,-4.6655,-2.7974,-3.0862,-2.1151, 0.4185,-0.5644,-2.9493,-3.0933, 0.6847,-3.7852,-3.6494,-4.1015,-4.5210,-1.3569, 3.3471, 4.0818, 3.3825, 1.0036, 1.8300,-3.2123, 0.2594, 3.8922, 2.2222, 3.3727, 2.5386, 3.2103,-2.5272, 2.6343,-3.1084, 4.2197
-0.8541,-0.0147, 2.5147,-0.8388,-2.0664, 0.3732,-1.5881, 2.1067,-3.7468, 3.5700, 1.6273,-1.3240,-4.7589,-1.3636,-0.0587, 2.1395,-2.8315, 3.2219,-0.3327, 4.3598, 1.5622, 1.4509,-2.1193, 0.9069, 3.6551,-1.5129, 3.9908,-2.7712,-0.4911,-4.7054, 0.4695, 4.9565, 0.0953, 2.7419, 2.3532, 4.9102,-1.1748, 2.5961,-4.2017,-1.8293,-2.7374, 3.2824,-3.0593,-1.7343,-4.3105,-2.1711, 2.7227, 1.8891, 4.8776, 0.6246,-2.1416, 4.2426, 4.0269,-1.6747, 4.5473,-3.6698,-4.5564, 4.5284,-2.8005,-3.4649,-2.8895, 0.6428,-0.2917,-4.2993, 4.5473, 2.7657, 4.7445, 0.0186, 0.1726,-0.2557
 4.7958, 2.6154, 0.6402,-4.4245,-3.4110, 1.5767, 4.8694,-1.7690, 2.9702, 2.9281,-3.1444, 4.2379,-4.4420, 2.5105, 0.0809, 0.4272, 3.6421,-0.0231, 4.6762,-0.5639, 4.4973,-0.5124,-3.3022, 2.8079, 2.9481, 2.2258, 4.8509, 2.4005,-0.7145, 4.1807, 4.2212,-0.7214, 1.1824,-1.8730, 1.1845, 1.4562,-1.0063, 1.6398, 4.8146,-2.8234, 0.4476,-1.5912,-2.3248,-0.5019,-1.3684, 1.8326, 4.0104, 1.2279,-1.1432, 0.2963,-4.6410,-0.1876, 2.4289,-1.0610, 0.9036, 1.2573, 4.8788,-4.9694,-1.3124,-4.3150,-3.4742, 3.1957,-4.6570, 0.9375, 1.6982,-3.9410, 4.7836, 3.0781,-0.0027, 4.7887
-4.4762, 0.7030,-2.5308,-2.5698, 0.8582,-4.0115,-3.2968,-1.4570, 2.1769, 4.4484, 1.8093, 3.2149,-3.4736,-0.3887,-4.5057, 3.0286,-2.3492,-0.3820,-0.0321, 1.9325,-1.6220, 3.0962, 3.9808,-3.1912,-1.9275,-1.8640,-3.2327,-3.5754,-1.3840,-4.1275,-4.7582,-1.2980,-4.5795,-2.1325,-3.0252, 0.2959,-4.5691,-3.6212, 1.5904,-0.7081,-4.4774,-3.2748,-0.0298,-4.7422,-1.0858,-0.0148, 3.3462,-2.2666, 4.5084, 2.3483, 3.0532, 1.8475, 2.7686,-0.1275,-1.4878,-1.4986,-1.3053,-1.3337, 3.6878, 2.9135,-4.2566, 1.0104,-2.5926,-3.9043, 3.5741,-0.1003,-1.6766, 3.1937, 0.1680, 4.4991
 2.5131,-3.5767,-3.6494, 0.0484, 4.4559,-0.0408, 4.9311, 4.8204, 1.5493, 1.9420, 2.0949,-3.1353, 3.8401, 3.3827,-0.3836,-2.1293, 3.0973, 2.5330, 3.8936,-4.2908, 4.7363, 3.2179,-1.2657, 1.4194, 3.4133, 2.6039, 1.1933,-3.9309, 1.9577, 1.7384, 0.9473, 3.6451, 0.7965, 4.6483, 3.3828, 1.8318,-3.2950,-1.1533, 1.2754, 0.1042, 4.0399,-0.6305,-2.5675,-3.4789,-4.6423,-2.9564, 0.2184, 3.8276,-3.2980,-2.8624,-3.9461, 0.8829,-4.6383, 4.2151,-2.6620,-2.8613,-2.2596, 3.4442, 4.3751, 0.3708, 3.7865, 4.5873,-2.8895,-2.9114, 0.5487, 2.9735,-4.7860, 0.4247,-3.9198, 0.0542
-0.6429, 1.9220, 0.5682, 0.5584, 4.2136,-3.6437, 4.1424, 0.0441,-1.6670,-3.9598,-4.9847,-1.4375,-2.5836, 2.8957,-3.8760, 0.5703, 4.5598,-4.1537, 0.1574, 4.4518,-0.3477,-3.0142,-3.7781,-3.8376,-0.8785, 1.9176,-1.3934,-3.7260, 1.3202, 2.0789,-0.5154, 0.2416, 1.6784,-2.4470, 3.5191, 4.9819,-0.8122, 3.6075,-1.5121,-2.7910,-4.6455, 2.8846, 3.3920,-2.9253,-2.4993,-0.0699,-3.8443, 1.5724, 1.6513, 3.4866, 2.7205, 2.7427, 0.9133, 3.8956, 1.2410, 2.2969,-2.2528, 3.0571, 3.6179, 0.2293, 4.9749, 1.7879, 4.3683,-4.6285, 4.8734,-0.2486,-4.3026, 2.9288, 0.1608, 2.4391
-4.4782,-3.9691, 2.6478, 3.9778, 0.2914,-4.8728,-4.8294, 1.6933,-1.3863,-3.7572,-2.5419,-3.6221,-0.6486, 0.1098,-3.5210,-2.6497, 2.5148,-3.9106,-2.8042,-2.5151, 2.8507,-1.8394, 3.6715,-2.4790,-2.8171,-3.9887, 1.5357, 3.1019,-1.8122, 2.4793, 4.6426, 3.9225,-2.9082, 4.8640,-1.7251,-4.6790, 0.4563, 2.4057, 0.5400,-4.0395, 0.8009,-0.3541,-0.4597,-2.9286,-1.3569, 1.6350,-3.3620, 0.4166,-0.2670, 4.8327, 4.1188, 4.4162, 0.4276,-3.6077,-3.0622,-2.9745,-0.2135,-3.4869, 4.0241, 3.5413,-1.1390,-0.8794,-3.7711,-2.8577,-4.9397, 4.8500, 4.7027,-4.9419,-2.2007,-1.7569
 2.2135, 1.0773,-2.7367, 2.4762,-3.3804, 4.2358,-1.5226,-0.0542, 2.9316, 4.2248, 3.6660, 2.6317, 2.3052, 0.0248,-2.6084,-2.6717, 3.1132,-3.0471, 0.0294,-4.5551,-4.2151, 1.2303,-2.3985, 4.4608, 1.1238, 2.1470,-1.0677, 2.7440,-3.4935, 1.3838, 1.1553, 4.9514, 4.2637, 0.9632, 4.1477, 0.9539, 2.8256,-3.3364,-2.4443,-3.4041, 0.7088,-0.8335,-4.1016, 1.8784,-3.9481, 3.8188,-4.1489,-3.6559,-1.6697, 0.2043, 0.6786,-3.0130,-2.2418, 0.6634,-3.1650, 1.6509, 0.3274, 2.7358,-4.9549,-0.4272,-4.3212,-1.3170,-0.3969, 1.1168, 2.3700,-3.4656,-4.9384,-0.1344,-2.1432, 0.2711
-4.7646, 1.9698,-2.5434,-2.0508,-0.6022, 4.4023,-1.0243, 3.5716, 0.9589,-1.8099, 4.3089, 0.4463,-0.0908, 0.6202,-3.5468, 0.6824,-3.4594,-2.2438, 1.5163, 4.9290, 0.3817,-0.6524,-3.3370, 0.0457,-2.8793,-1.8132, 4.4467,-3.5075, 2.1297,-2.0830,-2.9246, 2.6493, 4.4134,-4.0327, 1.0170, 1.6492,-1.1612,-2.5172,-4.9699,-4.8891,-3.2457,-2.7388,-2.3895,-1.1867, 4.5563,-3.6404, 2.5867,-2.9319,-3.2124,-2.5846,-0.5482,-1.7308,-2.7632, 3.6838,-2.5686, 4.0541, 1.2073, 1.2902, 1.0443, 1.6546,-1.2746,-3.6725, 3.8018,-4.1510,-3.8271,-3.7241, 3.7838, 2.3842, 3.3194,-3.2677
 2.1859,-1.7939, 2.6378, 0.7156, 2.2982, 0.0016, 4.8015, 2.0498,-2.8261,-0.4968, 1.8178,-2.1994, 2.7481,-0.8670,-0.0165,-0.6539,-2.1589, 4.0530, 1.4336,-1.2645, 2.0334, 1.1304,-3.7451,-1.4166,-3.4122, 0.3644,-2.4725,-4.7994, 3.0888,-0.6414,-1.3925,-3.4240, 2.8310, 0.2548, 0.7138,-1.6906, 3.2863, 3.8402,-4.9087,-1.9557, 2.3683, 2.2389, 4.1656,-2.9530, 4.8120, 4.6043,-1.1653,-4.7086, 4.2047, 2.2603,-0.8670, 2.4600, 3.2985,-0.5524, 3.4319,-4.8069, 0.1969, 0.0440,-0.2395, 1.7265, 2.6238,-4.4252, 0.3427,-0.1429, 1.9923,-4.3041, 2.7720,-1.9162, 2.2259,-2.6421
-0.9832, 0.6693,-0.5533,-3.7249, 2.7722,-3.1093,-4.2650,-3.6949, 2.8243,-4.4704,-1.9326,-3.2217, 4.6250, 1.3831, 1.1465, 3.9117, 3.2630, 0.0137,-2.4407,-3.4983, 4.1633, 3.5130,-0.1545, 1.3515,-3.0391,-1.9229, 3.4272, 4.1171, 4.6655,-3.9315,-1.0145,-3.7382, 4.3821, 0.7801, 3.9979, 0.6027, 4.5147,-1.6902, 0.6249, 1.7829,-2.2508, 4.3730, 2.0296, 0.3366,-3.2774,-2.3874, 2.1004, 4.2944,-3.5867,-0.3244,-2.5697, 1.5899,-0.9101,-4.0926, 0.6193, 4.1765,-3.2006, 3.1376, 0.6968, 0.0790,-2.9414,-3.5116,-0.3721, 0.1855, 4.9652, 1.7861,-0.8769,-4.6682,-0.3222, 3.0077
-2.8118, 0.2560, 2.3590, 4.8283, 0.0829,-4.4193,-0.1188, 3.0318, 2.2187, 1.8182,-2.8925, 3.5094,-4.2535,-3.1602, 4.4983, 0.4629,-0.0278, 3.6319, 4.8846,-4.1431, 3.4973, 2.9345, 3.7010,-1.8785, 4.6801,-2.8337, 1.4260,-4.2595, 1.4863, 1.3347, 4.4294,-1.6100,-2.4751, 3.5163, 0.5465,-1.3767,-4.9012,-2.8122, 1.4511,-0.8002,-2.5299, 3.6251,-4.5018,-4.2539,-4.2527, 3.3773, 1.1020,-3.2387,-3.3899,-0.0609,-2.1370, 3.4917,-4.4790, 2.6444, 0.8380, 3.7250, 4.3516,-3.9753,-1.3912,-2.8888, 2.2664,-0.0340,-2.2477,-4.3927, 1.6665,-0.1773, 1.2831, 0.1503, 3.8614,-4.2024
