 0.7667,-0.7073,-3.0011,-4.7798,-4.7922,-4.2588,-2.0170,-3.9971, 4.3485, 0.4817, 2.5198, 3.6969,-4.0292,-3.6487,-4.2390, 0.8308, 0.5174, 3.2175, 1.7143,-1.3585,-0.8500,-0.4067,-1.8538,-4.0090,-4.6516,-4.6716,-0.9509, 2.4060,-4.5859, 3.5127,-1.7055,-4.5686, 0.8218, 1.6755,-0.2963, 3.4415, 3.7767, 4.4576,-4.1318,-1.2697, 0.6611,-0.4404, 0.5912,-2.6394, 4.7277,-2.8605, 3.1719,-3.4019,-4.2602, 1.9402, 1.3696,-3.2347, 0.5391,-4.1665,-4.7516,-1.4744,-2.3018,-4.8029,-0.3685,-3.5985, 4.9875,-1.1707, 2.2358, 0.1358, 4.2622, 0.2564, 2.8647,-3.5810, 1.8743, 2.1139
-2.4921,-4.8703, 2.8106,-2.8876,-4.7863,-1.3352, 2.7859,-0.1491,-1.1818,-2.3012,-1.6072, 1.3694,-4.9752,-0.5481,-4.2491, 3.6829, 4.0675,-3.6168,-1.1993,-3.4165, 0.1107, 1.6024,-3.2871,-3.5553,-0.1887,-2.1821,-4.6908,-1.7038,-4.5573,-1.2168,-0.9392,-1.2908, 2.1818, 1.9344,-1.4776, 1.8547,-2.8944, 3.6672, 1.4948,-3.1267, 0.1569, 0.1888, 1.3248, 1.9603,-3.3469, 3.7083,-0.1961,-3.7073,-3.5514,-3.8186, 3.3619,-1.7820, 4.6834,-3.5382, 3.3354,-1.6653, 4.9124,-1.3674, 4.4993,-2.3643,-4.6747,-4.4316,-3.3496,-1.0833, 0.4678,-2.1353, 0.3379, 0.1589, 4.5514,-0.3175
-2.1576,-1.6600, 2.2811, 2.4403, 4.1000, 2.4190, 3.9681,-3.2358, 2.4636, 1.5977, 1.9678, 4.3599, 0.2249,-1.9868,-3.0537,-0.0899,-3.1316, 4.1730,-0.3379,-3.4940, 1.4798,-2.2707,-0.9321, 3.9543, 1.3345,-2.6877,-4.5809, 4.8391,-0.3719, 3.5732,-3.3485, 2.4963, 2.5010,-0.0883,-4.3355,-0.8355, 1.5245, 1.9239,-4.5536,-3.9052,-1.1191,-2.0828,-1.1689,-3.9462, 0.3254,-2.1160, 1.8933,-1.9504, 0.2318, 2.8102,-3.6715, 1.9608, 4.7988, 4.0007,-1.5886,-4.0985, 1.5927,-4.2837, 0.0405,-1.5329, 3.4473,-4.8374, 0.5669, 2.2381,-1.5967,-1.6039, 3.2425, 3.5761, 2.8082, 1.2976
 2.1763, 0.1057,-0.1027, 1.8850,-0.4164, 4.3937, 1.8120, 3.0928,-4.8836, 3.4724,-2.4754, 0.0146,-1.9375,-2.3685, 2.6137, 0.9865,-4.3067,-4.2400, 3.4415,-0.9325,-1.1443,-3.0651, 1.7201, 4.2704, 2.7249,-4.8789, 3.9375,-4.1227, 0.6648,-3.7931,-1.0354,-4.0475, 4.4824,-3.8960, 1.7775, 3.0287,-3.1600, 1.4288,-2.0863, 2.2774,-1.6729, 1.2895,-2.5268, 0.9638, 3.7057, 0.4035,-1.7703,-1.4775,-3.9632,-1.8173,-1.0698,-2.1130,-0.5316, 0.9726, 1.7061,-4.9199,-4.1025, 2.2822, 4.3991, 4.2999, 1.1186,-3.9659, 2.9318, 0.4694, 4.0229, 2.7727, 0.8590,-3.5944, 3.6533,-0.1014
 3.3422, 0.4025, 3.8924,-1.3972,-2.2983, 1.0518, 4.9607,-0.8164,-2.9046,-4.9749, 4.9073,-3.1913,-2.6207,-0.4998, 1.6273,-1.2081, 0.0871, 0.9953,-1.7101, 1.0706,-2.4541,-0.5966,-1.0607, 4.2693,-1.6423,-2.9553, 1.7727,-3.5119, 1.0145,-1.4267, 1.1966,-2.4545,-3.5611, 1.7701,-4.3996,-1.0395, 2.7773, 2.3788, 0.3176, 3.5529, 3.2826, 3.1664, 1.0357,-1.4102,-4.5262, 1.3236, 2.4636,-0.7533,-3.0605,-0.0374, 1.2790, 3.2909, 2.2169,-0.3545,-3.6617, 2.2427, 0.5554, 3.5503,-3.6944, 0.0595,-2.6986, 0.6629,-0.6842,-3.4763, 4.8154,-3.5002,-4.7206,-2.2703,-4.6140,-2.8049
-4.6108,-3.2135, 1.3981,-0.1999, 1.6358,-3.8591, 4.2846, 3.9588, 3.8752, 3.4158,-0.4244, 4.6400,-0.5979, 4.9739, 3.1241, 3.4996, 1.5926,-2.9278,-0.7409,-1.1010, 3.2779, 3.6881, 4.2273, 4.8795,-1.6277,-4.5694,-0.8605,-0.4533,-4.6458,-0.0377, 4.5045,-1.3324,-4.9610, 3.6358,-2.7926,-2.6130,-1.8754,-4.0369, 2.4537, 4.3710,-4.6375, 2.2130,-0.7442,-3.2599, 1.5369,-1.5436, 4.8318, 2.2654, 1.5438, 4.3833, 1.2151,-1.9044, 3.8002, 0.6815,-1.7399, 0.3312,-3.4680, 0.8620,-2.6289, 2.9892, 2.7116, 0.9762,-2.8026, 3.0348, 4.0098, 4.7594,-4.4104, 1.3824,-1.7091, 2.8997
-3.6771, 4.3919,-0.7232,-3.8722, 4.5727,-4.0030, 1.1598, 4.3259,-3.1903, 0.3623, 0.9254, 1.2763, 0.4358, 4.1075, 1.7171,-0.9644, 1.3555,-1.3515,-0.8778,-2.3982,-1.8609, 4.3954, 0.3408,-1.5516,-2.5278,-3.5701, 1.8890,-3.5352,-0.3802,-3.1299,-3.4256, 3.1662,-3.4062, 4.5351,-0.3732, 0.4161,-2.9710,-3.8288, 4.6873,-0.3058, 0.4624,-0.0437, 2.9026,-3.7264, 4.2310,-2.0401,-0.9010,-3.7538,-0.7037,-3.3490, 4.8877,-3.4243, 4.1119,-3.0556, 0.4016,-4.1501,-3.3437, 4.7675,-1.6717, 2.7867, 4.0667,-1.3470,-2.9125, 0.6836,-0.7096,-1.3172, 1.2930,-4.1855,-0.1926, 1.2744
-2.1554,-0.8627,-3.7761, 2.9321,-4.7918, 3.0705, 4.5761, 1.4278,-0.8027, 3.6898, 3.6779,-2.6030, 2.1846, 0.6356, 2.9143, 2.8760, 2.8603,-1.7630,-4.7993,-0.6373, 3.7344,-4.5548,-3.1353,-2.8298,-2.4670, 4.3652,-1.4425, 4.4211, 0.7239, 3.2228, 2.1272,-0.7202,-3.7992, 3.4587,-1.8713,-1.5488, 1.9134,-2.8661, 4.3605, 0.6699,-3.1393,-0.4400,-3.6670, 2.4596, 1.4634, 4.0455, 3.7355, 3.6185, 3.1318, 3.3821, 2.8903, 2.1071, 2.5954, 0.8266,-0.8001,-0.1312, 4.4211, 0.0717,-1.5173,-0.6310, 3.7211,-1.4002, 4.6031, 0.7908,-1.4049,-4.9208,-2.9459, 3.6224,-1.8883,-3.7748
 4.6913,-0.9922,-4.9918,-1.7691,-0.3185,-0.4761,-4.3281,-1.0763,-3.8394,-4.2261,-3.1480,-0.6980, 0.2098, 3.1191, 4.2122,-1.1074, 2.0111, 4.8230,-0.2404,-1.4415, 4.1560,-0.5343,-4.4027,-3.7896,-3.2567,-0.1638,-4.0245, 3.8162, 3.6889,-1.1594, 1.7019, 1.3735,-3.5530,-1.6826,-3.3023,-0.0420,-3.2854, 4.7418,-1.7858,-0.7239, 4.1201, 3.5526, 4.2284,-4.0753,-3.8062,-1.0851, 3.6072,-0.8128,-1.7712, 3.6930,-3.2891, 1.9174, 1.7034,-2.2574,-0.4766,-3.6085, 3.1067,-3.2646,-1.7604,-4.8739,-4.0894,-3.2071, 0.1227,-1.3003,-1.0999, 0.3344,-4.7430,-3.5624,-0.5804,-3.1178
 3.4480, 1.4655,-1.9986, 1.3571,-1.6967, 4.4295,-2.9979, 4.5128, 1.8549,-2.4860, 0.7099, 0.2331, 2.1313,-3.1867, 0.6161, 2.2511,-2.9923, 2.2380, 4.8772,-0.7703, 2.8486, 0.5263,-0.9527, 0.7424, 2.8311, 0.0152,-2.9389, 1.8590, 4.2524, 2.7262, 4.6798,-0.4769,-4.1342, 3.9548, 4.9004,-3.8357, 0.4482, 2.1921, 3.6986, 1.7965, 4.1388, 4.6995,-0.9349, 0.3939,-3.1083,-2.7557, 2.6435, 3.3427,-0.9099,-3.6480,-3.0395, 2.3136, 4.0905,-4.7945,-0.6010,-4.6602,-2.7670, 1.9033,-0.5880,-4.5094, 2.7348,-0.7707,-3.2918, 1.8361, 0.7740,-0.2065,-4.7942,-0.4811,-2.5067, 0.9022
-4.0608,-4.3296,-0.2211, 4.5241,-0.0752,-2.9796,-2.2540,-3.7485,-4.5836,-2.9539, 0.7323, 0.9864, 3.0402, 3.9243,-2.4350, 4.7076, 1.6129,-2.0105, 0.8627,-2.5216,-3.4721,-1.2972, 0.3134,-0.1841,-1.4459,-0.3670, 4.5263, 0.0471,-4.4760, 0.0328,-4.4930, 0.9985, 3.6549, 2.2648, 0.7699, 0.1943, 2.4019,-2.9314,-3.6146, 0.4983, 2.0505, 2.6964, 1.1666,-4.3261,-4.7976,-0.3764, 2.9840,-2.1413,-2.1766, 1.0314, 4.6525,-1.5964, 0.7716, 4.9276,-0.9007, 2.0276, 3.8064,-3.0081, 1.8931,-1.3641,-1.0877, 1.5041, 1.0096, 3.9485, 4.1965, 4.8927, 0.1627,-0.2908,-0.5103,-2.6526
-4.4314,-4.0060,-3.2525, 1.5123,-3.3216,-1.9820, 0.0459, 2.0968,-4.4600, 1.3187,-0.4432,-3.1797,-0.9674,-0.4036,-0.7446, 2.2501, 2.3400, 0.9069,-1.1649, 2.4092,-3.3938,-4.0093,-1.9430, 0.9612,-3.9019, 0.9200, 2.5490, 4.5796,-1.6047,-2.5999,-0.7412, 3.4185, 3.6762,-3.8891,-0.3198, 2.3348,-2.4935, 1.8718, 0.3871, 3.9373, 0.4520,-2.4284, 1.0715, 4.4186,-3.8781, 2.6029, 0.8514, 3.5840, 2.9633,-4.8703, 0.3739,-4.1013,-2.0359,-1.0714,-4.8443, 1.7021, 4.5642,-4.2333,-4.8578, 0.4637,-2.3370,-4.7771,-4.2566,-4.9920, 2.2651,-2.7924,-3.2719,-4.7828,-2.8097,-2.6449
-0.9827, 3.1138,-0.0280,-2.3503,-3.7841,-2.9440,-1.1642,-2.6535, 2.7173,-4.0749, 4.7891,-3.2594, 0.2709,-3.9620, 1.5066, 4.8454, 3.1571,-3.1118,-2.8602,-3.4120, 3.3972, 2.1886,-4.0751,-0.2809,-2.4783,-3.5700,-3.6964,-2.1996,-3.6058,-1.6855,-0.9133,-4.0892, 4.7785, 4.6153,-2.3757, 2.3800,-4.5502, 4.7322,-3.4697, 2.2235,-0.2356,-1.3686, 4.9599, 1.5024, 3.3848, 2.3396, 3.1255,-3.4224,-2.2838,-0.1567, 4.2816, 4.0363, 3.7303, 3.6716, 1.1322,-4.4705, 2.4408,-1.5360,-4.5592, 3.8793,-4.0726, 2.6030,-4.2451,-1.9003, 0.0341, 2.7340, 1.9040, 1.0060, 1.5448,-0.9358
-0.0336,-3.7050, 3.2724, 2.2154,-3.6619, 3.3075,-0.2160, 4.6469, 2.5835,-3.2779, 1.5465,-4.5108,-3.7555,-0.9101, 3.0728,-2.3542,-0.0643, 4.0377,-3.7539, 3.3442, 2.0564, 3.6998,-0.3719,-1.4371,-2.3530, 1.1226,-1.9858, 3.9045,-1.4409,-4.9644, 4.2701,-3.4749, 2.1882, 4.2108,-1.4039,-1.4837, 0.5603,-3.3246, 2.8254,-2.2796, 0.9753,-1.6618, 3.2050,-1.6887,-1.2178,-0.0537,-2.5152, 0.8881, 1.3004, 3.7767,-1.0874, 4.5762,-1.5692,-1.2375, 0.5668, 0.5168, 2.2595,-1.0156, 3.9586, 4.7399, 1.0140,-0.8613,-3.5393,-1.9714, 1.9825,-4.3595,-2.0131,-2.1068,-2.4051, 3.2468
 4.3814, 3.4932,-2.7054,-1.0641,-1.8701, 2.9960, 0.9825, 2.7751, 1.7913,-0.2125, 0.9204,-0.8667,-1.1901,-4.9741, 0.3378,-4.7272,-2.4386, 2.7722, 4.6584, 2.4721, 0.5022,-2.7316, 2.9241, 1.5734,-1.1319,-1.1570,-4.3113,-4.0429,-0.2614,-0.5666,-0.9955,-2.5173,-3.9744,-3.4525, 2.6566,-1.2453,-3.4814,-4.3077, 0.5802, 0.0099, 0.3121,-1.8663,-2.5810,-3.4900, 2.0458,-1.3751, 2.5349, 2.6741, 2.9618,-0.6479,-4.7640, 1.6851,-0.0378, 4.3550,-0.9157, 4.4341, 4.0058,-2.9542,-0.5942, 2.7570, 0.1475,-0.0216,-3.5588, 0.6477, 3.6588,-1.5603, 4.1602,-2.4668,-2.1003,-2.7027
-2.4648, 2.4000,-1.2052,-1.9360, 4.6374, 3.2836, 3.0590,-4.0315,-2.3037,-2.5227, 3.4111,-1.2916,-1.7042, 3.8730,-1.6318, 4.7646,-3.2120, 4.7981,-0.3139, 1.5345, 1.1844, 2.5508, 4.5735, 0.9344,-4.1011, 2.0901, 4.8067, 4.0685, 1.9037, 4.9125, 0.8109, 2.6417, 3.0808,-1.7402, 4.9648, 2.7444, 0.1668,-0.9596,-0.2033,-0.1782, 3.7116, 1.7439, 1.8642, 1.5909, 2.2899,-0.1971, 1.6578, 2.2363,-0.4707,-3.9594, 0.7903, 4.1939,-2.6502,-0.1173,-0.8930, 3.5560, 0.5633,-4.5150, 2.3232, 2.3688,-4.5347,-1.7538,-4.6444, 1.7751,-1.1666, 0.0694,-2.1703, 1.9259, 3.4766,-3.6680
 1.5923, 3.8865, 1.9090, 1.8588, 2.1488,-1.6628, 2.5013, 2.3494, 4.1695, 1.4489, 4.9657,-3.8901,-3.2386,-4.6323,-0.3870,-1.9575, 0.2983,-1.0958,-0.4249, 1.8648, 3.0423,-3.1658, 2.5608, 0.3328,-3.4089, 1.3674, 0.5261, 2.8282,-0.0226,-2.8242, 2.6358, 4.4585,-0.1366,-0.9264,-4.4245, 1.3988, 0.9704, 3.2209,-2.2920, 4.8940, 3.4863, 0.2360,-1.7223,-2.3261,-0.9403, 0.0067,-1.7333,-0.7162, 0.0025, 0.2264,-2.9752,-4.4853,-1.0191,-3.4407, 2.8772, 2.2076,-1.3788, 4.4352,-3.9545, 1.4294, 0.9420, 4.3828, 3.2471,-4.3932,-0.2938,-4.6294,-2.0188, 4.2252,-3.3345,-3.5464
-3.4296, 4.1379,-2.9916,-2.6461, 3.1116,-1.3907, 1.1861,-0.0085, 4.9531,-2.3559,-1.1717,-4.9904, 4.1440, 0.1108,-0.8934,-2.4784, 4.3328,-1.9084,-2.0857, 4.4340, 3.9838, 1.0186,-3.7541, 0.2462, 0.2876,-4.9483,-0.1265,-3.4983, 1.3521,-4.5240, 4.2103, 4.8586,-1.7019,-3.6409,-4.6127, 1.3847,-3.6336,-0.3297, 0.9717, 2.2021, 3.7810, 1.7510,-2.1107,-1.0016,-4.8192,-1.7803, 1.9911,-3.3151, 2.9102,-2.1528,-3.8835, 0.1514, 0.6961,-3.7611, 0.8520,-4.2573,-3.3021, 4.9261, 1.3467, 3.1281, 2.4535,-4.1739,-3.8839, 1.2904, 1.2188, 2.8745, 1.9342,-4.6828, 2.9224, 4.8674
 2.7519, 2.4506,-4.5771, 1.6921, 4.2740, 0.1357, 4.6848,-0.5794,-1.5786,-2.3403,-1.4225, 3.8152,-1.8968, 1.1634, 3.3038,-3.4081,-4.7903, 1.8301,-2.7988, 2.5427,-4.2032, 1.4120,-4.2910,-1.3443, 2.4446,-3.7656,-0.9569, 2.8402,-2.4905,-4.8152,-4.5686, 3.9598, 4.2744,-2.9190, 1.8782, 0.1535, 1.8046,-1.9946,-1.9921,-4.4521, 4.7016,-1.7984,-3.5901,-4.8709, 3.6715,-0.9512,-4.3422, 1.5358, 3.3656, 4.3185, 3.2525, 0.1552, 0.6839, 1.4895, 4.6184,-0.4038, 0.4089,-3.2058, 2.3039,-3.8743, 3.1206, 2.4219,-4.2221, 0.9185, 4.9845,-1.0977,-4.7699,-4.5078,-1.0910,-0.2779
-0.9257,-4.7239,-3.3022,-4.5100, 4.8842,-4.0670,-4.2867,-1.4104,-2.3170, 2.5475, 4.4927,-2.1647, 3.7377,-0.6673,-3.1954,-1.0988, 1.5658,-3.8556,-1.4366, 3.1851,-0.9763,-3.4860, 4.3741, 1.8348,-4.9862, 0.9084, 2.3031,-3.7488, 2.6395,-2.7535,-1.6838, 2.7198, 0.5470, 1.4874,-1.2578, 4.4764, 3.4284,-0.9117,-0.7255, 0.9997, 2.4916, 0.9519,-1.6249,-1.8983,-0.2288,-3.4962, 4.8373, 4.1347,-2.2951,-0.1921, 2.1338, 0.9691,-0.0256,-2.1931, 2.9871,-4.1185,-0.5744, 1.1673, 2.2959,-3.9115,-0.8350,-4.8010, 2.1948,-3.6816, 1.3758, 3.6897,-2.6062,-4.3533,-0.5665, 4.9985
 1.3558, 2.9848,-1.1365, 4.0513,-0.3831, 3.8742,-3.4663, 1.6178, 2.0482, 4.5011,-2.5339, 2.3597,-1.6525,-2.9856, 1.7200, 3.8425,-4.0730, 2.9043,-1.9216,-2.5987,-0.8569, 3.8803, 1.9632,-0.8981, 0.9725,-2.4481,-0.2124, 0.7702, 1.5864, 2.6728, 4.4258, 4.6483, 0.1457, 4.4857,-0.9356, 1.0249,-0.7114,-2.1878,-4.0013,-2.0789,-0.7730, 1.3159, 2.5614, 0.6925, 1.1595, 0.3231, 0.3083,-2.3927, 0.1666,-4.4268,-1.4661,-4.9777,-2.3936,-2.6162, 2.5024,-3.5215, 2.2899,-0.0038,-2.8006,-0.4700,-4.1670, 3.3930, 3.1715, 3.9084,-1.9463,-0.1151,-0.8724,-1.8582, 4.1947,-0.5208
