 2.7782,-4.4262, 3.7760, 1.5462, 4.7942, 1.1365,-0.0838, 2.3218, 3.4263, 2.6162,-1.5651, 3.7863,-4.4271,-4.3075,-0.1986, 1.2248, 1.4989, 3.8630,-2.6265, 3.3551,-3.6127, 1.7864,-1.3259,-3.0436, 3.5003, 0.6740,-2.0633, 2.3615, 3.4545,-4.3034, 2.3021, 3.6336, 1.7112, 4.1987,-0.2538, 0.3421, 1.2789,-0.1035, 2.1277,-0.0872, 4.1536,-3.4379,-4.2735,-1.1388,-4.4502, 4.2661, 4.3455, 1.5336, 1.4577, 0.8404,-3.9394,-3.4313,-2.1888, 3.1683,-3.2636, 0.6984,-2.2915,-1.7750,-4.5867, 2.3086,-1.7641,-1.4689, 1.8081, 3.5948, 3.8557,-4.2292,-4.9041,-1.0345,-4.9490,-3.3864
-2.9441,-4.4664,-0.1700, 1.3042, 0.4627, 2.7850,-4.2720, 1.2243, 1.6442,-1.8159, 0.8408,-4.7541, 4.2771, 3.6093,-4.2242, 3.0484,-1.4599,-1.4068, 0.7986, 3.1523, 1.8318, 2.2477, 4.5329, 0.6192, 0.8630,-3.5947,-1.5264,-0.6009,-0.2668, 0.1224,-2.9333, 2.8579,-2.1336,-4.9446, 2.4867, 1.2523, 3.6022,-4.6581, 3.9445, 3.2492, 3.7081,-2.5760, 4.1006,-0.8691,-4.9935,-3.6612, 2.9940, 0.5477, 1.6704,-1.1052,-3.5001, 3.5558,-2.9321, 0.3244,-4.1299,-0.1111, 4.6739, 1.5308,-2.0198, 3.1046, 4.9494,-0.4967,-1.7728,-1.8725,-4.4458,-3.2810,-1.8580,-3.3541,-4.4655,-4.5748
-2.4173,-0.9740, 2.8675, 4.4759, 2.0958, 1.5567, 4.0888,-3.3109,-4.5435,-0.3177,-1.7295, 4.5486,-0.9008, 4.4981,-0.8678, 1.6944, 4.0145,-0.6460, 4.0404, 2.3399,-4.5449,-2.7393,-4.0273, 1.5839, 0.3928, 2.6260, 4.8762, 4.9952,-0.4390, 2.5295, 1.9024,-3.3722,-4.9794,-1.1654, 4.7182,-4.0695,-4.0914, 0.5687,-3.4855,-3.3433,-3.6425,-3.9531,-4.3048,-1.7621, 0.9049, 1.4620, 1.4782,-2.4074,-1.9068,-1.0822,-1.0151, 0.1031,-2.3861, 4.1950,-3.8182, 2.4598,-0.4295, 2.7891, 3.3074, 2.4206, 1.8072, 1.4419, 3.3606,-4.8318,-4.8648,-0.6659,-2.4748,-2.6421, 0.7440,-4.9386
-4.5217, 4.5753,-0.9435, 2.3076,-3.7548,-1.2304, 2.5862, 2.9213, 0.6362, 4.7739,-2.9651,-2.1137,-1.4098, 2.6624, 1.1091,-0.6124, 3.4627,-1.5551,-4.5411,-1.2144,-2.0137,-2.7495,-4.9944,-1.7240,-2.7969,-2.9515,-0.3982, 0.8359,-4.5997, 4.2885, 1.0846, 4.7264, 2.5854,-3.5217, 3.1853, 0.7494,-1.9900, 2.9745, 4.0605, 1.8060,-0.2809, 2.6575, 1.0829, 3.1411, 4.8679,-4.3426,-4.1516,-2.7919, 4.8352,-2.6867,-2.3777,-4.5989,-4.2974, 0.8081,-4.6865,-1.9045,-1.2720,-1.1800,-2.9715, 0.8490, 4.7547,-4.0772, 4.8379, 0.3009, 2.2823, 4.6647,-2.4983,-1.3913, 1.2983,-3.0839
-3.6251,-3.8215,-3.2214, 2.7421, 4.4178, 0.8906, 1.0870, 2.0873, 0.4384, 2.5962,-3.6174, 4.9874,-3.9608,-4.2052,-3.7144,-1.9673, 4.2730, 1.4716, 2.1552, 2.7360,-1.1565, 3.0452,-4.1775, 4.4420,-0.2764, 1.5014, 0.4651,-4.0679, 2.1227,-3.9704,-2.5637, 0.7741,-2.3557, 3.4840,-3.1595,-1.4765,-3.8080,-4.0784,-0.7661, 0.8568, 2.4355,-1.1862, 0.3459, 1.0929,-1.0385, 1.5833, 0.1741,-2.2602, 1.3760,-3.9188,-4.8404,-3.4170, 1.4879,-4.1375,-4.8033, 0.3521, 0.6175,-0.3941,-4.9056, 0.5403,-3.2949, 2.6686,-0.3844,-2.2497, 3.9404,-4.2854, 1.3413,-1.0987, 2.7125,-1.4190
-2.3432, 3.7615, 1.4593, 4.0185,-0.6672, 1.0085, 2.9013, 1.8664, 3.7675,-2.7483, 1.0640, 4.1893, 1.9558,-3.4005, 4.3113,-4.0311, 0.7585,-3.2021, 4.1435,-4.7714, 0.2118, 4.9770, 3.3048, 1.2116, 2.2329, 3.7629, 1.9921,-1.7016, 4.5357, 1.2773, 3.2627,-4.4576, 4.4605,-1.1655,-1.4490,-1.7917,-1.1005,-3.4810, 3.6976,-4.3789, 0.7053, 4.4503,-0.6866,-4.6613, 3.9565, 3.6932, 1.6454,-3.9200,-2.4562,-1.5264,-1.8639, 0.8955, 1.5240,-2.0185, 3.9008, 2.4323,-2.4903,-2.3276,-4.2906,-4.3338, 2.2107, 3.7348,-2.3866,-1.6893, 2.7426, 2.9568, 3.3310,-3.3404,-4.5640,-3.8308
 1.8205,-0.1927,-3.3424, 2.5477, 4.9239, 3.0961, 3.8505, 3.3018, 1.7172,-0.9461, 2.9825, 1.8261,-4.7521, 4.1143,-1.7957, 4.5805,-1.9719,-2.2763,-0.8014,-3.3776, 3.8195, 1.8796, 0.3416, 0.7209,-4.7176, 2.8112,-0.8826, 3.8534,-3.5921,-4.8089, 4.7807,-1.4856,-3.5429, 0.2756,-2.4297,-2.4998,-1.8403, 2.7197,-1.6756, 3.8603, 3.3328,-3.4773,-0.5111,-4.4275, 3.5434,-3.3036, 3.8622, 2.6223, 3.9748, 2.6623,-0.1420,-3.7051,-3.8804,-4.0882, 1.6417, 3.0709, 0.0211,-3.3982, 1.0174,-2.2968, 3.1317,-4.4499,-4.4767,-1.5259, 3.7144, 3.1221, 0.0520,-3.2826,-3.6048, 1.5933
 0.3336,-0.7634, 1.9253, 2.5318,-0.7229, 1.9598, 0.2598,-4.8463, 3.5970,-3.1358, 4.8018, 4.1060,-3.0848, 3.1313,-2.8194, 4.3772, 3.8231,-1.6080,-0.8285, 3.6227,-1.3877, 1.2797,-3.6792, 2.6750, 1.5384, 4.6672,-1.7985,-1.7033, 4.3135, 1.2347,-1.5455,-1.5857, 4.2142, 0.8725, 3.2814, 1.4865,-1.9863, 2.6457,-0.7742,-4.3259, 4.8912,-2.1969,-0.3294, 1.3799,-1.8979,-1.5381, 4.0038,-2.7513, 4.6970, 2.9071,-0.5014,-4.1356,-1.7522,-0.1126,-3.6731, 1.0473, 0.7091, 4.2355, 2.2004, 0.5108, 4.1119,-0.4090,-0.0127, 2.5553, 1.8168,-0.3114, 4.9316, 4.2440,-4.9712, 4.2715
-2.5771, 0.4561,-2.3180, 4.9398,-0.9761, 1.7488, 2.6086, 4.4013, 0.0449,-0.0376, 3.3774,-2.8990, 1.5722,-3.8908,-2.4266,-4.7597,-1.0320, 0.2558,-0.1162,-1.7057, 1.4173,-1.5921,-3.9124,-1.9545,-1.5654,-4.2743,-0.2883, 1.9873, 0.6596,-2.3995, 0.0750,-0.5272,-3.7727, 1.0574, 3.1051,-3.2916, 4.8998, 3.3069, 4.5530,-4.1519,-4.2396, 3.7363,-4.7393, 4.2990, 0.4079,-0.2609,-3.7468,-4.5537, 3.0317,-0.2000, 1.0478,-0.6142, 0.1552, 2.8597, 4.9254,-4.8107,-4.2182, 2.7382, 1.6231,-3.3653,-0.1987,-3.0752, 0.7906,-1.5383,-4.4670, 2.9428,-0.3940,-0.1785,-0.4769,-1.0760
 3.7529,-3.8229,-4.9616,-4.1661, 3.5270,-4.9157, 2.6337, 2.8137,-3.3842, 3.3494, 1.4628,-1.9202, 0.5419,-4.0086,-4.2308, 4.7122,-3.8094, 1.9531,-3.3943, 0.9537,-2.9616, 3.3040,-3.4685,-3.8977,-4.9848, 3.4369, 1.0794,-0.9675,-2.3528, 4.6948, 0.4553,-1.9478,-2.6652,-1.8501,-4.3256,-1.5091, 4.0548,-0.2698, 2.1104,-1.0954, 4.8369,-0.3465,-0.3715, 3.6984,-3.1774,-4.4011, 4.1580,-4.8727, 0.3608,-0.4424, 1.0480, 4.6362,-1.6382,-0.1183,-3.1292, 1.4517,-2.1655, 4.0348,-0.0533, 0.5270, 2.9184,-1.4411,-2.8997,-2.9341,-4.9739, 1.3670,-2.2565,-0.4537,-4.2856, 3.7548
 1.7788, 1.3155, 2.3417,-2.0677,-2.9021,-4.5286, 0.7222,-1.1847,-0.0700,-3.7411,-4.1670, 0.8456, 0.6073,-3.4134, 0.3929, 0.4567, 1.5118,-0.4806, 3.3001,-3.8150, 3.6842,-1.5601,-1.1556, 0.4260,-0.5263,-1.2900, 4.3771,-4.3680,-4.7085,-3.3691, 2.5755,-3.1986, 3.7188, 3.9447, 4.3393, 0.3756, 0.3440,-3.9409, 0.4613,-1.5063,-4.7905,-1.6413, 1.1994,-0.0607,-1.7265,-2.4020,-0.9043, 0.0481,-3.1912, 2.3680,-1.3548,-1.0204, 0.9248,-3.2036, 3.0693,-4.3626,-3.6796,-2.8164,-0.6075,-3.0247,-1.1895,-0.3963,-0.1207,-3.8079, 1.7198, 0.7193, 0.2052,-1.4780, 2.4045,-2.2233
 1.1182, 4.5159, 2.0081,-4.3767,-0.0263,-1.3911, 3.0774, 3.4508, 1.3794, 2.2733,-2.4965, 1.4219, 1.0393, 3.2347, 3.4893,-3.5224, 2.5675, 3.5066, 0.2078,-4.7373, 2.8530, 4.3922,-3.0439,-0.9919, 1.5459,-1.3686,-4.9554,-1.3629,-1.0832, 4.6644, 2.6446, 3.3440, 4.8642, 2.8316, 1.2103,-2.7534,-4.1175,-4.4585,-3.7350, 2.6802, 2.0921, 3.8296, 3.2524,-3.5118,-3.1568, 3.1507,-1.3785, 1.2441, 3.5449, 3.5432,-0.2600, 4.7535, 4.3025,-1.2613,-3.9838,-2.0561,-2.6889,-0.7307,-1.1996, 3.4083, 0.4094,-1.7995, 0.0118, 3.9096,-0.7535,-0.7322, 1.2400,-4.8289, 0.8777,-1.9470
-3.8451, 2.6861, 2.5746,-1.1677,-0.8150,-4.5552, 0.6055, 2.4081, 4.2792,-1.1287,-2.8200, 4.9972,-0.5769,-4.2071,-3.4992,-3.6897, 3.9349,-1.4037, 2.4411,-3.8090, 3.9823, 0.0172,-3.4644,-0.0311,-2.7898, 2.6729,-4.0543,-2.7769, 0.7036, 2.1694, 1.6651, 1.3489,-4.2674, 3.5662, 4.1398,-0.3306, 2.4721, 0.4270,-1.7553,-4.5263, 4.4092, 1.0902,-0.0246, 4.4472,-1.5634, 4.1932,-4.0435,-2.2625,-1.2457,-3.0390, 2.7419, 1.0269, 1.1900,-1.7387, 1.7967,-2.9546,-1.5520, 1.6518, 3.2857, 1.4641, 2.3587, 4.1200, 1.1774, 2.3442,-4.8812, 1.0468,-1.6531,-3.0289,-0.7343,-0.3538
 1.5269, 0.6202,-4.7400,-0.9250,-2.1434,-0.3292, 2.8356, 1.5268, 1.4014, 1.0011, 0.4215, 3.4620, 1.5261,-0.4340,-3.2583,-2.9378,-2.0575, 3.6846, 1.2779, 0.5167,-3.2626, 3.0267,-0.1236, 1.3529, 0.3787, 2.8948,-3.5177, 2.7213, 1.3645,-1.5776, 1.7900,-4.8327,-4.5136, 2.2506,-0.5155,-1.9807,-0.0308, 4.3431,-1.0055, 3.0450, 1.5419,-2.8969, 4.3862,-0.7281, 1.4838, 3.6664,-4.7246,-2.5656, 3.3996,-1.5578, 1.8854,-4.4883, 2.2748,-1.6792, 1.0296,-0.8208, 2.0971,-3.5866, 4.1426,-0.3576,-1.5621,-3.2296,-1.0937, 1.8700,-3.1309, 0.0951, 2.2127,-2.5570,-0.3698,-1.5541
 0.8834, 2.0652,-3.7767, 3.1661,-3.7878,-2.2389,-0.1384,-3.9872,-3.9782,-0.7307, 2.4647,-1.4912,-3.8052,-1.2571,-0.3659, 0.8284, 1.3513,-4.4800, 4.0718,-1.6570,-2.6337, 4.3988, 2.7172,-3.1443, 3.1410,-0.1328, 1.2972,-0.5235, 4.9746, 4.1917, 0.0968,-1.7380, 2.8915,-1.1492, 4.4780, 4.5315,-2.9950,-2.7948, 2.2901, 0.1633, 1.4395,-4.7924, 2.4350,-1.1560,-0.6598,-3.5219,-1.2047,-0.4426,-2.1840, 2.1318,-4.3497, 4.4733,-3.1723,-1.8104,-2.0374, 0.4281, 2.5047, 1.5435, 4.8825, 4.4164, 3.8938, 0.5039, 4.7983,-4.4619,-0.1304,-0.2063,-4.8368,-4.7821,-1.4901, 3.6318
-4.5961, 4.2164, 2.6018, 1.5320,-1.9116,-0.9765, 1.8265,-2.1261, 1.4253, 2.7935,-1.1572, 1.2978,-2.5013,-4.3777, 0.2184, 4.3179,-3.4378,-3.7352, 1.8248, 4.9415,-3.1598, 1.6286, 4.5983, 0.5030,-4.5404,-0.3416, 4.9417, 4.4485,-0.3638, 0.5778,-0.9202,-0.5543,-4.6713, 2.9223,-4.6190,-2.7764,-0.2255, 0.4410,-2.8044,-3.4458,-3.8647, 4.2347,-1.4180,-2.5922,-1.2865, 4.9306, 2.1908, 3.4608,-4.3444, 4.9157,-0.2556, 1.9836, 2.9785, 2.6248,-4.4764,-3.5313, 1.7302, 1.0228,-2.9266, 1.8398,-2.0767,-2.3234, 0.5784, 1.7480,-2.0087,-3.9705, 3.9543, 0.3997, 2.0370, 2.0776
-3.9005,-3.6065,-4.8571,-4.4492, 1.4269,-2.3237, 4.2304, 0.4728,-3.0931,-1.8387, 4.0470, 3.7320, 1.4098, 1.1417, 2.7054, 3.1373, 1.8085, 3.7613, 0.7144, 4.6406,-1.1993,-2.9961, 4.5245,-0.3608,-4.9674,-2.3536,-0.5420,-2.9359, 1.2052,-4.6236, 3.1495,-1.7886,-0.2457, 4.1946, 0.6557,-4.7058,-4.9478,-2.1008, 3.0513, 0.1109,-4.2447,-1.3946, 0.6748, 2.7951,-0.5060,-0.0068,-1.3251, 1.4341, 4.7100, 3.5000,-2.1629,-3.0519,-2.5482,-2.1274, 2.6632,-2.3878,-4.0399, 3.5683, 2.8217, 1.4197, 0.3959,-2.8586, 1.9962,-2.9053,-0.1092, 2.3083,-1.0355, 0.3634, 1.2061, 3.7710
 3.8215, 0.5549,-4.7288, 0.0600, 1.5478, 1.4862, 2.0451, 3.2553,-4.7160,-3.4023, 2.7361,-2.6546,-3.0611,-4.8381,-4.7239, 0.7637, 1.6739, 2.7087, 3.8572,-1.4883,-4.0683, 1.3261, 2.6288,-1.3353, 0.7526, 2.5829, 0.4563,-4.3243,-0.9537, 3.6239,-4.5167,-0.3829, 3.2317, 0.6172, 2.9325,-2.5880, 2.3091, 1.3105,-2.8745, 0.3668,-4.7907, 3.3712, 3.5517,-1.9421, 0.9144, 2.5554,-0.6975,-4.5072, 0.6321, 4.3279,-1.4635, 2.5769,-4.4469,-3.2395,-3.0778, 4.3268,-1.0183,-4.5694, 1.4532,-0.8963,-3.7691, 3.8469, 2.0327,-4.1218,-3.8532, 0.2252, 1.3746, 3.3066, 4.2037, 2.8380
 0.5416, 3.9872, 4.5824,-0.1664,-1.3038,-3.3355, 2.8034,-3.4695,-1.0929,-3.1400,-1.6681,-3.6716, 0.0791, 4.4800, 1.9756,-4.8165, 2.7894,-0.0266, 1.4865,-4.5684, 3.0164, 4.9650,-2.1670, 1.7487,-3.4644, 3.7247,-0.4491, 4.3320,-4.0317, 4.5692,-0.1816,-0.6947,-2.7454, 3.3079,-2.7915, 4.5096, 4.0228,-2.5287, 3.6765, 3.9275, 0.7893,-2.4280,-3.1104, 0.2032, 4.4168,-1.0547,-4.4485,-1.4111,-2.6459, 0.7812, 2.0089, 0.1030,-3.8476, 1.2243, 4.9582,-2.9453, 2.5088, 4.9105, 1.1261, 1.6157,-3.4597, 3.6568, 4.8217, 3.2506, 3.0522, 4.2211, 0.2705, 3.8851, 3.7763, 4.2753
-3.1788,-1.7372, 2.3272,-3.2019,-1.9224, 4.3164, 2.4761, 2.3624, 0.8909, 2.2056,-2.5484,-4.6199,-3.9618, 0.2861, 3.7810, 4.1555,-0.0903,-2.6334, 0.0216,-2.4189,-2.7753, 0.5406,-4.3827, 4.5894, 1.7640, 2.3653,-3.4769,-4.9554,-2.7279,-4.8886, 3.0737, 3.5003, 4.4910,-2.6899,-1.5302, 2.8693,-4.8116,-2.3142,-1.3339,-2.8789,-1.8753, 4.4099, 2.5697, 3.7819, 3.9768,-0.5015, 1.7266, 3.5197, 2.3850, 4.0624,-2.8747, 0.4943, 3.7725, 0.2120,-1.1234,-1.0854, 0.7990, 0.9937,-0.9167, 4.8381,-1.6793,-0.9835, 4.8024, 2.7990,-3.4693,-3.1275, 1.2195,-4.2070, 0.2292, 2.2175
 4.5835, 2.8075, 0.8310, 4.6742, 2.5415, 2.4890,-4.6816,-4.4070, 4.6689,-1.5034, 2.3984,-0.3361, 1.9890, 3.8163,-0.6802,-1.9444,-1.9079, 2.8410,-2.9684, 4.0261,-3.8487,-3.7382, 2.9610,-4.9289,-4.9435,-2.7392,-0.0669, 3.9081, 1.6433, 4.6164, 3.7486,-1.1278,-2.9829,-2.8235,-0.1920,-1.3225,-4.5179, 1.1274, 1.9624, 0.7432, 4.1639,-2.6924, 4.8096, 1.3286, 2.6511, 0.5753, 0.1943,-2.8463,-1.8614,-1.9936, 1.7516,-1.7644,-0.8560, 3.7477,-3.4401, 0.4042, 2.2255,-0.7618,-1.5214,-1.6757, 3.9049,-2.9968,-1.7183,-4.3122,-0.1580,-2.7313,-3.7281,-0.1040,-0.0179,-4.4431
-0.6110,-4.9637, 2.1048,-2.8275,-3.3218,-3.6362, 1.5527, 2.3338, 4.5221,-0.0178, 1.5889,-2.0801, 2.3137,-3.7956, 0.5894, 1.7676,-0.9939,-0.6583, 1.5074,-2.4393, 2.2413,-3.8439,-0.2961, 1.7733, 1.4046, 2.6185,-3.3217,-4.5159,-0.4395,-4.2097, 0.7118, 0.0966,-2.8530,-0.3228, 2.0138,-2.0303, 3.5621,-0.1807, 4.7289, 4.4429, 1.9219, 1.6076, 1.8786, 3.9119,-3.4476,-3.4352, 0.3379, 2.3109, 3.6786, 0.3992,-0.7902, 0.4696, 1.8803, 1.0254, 0.5648, 4.0339,-0.6731,-4.5206, 2.3695,-0.1983,-0.3312, 2.4883, 3.7512, 0.2907, 3.1428, 3.3929, 3.4203,-3.8981, 2.3101,-2.5855
-4.6897, 4.4981,-3.2175, 1.0167,-4.4554,-1.0030,-2.8484,-4.8748, 0.3760, 3.3835, 4.1124,-3.4340, 4.4263, 4.9230,-0.1936, 2.2239,-1.8608, 3.1712, 3.4552,-0.4602, 4.4374, 4.2920,-1.8120,-1.9536, 0.8940, 4.7641,-2.0778,-3.8732,-3.2436,-1.5970,-2.4996,-3.4934,-2.9853, 0.7704, 4.8927, 4.2501, 2.9040,-4.2453,-0.6567, 0.9769, 4.1540,-3.3623, 2.2614,-3.9123, 0.7738, 2.8542,-1.3464, 4.0208, 1.3701, 0.9094, 0.7494, 3.5264,-4.5344,-3.3334, 3.6641,-1.4387,-3.8506, 3.1283, 2.4797,-0.1552, 4.4552,-4.3979,-0.8663, 1.5047, 4.8302, 4.0781, 1.5621,-3.0220, 2.9249,-1.9495
-0.2296,-0.9258,-3.3214,-2.6331,-4.1336,-4.5402, 3.3212,-0.8680, 3.2899, 0.1752, 2.2844, 4.0746, 3.9443,-0.5388, 4.0328, 2.9317, 1.4171,-1.3620, 3.3220, 3.6879, 1.5827, 4.7442,-2.2959,-3.5213, 1.1539, 3.8777,-1.5496,-2.1395, 4.3568,-1.1673,-0.2646,-3.3332,-2.7742, 1.3544, 2.6286,-0.0138, 0.2854, 3.4022,-2.0008, 4.3111,-0.6953,-0.1651, 1.1848, 0.9921,-0.9071, 0.1900, 1.5237,-1.2811,-3.3256,-4.5573,-1.9923, 0.7811,-2.0239,-3.4076, 0.4429,-3.9216, 3.6471, 2.9053, 2.0590, 1.9118,-2.3130,-0.5832, 1.7067,-3.9241,-3.7580,-0.3878, 0.9390, 4.0295, 2.7783,-0.6338
 4.5570, 4.2551, 2.5654,-1.4626, 1.3080, 4.9945, 0.3776, 3.4881,-3.5409, 4.3223,-4.9301, 2.9076, 4.4180, 4.2402,-2.8533, 2.2212,-4.6178, 4.6333, 2.1318, 0.9277,-4.4360, 3.6485,-3.1798,-4.3211, 1.0662, 4.3953,-2.8671,-3.3007, 3.0846, 0.8054,-1.4262,-2.0534,-3.3267, 4.1877, 1.3575, 4.3783, 1.4873, 0.5002,-0.9731,-2.2313, 0.0629, 0.6285, 1.2174, 0.9972, 3.5193,-3.4496, 1.1302,-0.8820,-1.5009, 2.9666, 2.8485, 3.9695,-2.2492,-1.6406, 4.7388, 4.3073, 2.6573, 4.5986,-3.0288, 4.6546, 2.8493, 4.3866, 1.1071,-0.8483,-3.7800, 1.8138,-0.6320, 1.0088, 0.8196, 2.4094
-3.6422,-4.0024,-4.8327, 3.2383,-3.7969, 4.1936, 3.9492, 2.9419, 4.0486, 3.5551,-1.4374, 3.0344, 4.2226, 0.3881,-3.4078, 1.1221,-3.2788, 0.9258,-3.9022,-2.6868,-1.7382, 3.3062, 4.5151,-4.7567, 0.9474,-4.6645, 3.3761, 2.2318,-1.9534,-2.0652, 1.0552,-1.8135, 2.2139,-2.8764,-3.3204,-3.5638, 4.6803, 1.0057,-0.4454, 1.4886,-1.1285,-3.0529, 4.4452,-4.2207, 2.0585,-4.5059,-1.6856,-4.7005, 0.4599, 2.3545,-1.1342,-2.0308, 1.7772,-0.6314, 4.4062, 1.3798, 3.7854,-3.5127,-2.7199,-0.9326, 2.0919, 4.6388, 3.3633, 0.0801, 3.3517,-4.6039, 2.3671,-1.6269, 3.6409,-3.9846
 0.3722,-4.5199, 3.4559,-0.9485, 2.1241, 1.4296, 0.2389,-2.4598, 4.7715,-4.8017,-2.1051,-0.7571, 4.3180, 0.2131, 4.9269, 4.5490, 3.4518, 3.7763,-0.7788,-2.8693, 3.3177,-4.6476,-4.1948, 2.3128,-1.5444,-2.1218,-3.0637, 4.4289,-4.4144,-0.3744,-1.3672,-4.5616, 3.5598, 4.7257, 4.7240,-1.8736,-2.8057,-4.3175, 0.2310, 2.3965,-4.6178,-2.8861, 1.4790,-0.0983,-2.1347, 3.4737, 2.2451, 1.6274,-2.5938,-1.3274,-2.8842, 3.4306,-3.1655, 1.5715, 0.2590, 3.8488, 2.7746, 3.7555, 0.5957, 1.6959, 2.8774, 4.6199, 1.3610,-2.4051,-1.1008, 1.2724, 2.7481,-1.4036,-4.6019, 3.0207
-0.8989, 2.2123, 1.6717,-3.3647,-2.7493,-4.8587,-0.5613,-4.3671, 3.4822, 2.8847,-3.5045, 4.6163,-1.4535,-4.8497, 2.5082, 3.3937,-4.1633,-4.7814, 0.1902, 3.1290,-3.5837,-3.8997, 1.6674,-2.5539, 1.6927,-0.3077,-2.7143, 4.6182, 4.5900, 1.7715,-2.0753,-4.9973,-0.4799,-2.6058, 1.8325, 0.3651, 1.5780, 1.1106,-4.7108, 4.6496,-4.6490, 3.4752,-0.2643, 4.5529, 4.5795,-2.6189, 0.1788,-2.8427,-2.5554,-3.2235,-3.8024,-0.2008,-4.8924,-0.9742,-4.9708, 3.2131, 4.4440,-1.5114, 3.1607, 2.3016,-0.1177, 3.0427, 1.5040, 1.6205, 3.0093,-3.4642, 3.6969, 1.1644, 4.7947, 0.3198
-0.3733, 1.4709,-1.6295,-2.5624,-2.4905, 4.6119,-3.1099, 0.7155, 1.2316,-3.8601,-0.7437,-3.3503, 3.4127,-1.3915, 0.3793,-3.7870,-4.0550, 4.3618, 1.2238, 2.9793, 0.2398,-1.9350, 2.1102, 3.2947,-0.7632, 2.2955, 2.8740,-3.1047,-2.3306,-3.7087,-4.0309,-1.8378, 1.4745,-3.5240, 4.7731,-1.4313, 1.3369,-1.1092, 0.6346,-3.8935, 2.9757, 3.9173,-3.2203,-1.5231,-1.2637,-3.3093, 1.9578, 2.7211,-3.4755, 3.2353,-2.0193, 3.9350,-1.2066,-4.2407,-4.1409,-1.0981, 1.9820,-3.1457, 0.1865,-0.7032,-1.5608,-2.2520, 3.7402, 0.1331,-3.4615,-2.4042, 4.2322, 2.5875, 0.7778,-2.8640
-4.8386, 0.9931, 4.7093,-0.3616,-0.8111,-0.5568, 2.6455, 3.2071,-1.1474,-0.8582, 4.6557,-3.4023,-0.9349, 2.6960,-1.0035, 4.7258,-1.2432, 1.1151, 3.4409,-2.8583, 0.5350,-1.8037,-0.7870, 3.4638,-1.8328,-3.9520, 3.1303,-1.4206,-2.1447, 2.9651,-4.7038,-2.1701,-1.6284,-3.0197,-2.7430,-4.6591,-2.1578,-4.2213,-1.0797, 3.3724, 4.9718, 1.5597, 1.9871, 0.1520,-3.2006,-3.3972,-2.2743, 0.7853,-4.3051, 0.2459,-3.1769, 3.7724,-4.1187, 2.7743,-2.8514,-0.0882, 0.4763,-0.4588, 4.7840,-3.7050,-2.4818,-0.4906,-0.5619, 1.1204, 0.9273,-4.2746,-0.4138,-3.6499,-0.6891,-2.3097
-1.3130,-4.0370,-0.4800, 3.2263,-0.4187, 3.8158,-0.8931, 4.0327, 4.5337, 2.2341,-0.8867, 1.9339, 0.6770,-0.3358, 2.2836,-3.9840, 3.3966,-4.7559,-2.0604, 4.9609, 1.4116,-1.4781,-0.4599, 3.0351,-2.0296, 3.7203,-1.3456, 2.5237, 3.6656,-0.5242,-0.2119,-2.7115,-2.7617,-3.4544, 1.0400,-4.6506, 2.8903, 3.4980, 1.0144, 1.5517, 0.4069, 2.6580, 3.4801,-2.5751, 4.2882,-3.2262, 1.3103, 4.7105, 2.4246, 1.3290,-0.4840, 3.1802,-3.3291,-2.6485,-4.4359,-1.8982,-0.5745,-3.4237, 1.8506, 0.1032, 2.5355, 4.1839, 0.6736, 1.4240,-3.7795,-4.5067, 0.8023,-0.6441,-4.1424, 1.3844
 2.1557,-2.1380, 3.5053, 3.3820,-3.2379, 2.5914,-2.3472,-3.9594,-0.9279,-0.0356,-4.0436, 0.2327, 4.0243,-2.1108,-1.4026, 4.5367,-2.9555,-4.7330, 1.2772,-1.4903, 2.9066, 3.3167, 4.9274,-1.7616, 3.6214, 3.3178,-1.0372,-1.7432, 3.3150,-2.5097, 4.1522,-4.1459,-4.6228, 2.0397, 1.1711,-2.8763, 3.9889, 2.9923,-4.1491, 1.5088, 4.3819,-1.5221, 2.4773,-2.5160,-0.1632, 1.4299, 1.5697, 2.9605, 2.9554,-2.4369,-4.2175, 2.1226, 1.7835, 1.9198,-4.5599, 4.0999,-0.2331,-0.7781, 1.6852, 1.7713,-3.1854, 4.2108, 0.3243, 0.8128,-0.0626,-3.0825,-4.6312,-0.2521,-1.6217,-2.2660
-4.3163, 3.0782,-2.2361,-0.4818, 1.2024,-3.2600, 4.6470,-1.8047, 2.7530,-1.7448, 4.6599, 3.6901,-0.6065,-0.2431, 3.7615, 0.8515, 2.5240,-0.5068,-4.4339,-2.0543,-4.4172, 2.9807, 0.7190,-2.3387, 3.1037,-3.7926, 0.1424, 3.9280,-0.6501,-1.2809,-4.5267, 0.3096,-2.2815,-0.5382,-3.3129,-1.3192,-4.8120, 4.5397, 2.2022, 2.8332,-2.8143,-1.0435, 1.8438,-4.0009, 0.5289,-1.0190, 1.8531, 3.9928,-3.3262,-2.8386,-2.5906,-0.7591, 4.4858,-3.1374, 1.0549, 2.5254, 4.2941,-3.3689, 1.3163, 2.8429, 0.8642, 4.1697, 4.8366, 0.5972,-3.6407, 4.7682,-2.4310,-3.5832, 4.0010, 0.0066
-3.1942,-1.4918, 3.8756, 3.9573,-1.6349,-3.1769,-0.4268,-4.9997,-0.8712,-0.0527,-0.7521, 1.6826, 4.5745, 3.8354,-3.2175,-4.4124, 1.7043, 4.1561, 2.4979,-2.4598, 2.0869,-2.8309, 1.7813,-0.7906,-4.7174,-0.6315, 3.4725,-0.1144, 4.8601,-1.7656, 1.4569, 4.1848, 3.9496, 3.0879,-0.2374, 0.5394,-2.0948,-3.4616, 4.6258,-2.9071,-1.0563, 1.9869,-0.4860,-3.6888, 2.8884,-3.3168, 2.6886,-0.0627, 4.0733, 3.9057,-1.6044, 2.9661, 4.0085, 2.9296, 3.6502, 4.0672, 1.3536, 3.7325,-0.5333,-0.9739,-2.7162,-1.6221, 0.3043, 4.8493,-3.0757,-2.6729, 3.5184, 2.3447,-1.9656,-1.1665
-2.8742,-2.0499,-2.2325, 3.0300, 0.8306, 4.7128, 0.9252,-1.3608,-1.9495,-3.7891, 3.8173,-0.0645, 0.6559,-3.2343,-1.0210,-0.9658,-4.0734, 0.0840,-0.3685,-2.8857, 0.0488, 3.9232,-3.8363,-4.3353,-3.4493, 0.1015,-3.6047,-3.4220,-4.5952, 0.2668,-2.1017,-0.8481, 1.2720, 2.4644,-3.4298,-3.8434,-2.6028, 3.9361,-0.7282,-3.5616, 4.7101, 3.0157, 2.9991, 3.2229,-3.9789,-2.2737, 4.9344, 2.7024,-3.0657,-4.2039, 0.6321, 2.6443,-4.9344,-2.7307,-4.5878,-4.4789, 0.5696, 4.0820, 2.4561,-3.4606,-4.5466, 0.2465, 2.3402,-1.4920,-3.2401,-2.6884, 3.2821, 4.5792, 4.6362, 2.9549
 0.0944,-2.0372, 4.6291, 3.8162, 2.5075, 0.5897,-2.4060, 4.0505,-3.8645, 3.8313,-3.3634, 4.5039,-3.6306, 0.5845,-0.4697,-2.1624,-1.3673,-1.1910,-0.7107, 4.3823, 2.6212, 1.3512,-1.6004, 0.4452, 4.3682,-4.8266, 0.4916,-4.2729,-4.8521,-4.9352, 0.7059, 0.4820,-2.8430,-1.5411,-3.6735,-1.2736,-2.1949,-0.0422,-1.9678, 3.2656, 4.2406, 1.3036, 0.5762,-2.5917, 2.8452, 1.0278, 2.0062, 0.6306, 1.0158, 3.7986, 3.6222,-1.5909,-2.1191, 4.7857,-0.7345, 3.4230,-2.5568, 0.3659,-4.8705, 2.0427, 2.5213, 2.3115,-0.6416,-1.6315,-4.1336,-4.1174,-2.9230,-1.8294, 1.2059, 3.4793
 4.9390,-4.6032,-3.4291, 0.1969, 2.9627,-3.6636, 1.5555, 0.1303, 3.5778,-0.2465,-1.5466,-2.9242, 4.5316, 3.2056,-0.1974, 2.6854, 2.7034, 0.0234,-2.7267,-0.0493,-1.7345, 4.9622,-0.7141, 4.9480, 3.8540, 0.3676,-3.5345,-1.4403,-0.5416,-3.6072, 0.0841,-4.2730, 0.8109,-1.5416, 0.5534,-2.9267, 3.4969, 0.2131,-3.8893,-0.2842, 4.1741,-3.9470, 1.8723, 1.5827,-1.5425,-2.3401,-3.6734,-4.5577, 0.1591, 4.4834, 2.0358,-3.8667,-1.3196, 4.8151,-1.2906, 3.4836,-4.4154, 2.2675, 1.3925, 0.9663, 0.6674, 4.4770, 3.3213,-4.1741,-0.1866,-3.4836,-2.7937,-4.9254, 1.0627,-1.6690
 3.0462, 3.5185, 1.5866,-1.3367, 3.0848, 3.5268,-0.2665,-1.6451,-2.9465, 1.8863,-0.4031, 4.0949,-1.9497,-2.4888,-1.1427,-3.2728, 4.9344,-1.1108, 4.6350,-3.8766,-4.7723,-3.2969, 2.5692,-4.4797, 1.9704,-3.7527,-3.1377, 1.9050, 3.4652,-0.9430, 0.4939,-1.5121,-4.6156, 4.2835,-3.1525, 0.1471,-4.6948, 4.9118,-4.0933, 4.5032,-0.9846, 2.8988, 3.7322,-4.4182,-2.8550, 3.8964, 4.5841, 0.0405, 0.0207, 1.9688, 1.2594, 4.7502, 3.4965, 4.7602, 2.0239,-3.8580, 1.2587, 1.8166, 3.9063, 1.4262,-3.1990, 1.3364, 4.3028,-3.9720,-1.9241, 4.4166, 0.3667, 4.5533,-2.4683, 4.7193
 2.8600,-1.7073, 3.5067, 0.3122,-4.3184, 4.4205,-2.9376,-2.5624,-0.1497,-3.2286,-3.2693, 3.5424, 0.4777,-4.3733, 2.2039,-3.8126,-0.5241,-0.4927, 1.4866,-1.0741,-1.7246, 4.5877, 3.2135,-2.5638,-1.6522, 0.2594,-4.8388, 0.4374,-4.1585, 1.3102,-3.3708,-4.3142,-1.8319,-1.8878, 1.7207, 3.2784, 0.0290, 4.6638, 3.2491,-2.8895, 2.6497,-2.3089, 4.4140,-0.5389, 1.1697, 2.5882, 3.9319, 1.8738, 1.0912,-1.7303, 0.4918,-2.7300, 3.3367,-1.5537, 1.3478, 3.4650,-2.7231, 4.8690,-3.2353,-1.9740,-1.7950, 0.2185, 2.4141, 0.2282,-4.1391,-4.9243,-3.6254,-1.2980,-4.8642, 0.5452
 2.2733, 4.0922,-1.5365, 1.8484,-3.1527,-0.8280, 3.0098,-2.4418,-1.7838, 0.7138,-1.9812,-1.5587,-0.1975,-2.9271,-2.7939, 0.5589,-3.5197,-0.0040,-4.0572, 0.5355, 3.1552,-1.0497,-2.9374, 2.4898, 1.7849,-2.9550, 1.1967,-1.9719, 3.3260, 0.2345,-1.9279, 1.8047, 3.8826, 4.6767, 1.3132, 0.9132, 1.0117, 4.2123,-2.7901, 2.1461,-2.7442,-4.7189, 4.6144, 0.4932,-4.7560, 2.5280, 3.9647, 2.9678,-0.0976,-0.9964, 0.1471,-1.7428,-1.8842,-0.3244, 4.6402,-4.5736, 3.4216, 3.3302,-4.6102,-1.2314,-0.6995, 0.5573, 0.8616, 4.8287, 0.8207,-1.3848,-3.4236,-3.6863, 1.0906,-0.9195
-4.0823,-4.3844,-1.9290,-2.4414,-1.1036, 4.9581,-4.2416,-1.0508,-0.1924, 0.1896,-4.2662, 1.2031, 1.6997, 3.4350,-2.6959,-0.4844, 2.3236, 4.4250, 0.7836, 4.5635, 3.5165, 2.4154,-2.0906, 1.3104,-0.9194,-2.1129, 4.0844,-2.7654,-2.9363, 0.9263,-4.7839, 0.7351,-3.7835,-0.4446, 0.4999,-2.7963, 3.2543, 4.8041, 1.2077,-2.7076,-2.2637,-0.3008, 0.6963, 2.5284,-3.0184,-3.4526, 0.0399,-0.5189,-0.4035, 3.7226, 0.7530,-1.7527, 4.3124, 1.3378,-3.8132,-1.3718,-0.5164,-2.4376, 1.6868,-4.1947,-0.2949, 3.2239, 2.9026,-3.8892, 2.1498,-1.8145, 3.0832, 0.8832,-3.1914, 4.4598
 3.7765,-4.9542, 0.0296,-4.9751,-1.7434,-2.6549, 4.4726, 3.2113,-1.9967,-0.3192, 0.5715, 0.9764, 4.2338, 1.1091,-4.2681,-4.6967, 4.4885, 2.6439, 2.4841,-3.4063, 4.4679, 4.8183, 2.9811, 4.4691,-1.8711, 2.5968, 3.9821,-0.3038, 1.0989,-0.8064,-0.1163,-3.9085, 3.4775, 1.5048,-4.1851, 4.0782,-0.4284, 3.0346,-0.7051, 4.2940,-2.2531, 2.7261, 0.9012,-0.8864,-1.3421,-3.2412,-1.6553,-1.0204,-2.3423, 3.8929,-3.6167,-2.2295, 1.6678, 1.5162, 1.7831,-4.9271,-3.4959,-0.7670,-0.2711, 4.8782, 1.8642, 2.4482, 3.6314, 3.4492, 4.3632,-2.1303, 2.9916, 0.2398, 1.8939, 1.3183
-3.1199, 0.9009, 3.5987,-2.6822, 4.1113, 3.6807,-0.0323, 3.1432,-0.8689, 0.4972,-1.6257,-0.8768,-3.7196,-0.6274, 4.9989,-2.2298,-4.5204, 4.0949,-2.7262, 2.3608,-1.4053, 3.9619,-1.6558, 3.0264, 3.5937, 2.7071,-0.6643, 0.4281,-4.3440, 3.6661,-0.9048,-1.4624,-4.5182,-0.9387, 1.5761, 1.0294, 4.5150,-1.3969, 3.6205,-4.9314,-4.9728, 4.0127,-1.2600, 2.4077,-2.9838,-1.6215,-4.2312, 4.3984,-0.0919, 1.7015,-0.9256, 3.1317,-4.0967, 1.0924,-4.8229, 3.6766, 1.7330,-3.1375,-4.7797, 4.6400, 4.4112, 0.4350, 0.7440, 0.0640,-4.8083, 0.5393,-2.8137,-3.7807,-2.7628, 1.4351
 0.2569, 0.1383,-2.4954, 2.2989,-1.6426, 4.6596, 3.5869, 1.8229,-2.9342,-4.6585, 2.7394, 4.8196,-1.1859,-4.5517,-3.2549,-4.0790,-2.3127,-3.1740, 4.9288, 1.8712, 4.7426, 4.3894, 4.0275,-3.8479, 1.3293, 0.6931, 2.6928,-3.6970, 0.6157, 3.4231, 0.2098, 3.6390, 0.5846, 4.2498, 0.5307,-1.8752, 3.7740,-0.0192,-1.5140, 3.3628, 2.6241,-2.3012, 4.4715,-2.9365,-4.3810, 0.0768, 3.6408, 0.1130,-0.6731,-3.3541,-2.0970, 3.9758,-0.6838, 0.1228,-3.3645, 2.5688, 2.7682,-3.6645, 4.9413,-1.8086,-4.6016, 4.4935,-1.2987,-1.2440,-2.0828,-3.8178,-4.7263,-4.7162, 2.9767,-1.6137
 1.9012, 2.0064,-4.9050, 4.3023, 3.3120,-1.0820,-1.9130, 0.2002, 1.7137, 3.1866,-3.1562, 0.8583, 3.9501,-4.0576,-2.9958, 2.9991, 2.7215,-3.6385, 0.0208,-1.9403, 3.5586, 3.8170,-0.2731,-0.1012, 2.8666, 3.9174, 3.4262,-3.9846, 3.4597,-3.6192, 0.7041, 4.9563,-4.5803, 3.0037, 0.1445, 4.4214, 0.9554,-2.5119,-3.2864, 0.6718,-3.0754,-1.2622, 2.9961,-0.1883, 3.2974,-4.7771, 4.2782,-3.7898, 4.1547, 0.9516, 1.6586, 3.2300, 2.2898, 2.9632, 2.8458, 0.2368, 2.0406, 2.2953, 4.6289, 4.3686, 3.7924,-3.5988,-4.7920, 0.1079,-3.7719, 2.0942,-2.2486, 3.2146, 3.9826,-3.5760
