 1.9014, 4.6449,-4.4141, 1.4340,-1.5862, 2.5051, 4.9604, 1.0930,-4.6725, 0.3367, 0.0897,-1.9865,-1.8243, 3.1716,-2.4715, 1.4715, 0.3993,-3.7103, 2.6934,-1.8673,-4.6100,-3.8082,-0.4107, 3.7654, 4.0946,-4.7926, 0.8011,-2.3275,-2.4369,-3.5521, 0.2402, 4.5033,-1.8374, 2.7578, 4.2000, 2.2485, 1.6107,-3.1176,-0.1263, 2.8638,-0.0386, 0.3120, 1.3001, 2.6417, 3.9222, 2.8000,-1.7643, 3.0800,-3.0782,-2.6957,-2.0066, 4.1064,-2.2139, 3.5298, 2.1771, 3.1548, 0.6018, 0.2171, 3.2257,-0.1928, 2.6610, 2.3882, 4.0487, 4.6783,-3.2666, 4.1291,-3.9459, 1.4099, 3.6046, 4.8612
-2.1284, 1.9251,-2.5744, 0.0983,-0.8581, 2.9464,-1.7798,-3.3158, 3.7519,-2.6290,-4.4088,-2.2084, 3.6026,-2.7801, 4.1027, 4.0151,-0.3871, 2.5289,-2.0247,-2.0765, 4.7938, 4.0733,-0.1677,-1.2818,-1.7396,-3.5971,-2.8700,-1.3012,-1.7617,-2.5700, 0.6999, 1.8341, 0.3382, 2.9666,-2.0792,-3.1423, 3.5186, 4.3454,-1.2460,-3.6061, 2.8160, 0.3050, 1.9914, 1.6731, 1.2783,-3.0205,-0.9383,-1.7532, 0.5567,-1.3833,-1.3743, 1.5669, 2.8511,-2.7206, 4.3595, 4.9302, 4.5581,-0.7845, 0.1391,-3.2274, 4.7422,-1.3311,-3.3502,-0.0193,-1.4927, 1.8868,-0.1304, 2.5311, 1.4030,-4.3592
-3.7853, 2.2732, 0.9167, 0.7593,-3.7680,-1.3317, 2.2543, 3.8900, 4.3871, 2.6940, 1.8406, 0.4185, 2.2427, 3.5054,-2.9074,-2.0919, 2.0748, 3.7610,-2.9858,-2.0807,-3.6256, 1.7726,-1.3074,-0.1020,-2.7767,-3.0417, 0.2557,-0.8575, 1.7961, 2.8704,-4.3737,-0.0528,-0.7227, 3.9806,-4.1678,-2.4937,-1.3090,-3.5789,-3.9842,-2.9696,-4.8987,-3.7602, 2.9201,-3.5028,-0.8437,-4.6995, 2.3140, 0.5321,-3.7975,-0.4363,-2.0391,-2.9575, 3.6360,-0.5915,-0.2315,-2.9900,-4.5502, 0.0588, 3.5899, 4.0796, 4.0483, 0.1815, 1.1146,-2.1617,-3.7739, 0.1653,-2.5058, 4.6673,-2.7650, 0.0327
 0.4493,-3.0310,-0.6209, 4.0147, 4.5708,-3.2226, 1.5525, 0.6777,-4.6936,-2.5083, 2.0903, 3.7704,-3.4072,-3.8933,-0.1162,-3.9700,-2.0220,-3.6612,-3.1590, 2.0722, 4.5914,-0.0162,-2.9805,-1.3102,-0.0269,-4.5386,-0.7884, 4.2115,-0.9120, 2.2816, 0.2436,-1.7358, 0.7245, 3.3547,-4.0832,-1.8452, 4.5792, 4.9298,-1.4384,-4.2207,-1.6967,-1.3181,-4.8068,-2.0939,-1.4622,-1.0261, 3.1521,-3.6873, 4.1751,-3.4734, 3.3064,-2.6272,-0.2615, 2.5152,-4.0999, 2.0833,-2.9321, 3.7902, 1.6592, 2.1094, 2.9590,-1.2680,-3.8801,-1.8736,-2.7268,-3.3701, 4.7906, 4.4048, 1.2800,-1.2375
-2.0278,-3.7491, 1.0099,-1.5874,-2.4934,-3.7683,-3.6143, 0.1929, 0.8363, 0.2244,-3.1341, 2.7881,-2.6270,-2.7142,-2.7658, 3.9117, 3.8049,-1.5397,-1.1548,-3.2394,-2.3026,-1.6623,-4.4360,-1.4654, 2.6752, 1.4169,-0.0681, 1.4090,-4.8698, 3.7957, 3.3662,-3.3529,-4.8860,-2.9623, 3.1058, 4.6145,-0.9682, 3.1850, 3.7572,-4.6543,-4.9633,-2.6438,-3.2383,-4.4563, 0.2780,-0.7315,-3.7847, 2.0656, 0.5342, 1.5997,-3.1678,-3.2856, 2.1571, 1.2911, 1.5542, 4.6869,-0.1894, 2.5443,-1.0914,-4.8562, 0.7559, 0.8369,-1.4230,-1.8068, 0.5676, 3.9092, 3.0232,-1.6616, 4.8982,-0.5802
 0.1884, 0.0488,-2.1252, 1.1771,-2.0942, 0.8549, 1.5108,-4.1173, 2.6430, 2.6584,-4.4401, 0.1633,-4.1907, 1.3307,-1.1739, 2.6155, 2.0939, 1.1060,-0.2332,-0.4577, 1.0841,-3.7280, 2.4530, 0.9238,-4.9363,-4.3072, 0.1473,-2.6747,-2.4376,-0.8498,-1.6065, 2.7459, 2.1822, 2.8985,-3.1530, 4.2349, 2.3068, 4.5739,-2.3637,-2.6188,-3.9872,-3.4047, 0.0628,-2.5386, 0.9972, 1.3669, 3.1163,-1.2024,-1.4665, 3.7219, 1.7577,-4.7341,-1.0544,-1.7683,-3.3000, 0.9056,-1.2410,-3.1674, 3.3693, 1.3259,-1.7367,-3.5257,-4.6518,-4.1147, 0.7583, 0.8653, 3.8267, 2.6622, 4.2918, 1.6199
 2.3950,-4.2858,-1.4297, 2.7191, 0.3833, 3.4654,-2.6152, 3.9521,-3.0615,-0.7681,-3.6349,-3.0167, 4.0358,-4.0033, 1.1392,-0.6365, 4.2758, 4.3334,-1.1207,-3.4349,-4.6672,-2.9827,-2.1096, 4.7917, 1.1156,-4.2629,-2.2029, 0.6495, 1.6543, 2.7869, 4.4667, 4.8082, 2.5389, 2.1852, 4.9575, 4.3096, 2.5010,-4.7986,-4.0531, 1.4644,-4.9012, 0.6039,-1.2635, 0.7603,-4.0210,-1.7599, 3.9806, 0.5095, 4.2284,-3.8208, 1.4515,-3.7497,-3.0613, 3.1775, 2.3376, 4.1992,-4.4700,-3.8463,-4.0470,-1.3263, 4.7165,-4.4653, 2.0534,-1.7556,-3.3793, 4.0535,-0.9767, 2.0680,-3.2865, 0.0412
 3.1059,-0.5523, 3.7804, 1.6016, 1.8173,-3.2428, 3.9134, 1.2460, 1.7122,-4.7663, 2.4343, 2.9402,-3.8436,-3.6170,-3.3336,-2.7158,-3.3497, 0.8844, 1.0142,-0.2457, 3.3209, 0.4497, 3.5627,-3.1851, 3.2996,-1.2595,-4.4239, 4.5871,-2.2932,-2.2766, 3.7774,-1.1570,-4.7843, 2.6186,-4.4462,-1.3986,-1.1954,-2.1242,-1.4673,-1.9603,-3.2830,-4.4056, 4.0748,-3.7001, 0.7036,-3.4555,-3.9034, 1.1042, 4.4771,-1.0146, 2.5202, 2.1135, 2.5726, 0.2835, 4.6856,-3.5034,-1.1311, 4.8897, 4.0906,-3.7519, 4.4823,-4.2708, 1.4345,-1.4429, 0.2550,-2.1159,-4.8539, 0.7560, 2.8706,-3.3035
-4.1274, 3.2478, 4.0573,-2.8721, 0.9480,-0.3423, 3.5388,-4.2132, 0.7773, 4.7361, 0.7494,-0.5949,-3.5712, 1.2474,-3.6211,-0.6943, 0.2615, 3.6056, 2.3547, 1.6142,-2.8458,-4.2254, 4.8880,-0.5586, 3.4537,-1.8392,-3.5096, 4.4217,-3.1371,-3.3151,-1.5576, 2.0266, 2.3673, 0.8447,-0.9188,-1.5461,-1.9114, 4.9692,-2.0707, 1.4285,-3.5934,-0.0023,-0.7551, 3.7308, 2.9886, 3.6555,-1.7720,-4.3094,-0.9989, 3.9605, 3.9667, 2.2121, 4.1780,-1.4142, 2.4818,-3.1695,-4.0821,-1.7435,-3.9082, 0.1314,-4.9796, 1.6204,-2.0119, 1.4864,-3.7087,-2.0179, 2.8045,-1.3781, 3.4240,-0.9313
 4.5588, 4.4173, 4.4541, 0.8724, 1.5879, 0.4390, 0.2634, 1.5954, 4.1887,-2.2331, 4.0327, 4.4546,-4.9788,-4.3363,-3.8587,-4.0687, 0.4220,-2.5215, 2.1693, 2.1321, 3.0196, 3.6707,-1.7051,-1.4092,-2.3050,-3.7050,-2.9590, 4.9205,-0.1657, 0.7338,-4.0759, 2.3908,-1.4405, 4.4315, 0.9175,-1.9613,-3.4857,-1.5547, 3.5719,-0.2890, 1.3666,-0.4147, 1.6448, 3.5371,-1.7537, 0.8500, 1.6276, 3.0705, 2.0667, 1.7064,-4.4020,-3.1914, 0.5814,-1.9681,-0.5865, 1.7845,-1.7129,-0.0625,-0.8967,-0.4113,-4.0810, 1.1110, 1.2859,-2.5065,-4.3199,-0.4941,-3.8475, 1.3406,-2.0175,-2.9099
-2.8212,-3.7538, 3.2315, 4.2768, 1.4139,-2.1877,-0.2503, 3.6591,-3.9979, 1.1941,-2.0276, 2.2345,-3.7479,-3.3852,-0.7681, 4.8693,-3.0605, 2.1756,-1.7072, 4.2156, 0.5164, 0.3127,-2.7383, 3.3156,-1.0686, 1.1012, 1.9080, 2.6039, 4.9399, 1.0631, 3.7877,-4.5909,-1.4876,-4.7162,-0.2204, 3.0822, 2.5223, 0.5634,-4.1195, 3.8908, 1.7957,-0.8084,-3.7774,-4.0753,-1.0158, 4.8560, 1.7319,-1.5582,-4.8163,-3.5805, 2.3400,-1.1196,-3.9820, 2.8830, 4.0539,-4.5487, 0.3832,-4.9557,-3.1474, 1.9372, 4.7948, 3.0533, 4.9314, 3.2524,-1.0284, 4.2881,-0.8454,-0.8710,-0.8974,-3.0901
 2.5816,-1.1067,-0.5317,-4.1566, 3.0389,-4.7874,-3.1359,-3.5921,-2.3127, 2.8208, 3.7008, 1.1727,-1.1798,-1.8408,-0.7580,-4.2135, 2.7352,-2.6912, 4.4331, 0.0335,-2.5549,-3.1494, 4.5929, 2.9296,-3.0828,-4.1079,-1.9961,-3.7205,-0.0940,-0.7851, 2.1590, 3.6307, 4.8735,-4.7483,-2.3731,-3.5604,-4.6476,-1.3213,-3.0882,-1.0931, 3.7085,-0.0908, 2.9419,-4.1530, 4.4061,-0.4145, 1.8996,-4.6014,-4.1067,-3.0556,-1.3962, 4.5379,-4.7589, 4.3836, 4.3600, 0.2590, 2.8336, 1.8763,-0.2062,-0.9551, 3.4282, 2.2586,-0.1195, 2.1244,-0.0957,-3.9254,-1.8785,-4.1067, 2.0184, 1.1781
-4.3723,-1.9087, 4.5651,-2.2013, 0.9244,-1.1487,-4.5586, 4.0978, 2.3170, 2.3910,-4.6824,-1.5742,-3.2078,-3.0773, 2.9508,-3.6244, 0.2424, 1.9542, 4.2993,-4.4477, 2.4998,-3.7652,-2.7678, 2.0101, 1.1857, 4.2327,-3.4930,-2.8728,-1.1946, 3.0144, 2.1258,-1.7066, 4.1071,-2.5708,-3.7670,-2.7345,-1.8415,-0.8928, 2.6398,-4.8945,-0.3032, 4.7214, 2.7876,-1.7326, 2.4575,-3.0983, 0.9457, 3.1226, 1.5021,-4.2883, 3.8829, 2.4893,-2.6391, 1.7521,-1.5155,-2.2632, 3.6744, 1.8062, 2.2383,-0.2475,-2.4639,-0.7787, 0.3435, 2.1077,-1.0522,-3.6958, 4.1319, 2.2579,-3.0238, 3.8434
 4.9051,-0.7414, 3.5798,-1.0210,-1.4189, 3.2682, 2.9437,-1.9953, 3.7074,-1.7305, 3.0060, 1.6479, 3.9175, 4.7622,-3.4627, 0.9606,-2.4641,-2.3180,-3.9214,-0.8019, 3.6430,-3.2109,-3.4940, 4.2366, 4.7591,-1.5065, 0.0964, 2.6965,-2.3934,-3.7868,-0.8889, 1.6804, 2.0312,-3.7604, 2.4552, 1.6267,-0.0125, 3.1811, 0.0799, 0.2143, 4.9680,-1.1078, 0.5149,-1.6580,-4.4125,-4.5311,-4.7287,-1.6593,-0.4599,-3.3361,-1.9302,-2.8190, 0.2616,-3.2511,-2.8101, 0.2709, 1.7388, 3.9708, 2.5394,-2.0737,-0.7432,-3.6860, 3.8900,-0.4283,-1.2847, 1.8844,-4.0933,-2.4516,-0.3198,-3.9623
 3.0096, 1.3676, 1.7542,-3.1626,-2.9474,-0.0233,-2.6045,-3.2166,-2.5331, 4.4473,-0.1908,-4.1476,-1.9985,-3.6509,-3.9727, 3.5497, 1.5284, 4.1719, 4.6151,-0.0559, 3.6698,-4.1126,-1.9258, 3.1254, 3.3608, 4.2502,-2.5157,-1.9564, 0.4865,-4.1903,-4.1770, 0.4491, 3.5422, 4.4147, 3.1624,-2.3848,-1.5708,-1.4952, 3.1914, 0.1506,-4.7473, 2.4043,-0.1757,-0.8270,-3.8295, 2.9075, 3.9044,-3.8503,-4.9750,-1.2093, 3.3031, 3.2517,-3.3125,-1.0714,-3.3154, 2.1899,-1.6051, 2.6886,-3.6055, 4.7830,-0.7820,-0.6719, 2.7623,-0.4169,-4.5189, 0.3875, 1.1305, 1.1281,-1.2601, 2.8817
-2.5647, 0.5580, 4.8119,-2.4927, 1.7927, 2.0495, 4.5950, 3.0013, 2.2173,-0.0659,-2.0590,-0.0302,-3.3566, 4.2699, 2.4298,-4.0717,-4.4727, 4.3274,-1.7051, 4.7268, 0.8708,-2.1227,-3.8325,-1.9825, 3.9616, 3.1000,-3.3826,-0.4383,-3.2829,-0.5344,-1.2741, 2.6170, 0.9953,-2.3295, 1.6333,-1.1248, 3.0522,-1.0589,-0.0558,-2.1009,-4.9816,-1.0505,-1.6433, 4.6014,-0.9563,-4.2194,-1.0414, 4.7961, 0.9437, 3.1735, 1.8975, 2.5364, 3.1891,-0.8897,-4.2935, 2.2553,-4.1283, 3.0582, 3.2448,-0.8660, 0.8682,-0.2064,-3.1137,-3.5297, 0.0626, 0.9764,-3.5822, 0.5572, 1.4430,-2.9410
-3.7550, 4.6709,-4.8725, 1.6020, 4.6733,-2.0485, 1.6396, 4.2496,-3.6349, 2.5555, 3.7676, 4.7762, 0.4901,-2.8238,-2.7684, 4.4218, 1.0124,-3.6555, 3.8999,-1.0958, 0.4576,-4.2397, 4.2859,-3.4591, 4.7851, 3.3149,-0.0484, 2.6422,-1.5840, 0.6171,-4.5356, 2.7573,-3.0109, 2.4226,-4.6841,-0.0418, 2.3698, 4.6629, 2.9959, 4.8046,-3.3370,-4.2443, 1.7864,-3.2810,-3.5032,-0.8099,-3.7321,-0.5372,-4.0191, 2.3287, 1.9270, 4.8696,-3.8752,-1.8198, 3.1655,-3.6430,-0.4055,-3.8371, 0.6937, 2.3996, 4.4887, 1.1782,-2.5644, 1.5455,-0.1868, 3.0402,-2.6512, 3.6521,-3.5917,-4.8754
-3.7595,-3.0277,-4.1375,-3.1726, 3.5174,-2.0104,-2.1569,-4.6711,-0.8294, 4.5197, 0.4680, 0.5334,-1.3386,-0.2987, 4.3134,-4.9683, 0.1260, 4.6234, 0.8205, 0.8469,-1.8045,-4.0322, 4.6053,-4.4938,-3.6024, 2.7265,-2.0990, 2.1330, 3.0773,-3.7663, 4.2252,-4.5445, 0.5867,-3.1438,-3.5345,-0.8344,-3.7493, 1.1563,-2.0847, 4.6828, 2.1645,-3.0911, 0.3098, 1.4159, 0.2979, 4.4072,-4.3516,-4.0439,-1.0061,-3.8213,-3.3861,-0.7840, 0.0091,-2.5069,-1.5406, 3.0916,-4.3455,-4.3904,-0.7613,-0.5236,-3.3266, 4.0538, 3.4154, 3.4991,-1.3577,-2.0896, 0.1577, 4.6475, 3.5811,-2.3325
-0.8550,-1.7065,-0.7024, 1.9752, 3.0251,-1.7595,-0.4638, 0.8560, 0.0273,-3.7268,-1.0594, 4.7610, 1.9103, 0.8022,-1.1672, 1.0334, 3.4882,-0.4194,-1.9588,-1.2648,-1.7633, 1.2135, 0.1688,-0.8984,-2.1224,-2.7929,-0.4485,-0.6685,-3.4286,-2.7184,-2.2918, 2.2936,-4.8361, 2.6891, 0.0208, 0.9034,-1.8827, 0.2463, 1.2170,-3.9850,-4.7642, 4.6237, 2.8439, 2.1316,-4.9139, 3.8672, 1.7391, 1.8854,-4.3452,-0.7961, 3.2485,-4.0168,-1.6825, 0.3343,-3.1369,-2.8108, 2.3787, 2.1661,-4.2620, 3.5148,-1.5791, 4.8436,-3.4420, 0.6789,-3.8648, 4.4900,-2.5986,-1.6773,-2.3469, 1.4393
-3.9461, 4.1086, 2.9345, 2.9113, 4.2066, 2.6532,-3.7126, 4.1546, 4.2595, 3.7168, 4.5892, 0.4752,-4.4221,-2.4741,-0.2876,-3.2584, 4.3227,-1.2023, 3.3832, 4.2944,-3.7013, 2.5278,-1.4827, 1.6950,-2.4284, 4.4576, 4.1258, 0.2206,-4.2694,-1.4723,-3.3972, 0.2830,-3.8139, 4.7311, 0.2566, 3.5948, 1.5123, 2.3489,-3.2970, 2.1808,-3.5864, 0.6886, 1.9299, 2.0673,-1.7891,-2.0703, 3.3971,-4.3343,-0.0779,-1.4756,-1.0855, 3.8114, 1.2002,-4.8426, 0.0576, 1.0314,-1.1570,-1.2420, 1.9540, 2.8330, 4.1736, 3.0453, 3.1089, 3.2369, 2.2851,-4.5112,-0.0643, 2.1560,-4.3944,-1.0280
 2.4770, 4.7846,-3.6494,-3.5311, 4.0419, 1.0177, 4.2141,-4.2840, 4.6332,-4.5428, 4.0157,-3.1930,-1.3589,-4.1103, 1.6952,-2.9321,-4.3922,-1.9201,-1.3516, 2.1072, 4.7446, 2.4503, 0.1666, 1.9262,-0.1743,-3.0315,-0.1021, 0.9846,-2.3565,-2.1013, 3.0419, 2.6537, 0.0622, 0.2343, 4.4111,-2.0136,-0.7395,-1.8931,-0.6899, 1.6575, 2.5492,-3.8774,-0.0619,-0.7604, 2.8034, 1.0081,-4.5455, 2.4442,-1.8719,-1.8312,-2.9585,-3.0489,-0.5208, 3.4253,-2.5519,-3.8203,-2.7813, 4.3622,-4.6872, 1.5383, 1.1791, 1.2270, 2.8540,-2.8343, 0.5884,-0.2832,-4.9922, 0.0216, 3.9569, 4.2056
-2.0843, 1.5953, 4.7444, 2.6431,-4.9460,-3.9474, 1.3939,-3.1082, 0.9272,-2.2212, 2.6267, 4.3320, 4.9663, 0.0565,-2.4861,-0.2802, 3.7420, 0.5315, 4.9608,-0.1773, 2.8077, 2.7567,-3.3868,-4.5630, 0.0640, 4.0706, 4.9792,-0.6603, 3.7195,-4.6690, 1.3320,-2.2483, 2.4170, 0.8516, 2.5816,-1.0770, 0.8075, 0.2561, 3.1482,-4.5065, 3.5783,-2.8835, 1.4443, 1.0108, 4.4749, 1.7503,-0.4778, 2.9604,-4.4066,-0.4996, 2.2850, 2.4576, 4.9039, 2.7437, 1.3699, 3.3182, 2.8244, 4.4265, 3.1792, 3.4714, 0.9998, 1.2504, 4.5847, 2.9915, 0.2195,-1.0864, 2.5527,-1.9393, 2.5074, 1.0644
 3.5991,-2.8590,-2.1859,-3.3873,-3.0369,-3.3630, 1.3329,-2.7744, 1.8914, 1.9787,-4.0662,-3.0034,-0.4526,-1.9337, 2.8335,-2.7321, 3.3456, 1.7888,-4.1813,-2.4112,-0.3066, 1.0829, 2.9680,-3.3371,-1.4452, 3.0986,-0.5488, 0.2164, 2.5452,-2.3425, 2.8500, 3.1717, 0.1176, 2.0904, 2.5098,-4.9041,-4.4557, 1.6028, 1.2971,-1.3903, 3.9588,-3.9165,-3.0597,-3.9669, 2.1936,-0.6490,-3.1307,-0.4532,-2.1173,-0.2780, 2.7620, 2.9028, 0.3614, 0.5986,-1.8542, 0.4314, 4.7255,-4.5653,-0.5730,-1.2657,-4.7216, 0.6845,-0.0417,-2.0630, 0.3569, 3.1988, 0.8133, 4.6017,-4.2822,-3.2075
-4.2501, 3.0265, 2.6145, 2.9655, 2.3406,-2.8397, 1.4600, 0.4863, 2.6426,-0.4694,-4.6393, 2.6198,-0.9908,-4.2565,-0.2374, 0.5238,-1.4992,-0.6108, 3.0573, 0.5593,-4.9470, 3.0537, 4.0513,-4.1672,-3.2693,-4.9903,-3.4593, 4.6968,-1.5562,-2.6772, 2.6093, 0.5778, 4.9710, 0.2861,-3.6480, 0.9848, 1.0546, 0.1764, 4.8561,-0.2177,-0.8421,-4.6892, 0.7117,-3.7077, 3.4408, 1.6278,-1.4005,-0.6281, 0.7308,-0.5580,-3.1915,-3.9307,-4.0612, 3.4495,-0.5565, 3.3121,-2.6074, 4.6004,-4.9247, 0.6427, 1.6467, 3.2771,-4.0308,-1.1224, 2.6423,-1.5854, 3.8571, 0.5811,-2.0329, 3.1779
-4.9648, 3.1446, 3.0776,-4.1722,-2.0374, 3.9556, 2.3944,-3.3697, 2.0291, 0.4004,-4.7749, 3.5885, 4.4757, 0.4596,-1.9149,-4.7252,-0.5665,-3.4499,-0.0992, 3.6243, 0.7060,-1.9236, 0.7942,-3.5594, 3.2348, 2.0838,-2.7444, 3.4889, 1.8140, 2.6361,-2.4592, 4.6398, 3.7483, 2.0290, 0.3619,-0.8853, 0.1023,-4.9573, 4.3936, 0.1045, 0.0068,-3.8188,-4.8726,-0.5244,-1.4993,-2.2745, 4.8779, 3.5566, 1.1450, 0.2738, 2.7259,-3.9624,-2.0348, 4.2768, 2.0115,-1.4866, 4.5850, 4.8173, 2.9911, 2.7172,-2.1774, 0.8527, 3.1663,-3.7052, 0.8748,-0.8065, 3.1854,-4.3121,-1.3861,-3.1855
 1.1130, 4.0193, 0.1259,-2.6236,-1.4322,-2.0774, 0.3056,-1.1254, 1.6657,-0.3527, 0.7206, 1.4163,-3.1284,-0.6621,-1.6881, 4.5226, 3.3878, 4.7558, 1.3819, 3.4796, 0.1901, 2.6125,-2.2267, 4.2151, 2.5402, 0.6738,-1.5634,-1.6783,-4.7997, 3.7122,-2.7076,-3.3641, 4.9706, 3.1871, 3.9877, 1.3232,-3.7871,-3.5575,-2.9610, 1.6616, 0.2421, 2.3784, 1.4967, 1.0634, 2.2969, 2.2547,-1.3575,-2.3617,-0.9186, 2.7287, 3.9034,-1.3338,-4.4798, 2.0125, 2.7143, 3.1983, 3.7696, 4.7147, 4.9737,-4.8264,-4.4785,-2.9524, 2.5764, 4.4830,-4.1714,-0.9931, 0.1779, 1.6166, 3.0001, 2.1856
-0.0361, 3.4305,-1.0538, 3.7500,-0.3330,-3.2449, 3.3038, 4.6268, 2.2788, 4.2014, 2.9813,-3.4817,-0.3707,-1.4137,-2.4849,-0.5390, 2.5234, 1.1767, 2.4548,-0.3447, 1.5918, 1.0847, 3.7803, 3.0486, 4.2285, 0.8939, 4.8477,-3.1215, 4.8429,-4.9388, 2.1923,-2.5727,-1.0333, 0.0275,-2.3660,-3.5614,-0.3484,-2.0838,-1.0201,-4.5164,-1.6668, 2.2144, 2.4806, 2.5360, 4.2695, 2.3549, 1.1770,-3.8436,-1.2024, 3.4220,-0.2189,-2.5054,-0.8378,-2.6064, 3.6101,-2.2947,-1.8079, 1.7283, 1.4106,-0.2048,-2.4396, 4.1437, 0.8525,-3.6816, 1.3951, 2.7709,-0.9008,-4.4971,-4.0733, 3.7903
 1.8474,-4.8274,-0.1644,-1.9629,-0.6540, 0.3125, 3.4385, 1.4031, 2.2781,-0.1705,-1.6896,-2.2740,-0.5012,-4.8018, 1.2819, 1.5535,-1.5585,-2.5301,-1.1292,-1.3545,-1.7163, 0.8199, 2.2512,-2.3830, 2.3255, 4.0979,-2.8574, 1.2294, 3.0939, 2.2624, 4.7139, 1.5293,-4.7551, 4.4578, 4.0217, 0.2790, 3.0406,-2.6493, 1.7663, 2.2976,-4.1127,-3.0553, 3.6608,-4.0706,-4.4748, 2.3566,-4.0076,-0.9926,-4.0888, 3.9333, 4.8138,-0.0873,-4.1146,-3.2417,-3.9038, 3.4567,-2.3659, 2.4110,-4.4761,-2.2811, 4.9952, 1.7966, 2.4180, 2.7091, 0.4340,-3.9415, 3.4185, 1.4498, 3.3246, 0.3998
-4.7756,-0.7476, 0.6351, 3.4312,-4.6155, 3.6062, 0.5011,-4.7739, 2.9773,-1.5521, 0.3733,-2.1402, 0.0377,-2.3297,-2.0942,-4.2732,-1.4159, 3.9075,-1.8935, 1.5208, 3.7620,-3.8627,-1.2235, 4.3499, 0.8293, 1.6848, 2.6319,-3.8170,-2.2828,-2.0467, 4.3531, 0.9304, 0.8524, 4.7155, 3.0655, 3.0145,-1.3084, 2.4911,-1.5202,-2.9787, 3.1622,-1.7303, 1.8624, 1.6348, 4.7083,-3.1411, 1.8136,-2.7390,-0.0373, 3.3523, 3.8255, 1.1843, 0.0205, 2.8297, 3.2285, 4.2194,-0.6966,-1.1126,-0.2913,-2.6666,-2.4337,-0.1122,-3.0621,-4.4904,-2.4757, 0.4808, 4.5511, 1.0404, 4.8191,-3.9576
 4.1382,-3.3032, 2.3224,-1.8276,-4.2976,-1.1457,-3.7208,-4.0735,-3.0584,-0.3760, 4.1454, 2.2617, 2.6925, 0.3913,-0.1186, 4.3780,-4.6752,-3.9737,-3.5494, 2.2805,-4.4941,-4.5690,-3.2843,-1.1498, 3.2659,-1.4456, 2.4189,-1.9612, 1.5133, 0.3729, 0.6011, 4.5491,-3.1401, 3.3682, 3.1613, 0.2672,-2.3606,-0.6563,-3.7118,-1.6433, 0.7667,-3.5833,-4.1876, 0.0613, 3.9914,-0.3429, 0.0778, 0.0232,-4.4803, 3.4968, 0.4442,-2.9672,-3.8829,-2.9308,-0.7988, 0.5070, 1.1960,-0.5714, 0.0044, 1.7491,-4.4499,-2.9923, 4.4305,-3.5846, 1.7048,-3.9470, 3.0482, 1.5773,-4.8531, 1.6431
 1.1708,-2.6007, 4.4354,-0.7163,-2.5188, 4.2316, 2.9760, 2.7491,-3.8855,-3.9451, 3.8190, 0.6230,-2.0299, 4.2283,-1.4289,-1.6201,-2.9276,-3.9537, 4.1132,-0.0555, 3.8820,-2.4720,-4.7333,-2.7934,-3.9763, 0.3668,-3.8518, 0.0237,-4.5748,-4.9356,-2.1721, 0.6590, 3.0127,-3.6891, 1.4742, 3.7714,-1.9045, 2.2573, 3.5973,-3.5588,-0.2027,-0.3186,-2.0531, 3.4614, 0.6288,-1.6129,-4.5743,-1.6099, 2.3436,-3.2531,-4.1044,-1.3941, 3.8349, 3.7392,-1.1425,-0.9688, 3.0401,-0.9205, 4.1268,-0.4180, 2.5992,-4.3861, 4.4873,-3.3433,-2.8223, 1.5265, 0.4480,-1.2984, 3.1691,-2.8521
-3.6321, 3.6686, 1.8706, 2.7296,-3.1121, 4.4747, 2.0306, 3.7586, 0.7066, 4.2188, 3.8936, 1.8293, 1.6295,-2.6657, 2.1565,-2.6167,-1.4884, 0.0236,-0.9599,-4.2793, 3.1959, 3.7351, 0.7980, 3.5376,-3.2932, 1.4649, 0.0014, 2.4221, 0.4677, 4.6980, 2.0768, 1.3494, 2.5368, 4.0764,-3.5057,-1.5897,-3.3990, 4.9318, 0.4602,-3.4936, 4.3512, 0.4750, 4.8474,-1.5046,-1.2123,-4.0997,-1.5703,-0.8026, 2.0155, 0.8404, 1.1122,-2.4074,-2.4771,-4.2646,-3.4736, 0.7174,-3.9399, 4.7810, 2.3193,-0.6057, 0.4659,-4.7623,-0.8429, 2.0584, 4.7582, 3.1422,-4.1272, 2.6882, 0.3782,-1.5129
 3.4604,-1.9065,-1.6089,-2.7036, 4.7796, 3.8771,-3.0218, 2.1350,-3.3522,-2.0289, 3.4147, 2.5584,-0.4742, 3.6955, 0.6879, 2.0256,-2.7675, 0.5672, 4.7049,-0.5673,-4.1936,-4.8507, 4.0525,-4.4363, 2.5479,-3.6460,-4.2047,-4.7222, 2.8923, 0.0845, 1.1352,-2.6607,-4.1650, 0.2626,-3.4432, 0.0401, 1.5769, 4.4201, 1.5798, 1.6316, 2.4831,-3.4574,-1.0599,-3.6012, 0.9690, 3.6135, 4.4181, 0.1664,-0.7125, 3.9691, 1.8396,-2.9386, 3.2702, 4.6148, 2.4015,-1.9465, 4.6286, 3.1448, 4.2716,-1.8272,-0.3244,-3.3695,-3.8524,-4.5206,-2.6896,-0.6684,-0.9487,-0.0055,-0.1707,-0.4298
 1.2813, 0.1236, 2.0912, 2.5749,-3.1628, 1.4950, 4.1753,-4.2186, 4.3957, 1.3515,-1.5355, 4.4598, 0.0297, 0.5128, 0.3291, 0.0687,-1.1821,-0.5072,-3.1350,-4.0728,-0.1657,-2.1309, 1.7819,-0.8529, 0.8619,-2.1656, 4.6606,-0.4029, 2.0488,-3.6441, 1.0196, 2.6092,-2.9538,-3.0014, 1.7500,-3.6040,-4.6528, 4.0714, 4.8704, 3.7381, 4.2227, 3.3764,-3.3134,-2.4035,-0.5540,-2.4180, 0.4798,-1.6679,-4.4558,-0.4591, 4.0428, 0.4462, 1.0935, 2.4590,-1.8894,-3.4188,-3.9834,-1.4109,-3.4287, 3.5980, 3.0371,-2.0785,-3.1896, 1.7297,-0.8576,-0.4478, 3.9589, 4.6343,-0.5473,-3.4251
-0.3519,-0.8928,-1.4184,-3.4349,-3.6848,-3.9029,-2.1981, 2.7995, 1.4590, 4.4386, 0.0540, 0.1306,-4.0924,-3.5188,-2.6693,-4.8578, 0.5027,-0.3590,-2.3110,-1.8931,-1.0878, 3.7687, 3.3610, 1.1257, 2.1916, 2.5804,-0.4412,-4.5438, 4.9037,-1.5338, 1.1372,-4.0657, 0.5322, 2.8341,-2.3381, 2.2132,-4.7483, 4.8626, 4.2547, 2.7017,-2.1650, 4.8353, 1.1212,-2.9505,-2.3597, 4.1307,-1.8243, 3.3838,-1.7849,-2.4932,-4.8303,-3.6640,-1.7769,-1.4894,-0.8324,-3.3006, 0.9892, 1.5562, 4.2819,-1.4034,-0.1756,-0.0122,-2.4129, 2.0594,-4.6835, 1.9355, 4.5747,-2.8438,-3.0360, 3.8614
-3.2434,-4.9547, 0.3368, 0.6428,-4.8235,-0.1569,-2.0799, 2.0590,-1.4962,-4.2892,-3.6587, 2.9874,-0.5468,-4.1335,-0.3023,-1.6592, 0.6109,-0.0613, 3.0786,-2.0928,-3.6314, 1.0368, 2.2840, 2.5184, 2.0008,-1.4030, 1.8262,-3.3079,-4.6098,-0.5107, 3.3129,-3.1888, 3.3193, 0.3376, 2.7210,-1.8071,-1.2413,-2.8964,-3.9621,-0.6173, 4.6120,-4.8415, 2.2491,-1.6247,-4.4152,-0.6409, 0.1151,-1.5370,-0.0716, 2.1166, 3.3512,-4.3162, 2.8182,-2.8405,-4.2385, 1.3678,-4.8131, 0.3823,-4.7559,-1.2398, 3.3324, 3.7457,-2.9480, 1.9452,-0.6455,-4.5420,-4.3790, 1.7237, 2.5342, 4.9074
-0.5247,-0.6126,-4.7357, 1.6069,-4.9641,-0.4956, 4.2487,-3.8778, 3.6631, 4.5343,-1.2493, 3.4561, 0.0192, 3.6888,-3.7136, 1.8049,-0.4839,-1.0227, 0.3521,-4.9862,-2.8745,-1.7394,-1.4690, 4.1922, 1.1930, 1.3526, 2.1144, 4.8448, 3.0509, 2.3095,-3.6308,-3.1904,-3.5460, 1.5212, 1.3858,-4.4154, 4.3979,-2.6211, 1.7095,-1.4233,-1.3050,-4.9377,-1.1718,-0.4512, 4.2592,-0.4447, 2.7885, 0.1622,-0.6402,-1.6541, 3.6426,-3.6106,-2.2468, 1.1849,-3.3817,-1.6138,-3.6572, 4.5026,-0.3049,-3.8848, 2.4781, 0.4255, 1.6270,-1.3472, 0.8934, 1.1928, 2.7323, 3.7574,-0.5297,-0.1227
 1.5045,-1.2543,-4.2800,-2.3782,-1.9719,-0.1624,-2.7072, 0.8410, 1.8874, 3.6169, 3.3458,-1.8169, 4.2065, 4.9401, 2.1100,-4.5716, 2.3392, 1.9911, 4.1484,-2.3773, 1.1698,-1.0840,-1.8052, 2.9040, 0.2698,-2.5126,-1.7150, 0.7325,-1.2307, 0.5826,-1.5083, 1.5460,-1.6867, 0.8066,-1.9356,-3.5442, 3.3268,-4.6944,-4.0867,-4.4415,-2.3794, 1.8479, 4.7346, 4.4339,-1.2970, 3.2311, 0.3612,-4.7198,-1.7348,-0.1396,-3.3937, 3.8066,-2.9872,-1.9429,-1.3076,-2.6516, 4.1682,-4.0345,-2.5616,-2.2434, 3.5759, 1.7476,-4.2475, 3.0243,-4.2003,-4.3275,-3.8144,-3.4577,-0.8657, 4.9416
-0.4626,-2.5474, 1.6495,-2.5826,-0.5013,-1.5286,-4.4164, 4.9167, 3.1090, 3.2162,-0.4803, 3.0132, 1.0469,-4.2545,-1.3859,-3.5014, 4.7265,-1.5140,-3.7331, 1.3378,-0.2372,-2.8013,-2.3419,-0.6868, 0.3746, 0.8348,-0.1883, 2.1626,-3.1787,-0.9839, 1.8423,-4.2897, 0.0497,-2.2422,-3.3266, 1.0580,-1.4286,-3.1072, 2.7836,-1.5701, 1.2530,-1.7308, 4.1010,-4.1668,-2.8533, 1.2662,-0.7711, 2.7294, 1.5341,-0.6025, 4.8234,-3.3662,-0.9183,-0.8201,-1.3541, 0.6294, 0.7964,-2.7152, 4.5615, 2.4442,-4.7963, 0.7183,-3.5606,-0.6973, 2.3371,-3.6025, 3.6051, 3.8650,-0.2343,-3.6788
 2.6228,-1.6759, 2.6731,-3.5508, 3.2904, 2.0108,-3.7636,-1.5337,-0.5974,-3.5224,-2.7992,-2.3151, 0.1589,-4.9691,-4.0973,-4.2771, 3.4750, 4.6772,-2.5910, 4.7779,-2.1889,-4.7994,-0.2763, 2.4324,-0.2841, 2.5964,-1.1958, 1.3990,-0.9127,-1.5871,-4.9993, 0.3397, 3.8065,-4.0006,-0.5650, 1.2180,-2.5045,-4.1745, 1.3080,-3.2465, 0.3691, 4.8191, 3.4367,-1.7799, 1.6674, 0.0585, 0.6301, 1.5563, 4.6043,-2.7921, 4.1552, 0.4674,-0.0672,-0.5147,-2.6902, 4.2659, 1.9905, 3.7174, 2.1840, 4.2177,-1.9463, 3.6540,-0.4281, 1.2072, 2.8149,-0.0876,-4.7942,-1.5205, 3.8539, 4.4987
-2.2046, 2.8240,-0.3111,-4.0271,-1.3218, 1.5261,-4.8666,-4.1022, 0.2649, 4.6132,-2.7917,-3.2245, 2.6363, 1.8457,-3.6039,-0.6275, 3.7754, 0.0859, 1.2505,-0.9420, 3.0011, 2.0113,-4.8931,-3.2509,-2.8668,-1.0402, 4.9032, 3.2508,-4.8401, 3.1054, 1.9899, 1.6489, 0.9065,-2.6614,-3.6338, 0.4399, 1.4652, 1.2546,-2.4357,-0.3660,-4.3458, 4.2194, 0.3533, 3.0573, 4.6192, 1.2413, 3.0974, 1.3436,-0.7845, 2.2217, 3.5713, 2.1266,-4.9240, 4.2653, 1.1198, 4.0623, 4.9587, 4.0158, 0.1657,-0.0891,-3.4938,-3.8160, 4.5832,-0.8646,-4.4737,-2.7926,-1.9144,-4.1330, 1.1225,-1.9327
-3.2669, 4.1000,-2.7299,-3.4300, 4.3726,-0.2213, 4.7087, 3.3588, 3.0682, 0.7612, 0.5086,-3.5289,-0.3308,-4.3241, 2.1973,-4.2497, 2.9983,-3.8635, 0.2315,-1.7366, 0.2045,-1.3690,-0.0702, 2.7932, 0.2860,-0.6448,-2.1937, 1.5446,-2.2467, 1.4522, 3.0409, 3.3900, 3.0511, 4.9270, 4.3229,-4.2825, 2.3232, 4.6899, 0.3189,-0.3437, 3.9301,-1.8469, 3.3026, 3.6748,-3.2577,-0.0952,-4.8832, 0.5899,-2.3623,-0.6728, 0.7910, 3.8415,-2.7588, 2.5992, 1.2909, 0.8696, 0.2979,-3.8256,-0.2641, 0.1101, 2.0816, 4.7457, 4.0777, 0.3085,-3.8712, 1.5223, 3.5075, 3.0182, 2.1820, 4.6667
 0.6580,-0.1794,-3.3420,-0.7819, 4.6285, 0.1927,-2.8554, 0.0732,-0.3981,-0.8649, 1.1223,-2.0046, 3.1259, 0.6740, 3.3768, 1.2101,-1.3596, 0.9041, 2.4857, 1.0125, 1.7068, 3.1750,-0.4972,-3.7219, 1.7410, 2.6626, 1.1256,-2.7076, 1.7310, 4.4313,-0.2676, 3.3791,-3.1496, 3.2644, 0.3437, 1.2947,-2.9668,-3.4760,-1.1228, 1.6704,-1.4103,-2.0524,-0.3602, 3.0391,-4.1674, 4.7916, 2.3045,-3.3121,-2.4583,-0.1507, 3.4198, 1.4547, 4.7863,-3.0470,-0.7424,-2.2060,-2.4537,-2.8148, 1.7199, 4.6680, 3.5609, 4.6640,-2.5411,-4.6676, 0.5445,-3.2125,-2.3144,-2.2623,-0.1272,-3.5554
-0.8814,-3.0308,-0.0572,-4.2678, 3.0434, 0.2883,-4.4036, 1.8757,-4.9531, 2.3973,-4.8430,-4.4358,-4.0263,-2.9026, 4.8007, 4.4058,-0.7282,-2.3144,-2.6842, 1.8760,-2.7525, 2.9621,-2.9836, 0.0591,-3.3395,-0.9044, 1.1447, 0.3385,-0.2125, 2.0455, 1.6744, 3.4509, 0.5925,-3.7697, 1.8164,-4.3952, 2.5276, 2.0316, 0.6654, 2.6548,-2.0700, 1.6260, 2.3550,-3.0825,-0.9663,-2.5631, 0.4859,-3.7091,-4.2389, 1.1492,-2.3544, 1.2146, 0.8830, 4.5144, 3.6116,-4.9649, 0.1788,-4.1428,-1.9338,-1.6306, 1.4423,-1.9036, 0.1774,-2.7946, 2.7793,-2.1533,-3.6684, 0.7210,-2.1833, 1.2684
-3.3636,-1.1596, 3.5065,-1.3844,-0.1484, 2.3618,-2.3483,-2.7032, 3.5658, 3.9726,-3.9731,-4.5461,-4.6706, 3.6099,-3.2112,-1.8038, 0.7077, 3.3200,-0.0355, 3.6691, 4.8264,-3.0954,-2.2923,-0.7514, 1.7565,-2.2817, 4.4519, 3.2370,-4.2316, 0.4495, 0.2033,-2.1171, 0.6554,-0.8792, 3.2928, 4.1902,-1.9878,-0.8040,-0.4789,-2.5688,-2.3973, 0.4029, 0.0092,-2.4562,-0.1424,-1.5558, 0.1748, 2.4547,-4.1324, 4.5190,-1.5877, 1.5458,-2.0465, 0.8811,-0.1892, 2.0570,-3.1616,-4.8269, 4.5408,-4.1445, 2.7486,-0.2995,-2.2670,-1.8344, 4.1024,-1.0784, 4.7194,-3.1774,-4.2376,-4.5101
 0.6757, 2.0806,-4.3431,-1.0268,-3.4662, 1.2480, 1.8377,-0.1359,-4.8587,-0.2950, 0.1021, 3.6788,-1.9174,-3.9521,-4.3626,-2.2373,-3.8441,-4.4905,-2.7950, 2.2134,-3.5172,-2.3346,-1.4153,-2.4813, 0.8372,-0.2173,-3.2711, 4.7221, 0.1399,-4.4180, 0.7616, 4.1395,-3.6794,-2.6134, 2.9234,-3.1235, 1.8688,-1.1830,-4.2496, 2.5559,-2.8965, 0.2769,-0.5272, 1.4280,-4.1745,-3.2574, 4.4756,-2.3513, 0.0415, 1.3768, 1.6439, 4.1839,-2.7833, 1.6521, 1.3487,-2.8422,-1.2917,-3.1619, 4.9444,-3.6945,-2.4839,-3.8350,-2.8785, 2.7333, 1.4768, 3.0673, 2.9056,-4.2527, 3.7651, 2.8545
 1.4978,-1.1979,-3.2342, 1.0396, 0.9126, 1.9292,-0.3730,-1.6442, 3.2618, 0.5914, 2.3631,-1.0505,-4.8119, 1.8096, 3.5084,-3.9270, 2.8073, 3.0829, 3.8356, 1.8421,-3.2498,-1.0293,-3.4472,-3.3145,-1.8653, 3.9254,-1.9491,-4.3920, 2.0445,-4.0726,-0.6323, 4.4088,-3.2786,-2.6870,-3.3630,-3.0351, 3.3537, 1.3655, 1.2647, 2.9606,-0.3896, 3.0814,-4.7230,-0.4568,-4.4299,-3.6613, 2.7668, 0.8655,-1.2529,-0.5453, 4.9359, 1.5693,-4.6342, 4.6773, 1.1434, 1.9342,-4.6510, 1.8462,-4.6852,-4.2841,-1.6681,-2.6512, 3.5594,-4.6519, 0.1066,-3.1655,-4.5368, 4.3142,-1.6974,-2.2225
 4.9781,-3.9072,-0.1616, 2.7159,-4.8982,-3.9565, 1.3918, 0.5937, 2.6331,-0.7350, 3.2684,-2.2824,-1.5958,-1.0103,-4.2653,-4.3814,-1.7086, 4.1417, 0.9788, 2.4837,-2.7258, 1.3813, 3.0568,-4.6558, 2.1385,-2.1232, 4.3364,-1.3040,-1.0579, 2.4813, 1.1695,-1.6317, 2.5382, 2.6085, 4.1799, 0.1309,-0.9871, 1.9208,-0.6327, 4.7649,-2.5040, 1.7587, 2.6479,-3.7612,-4.3916, 2.2824,-1.6485,-2.1891,-1.6620,-3.0370,-2.9415,-2.1079,-4.1885,-2.9423, 1.8876, 0.3949,-0.6479, 2.1319,-3.9286, 4.4319, 3.2830, 0.6326, 3.9031,-3.2262, 1.1466, 0.2914,-2.0943,-2.1663, 0.8317,-3.4892
-3.0845,-1.4896,-3.9393,-4.3943, 4.4534,-4.1420, 3.6659,-0.8474,-2.7593, 4.7266, 1.7736, 0.2994,-0.5680, 3.2681,-1.1498,-2.5465, 1.2087,-0.1854, 2.4244, 3.6953,-2.6684,-2.8278, 3.3799, 2.7810, 0.9624,-0.1665, 4.2852, 0.4100,-2.8003, 4.2084, 2.9286, 1.8150, 0.4440, 4.9363,-3.7719,-0.5900, 0.6979, 0.3302,-2.8763, 2.5243, 3.1177,-1.7005, 0.1580, 0.5884,-1.7500, 0.0049, 2.1602,-3.7493,-1.9611, 4.6567, 4.0347, 2.9164, 3.8607,-0.4879, 0.4067, 3.3713,-0.3211, 4.5199,-4.1643,-3.7897, 2.5492, 2.4379, 4.9430,-1.7774,-1.6638, 3.1684, 3.5603, 3.6014, 2.1760,-3.7814
 1.3217, 4.8328, 4.0336,-4.1924,-0.7520,-4.5433,-2.5866, 0.5768, 3.4979,-0.4259, 3.4880, 2.6317, 2.7350, 2.5187,-1.5215, 3.5132,-4.7564, 2.2498, 0.6499,-4.1115, 3.5918,-3.8425,-4.4062, 3.0949,-0.8147,-0.1294, 2.8885, 2.1386, 1.7301, 1.4760, 4.3832,-0.4139, 0.0424,-0.3435,-1.8690, 1.9472,-4.6805,-2.7345,-1.3727, 1.6159, 1.1162, 1.3638, 0.2747,-0.9601, 3.7177, 0.9486,-1.8995,-1.5981,-3.5293, 4.5249,-3.8165,-1.3568, 2.1758, 3.9613, 3.4430,-4.3617, 3.5150,-0.8130,-2.8758,-1.4727, 2.1345,-4.6067, 0.2850,-0.3296, 2.6588,-3.5885, 0.0144, 3.6284, 4.8513, 4.0982
-4.0924,-1.4591,-1.6489,-0.6205, 0.0886, 4.6000, 0.8139,-3.3785,-4.9565,-2.0136,-2.8108, 0.0528,-1.4802, 1.8805,-0.9907,-3.3392,-4.7826,-4.8855, 3.8710, 2.6368,-2.2675,-4.5795,-0.8529, 0.2010,-4.3592, 3.6657, 3.5093,-0.2879, 1.8267,-3.0038,-4.5100, 1.1700, 1.9425,-1.1679, 3.0471, 4.2990, 0.4046, 1.1447, 0.7240,-3.8712,-4.0173,-2.2610, 3.8729,-4.8019,-4.3027,-3.9696,-2.9120,-2.7130,-1.2084, 0.3229, 1.0580,-3.1470, 0.6824, 3.7598,-4.6928,-4.9889, 4.5951,-4.9769,-4.3816, 0.0254, 0.3097,-3.9839, 0.0702,-1.0392, 2.1437, 1.6142, 4.8540,-4.5085, 1.4283, 4.3279
 0.9238, 2.3288,-0.6225,-3.5693, 3.8325,-2.6751, 3.4966, 0.1515, 3.6936, 4.4696, 1.0764,-4.2745, 4.6532,-2.7008,-2.5140,-3.6740, 4.2161, 3.9838,-3.0801,-0.5140,-3.8685, 0.7154,-0.5222, 1.9479,-4.5260,-3.0488, 1.6361,-0.0670,-1.6327, 1.6734, 0.3566, 0.1776,-0.4670,-4.5472, 1.9511, 3.6494, 4.0959,-1.6057, 0.8812,-4.5014, 2.4160,-3.9742,-4.2198, 0.7046, 1.2729, 3.8580,-3.1681, 1.0910, 0.7043,-4.3336,-0.7306,-2.1866,-0.1655, 2.4276, 1.0555, 0.4881, 4.3030, 3.8380,-4.2950,-0.6714, 1.3689,-2.9823, 3.2908,-4.4511, 1.9516, 0.4764,-4.7707,-1.0233,-3.7173, 1.7733
-2.3608, 3.4869,-1.4579,-1.3449,-4.4711, 4.6063, 4.3130,-4.6173, 3.0269, 2.0434,-0.8429, 4.0125, 3.7520, 4.1991,-1.2950,-2.5641,-2.2096, 2.1700,-3.5258, 3.7041,-1.6197, 3.9681,-3.4020, 1.0637,-1.5611, 2.6071,-0.7746, 2.0076, 4.2736, 2.5491,-3.2869,-1.9038, 2.5590,-4.3988, 1.4384, 0.8130, 0.0884, 2.6603,-1.9450,-1.3928,-4.1798,-0.2124, 0.6233,-4.8093, 3.5367, 3.1280,-0.0867,-2.7085, 3.0022, 1.2471, 0.4214,-1.0721,-2.7484, 3.9282,-3.0614,-0.4577, 3.5898, 1.3432,-2.1961, 2.6452, 3.9327, 2.6794,-3.0310,-3.6439, 0.9554, 1.8399,-4.2338,-1.2047,-3.4454, 4.0871
 0.6827, 1.1918, 1.9499, 3.9852, 0.1029,-2.7020, 3.2452, 4.7809,-1.1995,-3.7651,-1.1461, 0.8018,-0.9186,-2.4264, 3.6502, 2.6128, 2.6823,-2.2158,-0.3126, 4.3837,-3.2407,-2.0565,-2.0425,-2.7077,-4.7563,-4.8259,-3.7988, 0.1560, 1.2505,-2.4936,-3.6253, 1.1540,-4.2710,-2.6984, 1.6189, 0.5236, 0.8945,-1.1764, 1.3563, 3.7575,-2.7422,-2.3035,-4.7369,-2.6427,-4.1398,-2.8878,-3.0521,-4.7691,-3.0100,-0.3084, 1.0762,-2.0513, 0.8379,-3.7802,-1.6641, 2.8317, 4.1957, 0.8845,-0.2557, 3.4389,-4.4434,-2.4037, 4.0409, 0.9110, 1.3674,-1.0313,-4.1063, 3.1222,-0.2357, 3.8037
 3.3430,-1.9615,-2.1943,-2.0821,-4.7026, 4.8380,-0.1619,-1.4863,-1.2165,-3.1998,-1.6210,-1.5068, 1.7642,-4.0586, 4.8726, 3.0825,-3.4442,-2.4949, 3.0674, 0.8809, 3.8438,-2.8925, 4.8989,-3.3327, 0.1268,-2.3228, 0.6379,-0.4006, 2.7834, 2.4020,-1.5988,-0.0272,-0.9059, 3.6120,-3.9723, 2.0292, 0.8649,-1.1911,-1.2242,-0.4794,-1.3706, 1.7726,-0.3398, 0.9182, 3.6756,-0.0217, 4.6930, 0.8812, 0.1591,-4.0041,-3.9836,-3.4087, 2.2732,-1.5141,-3.7245,-1.0121,-4.5798, 0.0966,-1.7876,-4.5098,-1.1463,-1.3843, 0.4587, 0.1141,-1.2450, 2.9513,-4.7410,-4.9709, 0.6352, 2.4443
 2.7436,-3.1176,-1.5480, 0.6615, 2.8235,-0.7885,-1.0157,-0.2111,-1.1745,-1.4091,-2.4182, 0.6044, 0.5177,-1.5589,-2.3106, 4.1824, 1.2507, 0.0666,-4.7888, 4.6142,-4.0995, 1.9832, 4.5236,-1.4999,-3.8251,-2.3011,-1.5363, 4.5672, 3.8544,-0.6608,-1.3769, 3.4387, 3.3454,-0.2665,-3.7767,-0.5178,-1.4350,-0.1183, 3.2381, 0.9322, 2.0088, 4.6656,-1.7949, 2.2344, 2.8910,-3.6734,-3.4112,-1.9979, 1.9685,-1.3784, 1.2439,-2.8389,-0.3635, 3.9072,-4.0436, 1.8968, 0.1129, 2.5095,-4.6001, 2.2739, 3.8213, 4.2993, 0.5376, 0.6698, 1.4205,-3.5158, 3.7592, 2.1034, 2.4196,-4.0100
-1.7575,-4.2134,-2.7186,-0.8984,-4.7506,-4.1015,-4.3532,-0.0110, 0.1302, 1.0250,-2.5219,-2.4007, 0.1058,-3.3455, 1.9908,-2.1786, 2.4144,-0.0199,-4.7824, 1.9662,-1.3970,-1.0812, 0.3873, 0.0818, 3.1668, 2.9768,-3.4805, 2.3210,-1.6728,-0.7939,-0.0142, 1.7585,-3.7884, 1.5835,-1.7924,-3.7970,-3.4177,-2.5371, 1.1782, 1.0139,-2.4124,-4.9623,-3.9425,-3.3353, 3.0041, 1.8057, 1.3314, 1.9144,-4.8343,-0.3816, 4.4892, 2.6975, 1.3059,-0.0165,-3.9604,-0.9765, 4.9994, 4.6723, 3.0689,-2.3889,-4.3920,-3.6172,-4.5855, 3.9023, 1.1702,-2.6073, 2.4844,-1.2893, 0.7837,-0.4999
-1.2634,-2.6460, 2.5781, 2.4604, 0.0343, 3.5122,-1.4042, 0.9724,-4.0397,-3.3736,-1.4651,-3.3004, 2.6203, 0.0279, 2.8413, 4.5040,-1.3673,-4.9320, 0.9501, 4.6113,-0.2850, 3.2971, 2.0095, 3.2635,-2.5271,-4.0688,-3.0925,-3.7995, 3.1703,-0.0372,-0.5413, 3.1585, 4.3663, 1.9432,-1.4710,-1.6130,-0.5403, 4.3108,-4.7175,-0.3600, 2.9247,-4.2399,-2.2474,-2.9779,-0.7028, 4.8781, 1.4871,-3.0724,-1.9771,-1.0338, 0.0629, 2.3985, 1.8473, 0.8607, 2.1898,-3.5704, 4.4174,-0.6432,-0.2621,-1.1372, 2.4842, 2.3004,-4.1009, 3.8248,-3.9057, 4.9310,-3.6961, 2.8450,-0.6050, 2.4531
-4.9021, 1.4069, 4.1196,-1.2462,-3.2464, 0.1162,-3.0281, 3.4697,-0.7585,-2.9490,-3.0719,-4.3157,-1.4243,-3.2487, 3.4209,-4.7347,-2.6132, 0.3508, 1.2518,-2.6923,-2.9108,-0.2502,-2.2675,-0.2987,-3.9443, 1.7565,-2.0854,-1.9269,-3.9969, 0.5674, 1.5313,-1.2078, 4.4277,-1.2089, 1.3393, 1.9248, 2.9670,-4.5675, 4.2518, 0.5370, 4.8999,-2.8247,-3.9510,-3.1159, 4.8909,-1.4595,-0.6079,-4.3565, 3.5267, 2.9087,-3.7914, 3.2744,-0.6970,-0.8409,-3.0990,-3.6309,-3.7381, 4.3857, 1.6976, 3.7847,-2.7936, 4.0002,-1.2802, 1.1645, 0.4774, 2.7696, 1.1329,-2.2538,-2.4695, 2.4669
-3.1211, 0.9716, 4.0206, 2.6501,-4.2882,-4.0346,-2.0103, 0.2698, 4.9643,-0.5291,-0.9548,-2.7021, 3.8996, 3.7182,-4.7514,-2.4774,-0.9089, 4.0817, 0.8113, 3.1391, 0.9694,-1.0556,-1.8330,-1.0974, 2.0426,-3.7283, 0.3383, 4.1201,-3.0527, 4.6466, 1.9358, 4.0229,-0.3905, 0.7942,-3.6559,-3.2229, 2.6657,-2.8173,-2.7730, 4.3493,-2.8310,-2.8591,-3.4301, 1.9702, 4.4503,-3.0069,-2.7806, 3.3924,-3.7358,-0.7670, 4.7665,-3.9918, 4.4377,-0.0910, 0.7650, 3.7720, 4.3267, 1.5659,-2.4022,-2.6648,-0.9906,-2.5704, 0.2086, 4.3461, 3.7773,-1.2242, 0.0163,-4.4855, 3.3494, 4.1789
 2.7216, 4.2724,-2.6592, 1.6694,-0.8087,-3.1823, 4.2761,-3.9148, 0.7063, 1.7047, 1.0653,-4.5244,-3.8287,-2.8508,-0.2930, 2.6686,-2.8166, 4.3970,-1.4464,-3.7058,-3.2902,-1.4525, 1.2332, 1.0517,-4.3662, 3.5904,-0.0515,-1.2360,-2.8009, 3.6314,-3.8325,-0.6416, 1.2296,-2.9793,-2.8337, 4.0348,-1.5208, 0.1699, 4.5507, 4.5850,-4.9202,-1.9511, 2.3985,-0.8850, 0.3647, 0.4593,-4.5712,-2.3375, 0.0036, 3.8006,-2.9392, 3.6019, 4.9062, 4.5358, 2.9151,-4.4075,-1.3037, 3.4544,-1.2538,-0.1245,-4.0522, 2.2357, 4.9737,-3.7404,-0.4250, 3.2498,-0.7345,-3.5894,-2.6131,-2.3279
