-4.5693,-4.3036,-4.1575, 1.2157, 4.1776, 3.6156,-0.5196, 1.2704,-3.8899,-2.5755, 4.4318, 2.3107, 4.4396,-0.2256, 3.8090, 4.1670, 4.4993, 1.6886,-3.4374,-0.9358, 3.1322, 2.7275, 0.1837, 2.6780, 0.8038, 0.7950,-3.8148, 1.8812, 0.9204, 1.2882, 4.2296, 2.1831,-0.0941,-1.0816,-3.9761,-3.0062,-3.5582,-0.3305, 0.0944,-3.7067, 2.2755,-0.7656,-3.9449, 4.9572, 0.7381,-0.0770,-1.5968,-3.9106, 1.1371,-4.5723,-1.4436,-4.1137,-0.3265, 2.3843, 1.5598,-3.9874, 1.2342,-0.0501, 2.2154, 0.3963, 3.2993,-3.8760,-3.6801, 4.3704, 1.3787,-4.4008,-2.7794, 0.5235,-3.4505,-3.1779
 2.9981,-1.2348, 0.6196,-4.7797,-0.9869, 2.7048,-2.8690, 0.5022, 4.6015, 3.3909,-4.0062,-4.2742,-4.2678,-4.5000, 0.5657,-1.4730,-2.2608, 1.0921,-4.3213, 4.9217,-4.1783,-4.1870, 2.2614,-0.5979,-3.3678,-1.7643,-4.1335, 1.5053,-1.7754,-3.2147,-1.0636, 3.2309,-2.1139,-2.6620, 3.2476,-1.9909,-2.8735,-4.7033,-1.6138, 0.5901, 3.8516, 0.3209,-3.6393,-2.4857, 1.4256, 4.9249, 4.5669,-0.6061, 4.4500, 1.1549, 1.7880, 1.0619, 3.6626, 3.9898,-3.5159,-2.5665,-2.3910,-0.0238, 4.7672, 4.4262,-2.6468,-4.2716,-1.0008,-0.6410,-1.7277,-0.6793, 1.0610,-1.5781, 0.5417, 0.7268
-0.3231, 1.0183, 0.6471, 3.3194,-2.2449,-2.9433,-2.5884, 1.5339,-4.8559, 2.1320,-1.4177, 4.6405, 3.5072,-2.4125,-0.5678, 3.1332, 0.3984, 4.9199,-0.9402,-4.5138,-0.6282,-4.3722, 2.7372, 0.2353,-4.7592,-1.2011, 1.0512, 1.8415,-1.5194, 3.0374, 3.0192,-2.8312, 4.3529,-0.3729, 4.5472,-1.0883, 1.3189, 3.2542, 2.2181, 2.1515, 1.4125, 2.9107, 3.6742,-0.3505,-4.6556, 2.3528,-2.0931, 1.0706, 2.6929,-1.1247,-0.6334, 2.7756, 2.5303, 3.0091, 1.4567, 1.2033, 3.4405,-2.7734,-3.2428,-3.7305,-0.1548, 1.1725,-2.0806,-0.7786,-2.3877, 2.0102, 3.4952,-3.9445,-0.3337,-1.7124
-1.3516,-3.5622, 1.1820, 0.5102,-1.1833,-4.9184,-3.7262,-3.8602,-1.2268,-3.3097, 2.7145, 0.1188,-3.3049,-0.4173,-2.3643, 2.4760,-2.3592, 1.6469,-4.1727, 1.4511, 2.8965, 2.0988, 0.6028,-2.7207, 2.1651, 3.4897,-4.2865,-0.0759,-0.6508, 2.9436,-3.7702,-4.8401, 4.7516, 0.5709,-0.1471,-4.2024, 1.6013, 1.9397,-4.3844,-2.4304, 0.9339, 3.1721, 2.5247,-3.1222,-1.0703, 4.1906, 0.3925, 0.9078,-3.0541,-4.1616,-2.9789,-3.4899,-3.0427, 2.1356, 1.4649,-4.9385,-1.4573, 3.6457, 2.1702,-1.3531, 4.5944, 1.9837,-0.9213,-0.4413,-2.4523, 0.5919, 4.7134,-2.2132,-1.5550, 1.6272
-4.0428, 2.5926, 4.1569,-4.9268,-2.0425,-2.4308, 2.8837,-3.0745, 2.4607, 1.6672,-4.2362,-1.9649,-0.6892,-4.4389, 0.6653, 1.6897, 3.1496,-0.8503, 2.7287,-1.9704,-1.1382,-0.4975, 3.9849,-3.7308,-0.0406, 4.1931, 3.5718,-2.6356,-0.3951,-4.8801, 2.4468, 1.1461,-1.5404,-3.9489, 0.7797,-2.8721, 4.8453, 2.1609, 4.1907, 4.7723, 2.7376,-2.5038, 3.4972,-2.7345, 4.5050,-4.0067,-2.1499,-0.2702,-1.8885, 1.5605,-2.5355, 0.0299,-2.7713, 4.1937,-2.8563,-1.6462, 2.2777,-0.2498, 2.0443, 2.4494, 1.7869,-4.0615,-3.3179, 0.3331, 4.7725,-3.0460, 3.6944,-3.7564,-2.8043,-1.7605
-3.8110,-1.3052, 4.4816,-3.8669,-2.5151, 2.8229, 2.1976, 1.1086, 2.6707,-4.1762, 3.8835, 1.9654, 4.0907,-4.6454,-0.4725, 4.1236, 0.2079, 4.0320,-1.9408, 3.4755,-0.2613,-4.8946,-0.4872,-2.8383,-3.0146,-3.5312,-4.1880, 1.8461,-3.4777, 2.3119, 0.5338,-3.7262,-0.8526,-1.2614, 1.7893,-4.9292,-3.5973, 4.5454,-2.3820, 0.7390, 1.6536,-3.6934,-2.8119,-3.4099, 1.2626, 0.7278,-3.3114, 2.7949, 1.1384, 0.8745,-4.2407, 4.1563,-4.6211,-1.3693,-2.7940,-3.4124,-3.1895,-3.3477,-1.9950,-4.4141, 4.1434,-0.9761, 2.9782, 4.5662,-4.3066,-3.3752,-1.6683, 3.2967, 4.8542, 4.3146
 2.0698, 2.1857,-3.5645, 4.3831,-1.2830,-2.9473, 0.0529, 0.7228, 2.9792, 1.0905, 2.6970,-3.3365, 2.7704,-0.1052,-4.5302,-3.6967, 3.4883, 4.9250,-2.2787,-0.1938, 3.8186,-4.5192,-4.2353,-4.8213,-0.2176,-0.7924,-2.4534, 3.5696,-4.3252,-0.0862,-4.4133, 1.5465, 2.7562,-1.7005,-1.7406, 4.7430,-1.0811,-0.6417,-3.4503,-1.0153,-4.0230,-0.4461,-2.7782, 3.5467, 3.6089, 0.1823,-4.9537,-4.1554, 3.0490,-0.3774,-3.7651,-3.2224,-2.8963,-3.8871, 1.3398,-3.4478,-2.1220,-4.3594, 1.1568, 1.0688,-3.8195,-2.0608,-2.7270, 1.5998, 1.7194, 2.7870,-4.3812, 3.1416, 0.3542,-3.1913
 0.4547, 1.6203, 3.8181,-2.1351, 3.4399,-3.3110,-3.8840,-2.1009, 4.0472, 4.8735, 1.3547, 0.1616, 4.8237,-1.8903, 2.1259,-3.7363, 4.0069, 3.5524, 3.9554,-1.7010, 1.3828,-2.9157, 1.7028, 0.6727, 1.2793,-2.3288, 0.3500,-2.5388,-3.3215,-2.5665,-2.8160,-1.7682,-2.2003, 4.7292, 0.1563, 4.0662, 2.1512, 3.6213,-2.8812, 1.3879,-2.7101,-2.5591, 2.6353,-3.0304,-0.4617, 1.3338,-0.4746, 4.9569, 0.7882,-2.5833, 1.0277,-2.5685, 0.0632, 4.3390,-0.1958,-3.4212,-0.6221,-3.8241,-1.0769,-0.8780,-0.1719,-2.9226,-1.8272, 0.9790,-1.5349, 3.8871,-2.4278, 2.6901, 3.2312, 3.4374
-4.9246, 4.0862,-1.3203,-2.5195,-3.8520,-2.3087,-4.0648,-1.6182, 1.5550,-4.0303, 4.9858, 1.8366,-3.3156,-2.6172,-1.7352, 2.6773, 3.6830,-4.3256,-4.9689,-3.0794, 3.6183,-3.7096, 4.0690, 1.8613,-1.9186,-2.4517, 1.8339,-4.5265,-3.8824,-4.1890, 2.3811, 2.4115,-0.1018, 4.7750, 3.6756, 2.9104, 1.4127,-4.2418, 1.9920, 2.3611,-0.8052, 4.5190, 1.4682,-4.4112, 0.0082, 0.0782,-3.3832, 2.6260, 3.8828, 3.4633,-4.9495,-3.8705,-3.1989,-4.4879, 4.2293,-4.3220,-2.9726,-0.8098,-2.0578,-2.3364,-0.3188,-3.5405,-3.1851,-2.3285,-0.4569,-4.2338, 2.4253, 1.3402,-0.4940,-4.4074
-2.3606,-3.6172,-0.3267,-0.4209,-3.3227,-0.6935,-3.5795, 0.0284,-3.1169, 3.2457,-3.8561, 1.7823, 4.6368, 4.1873,-2.0714,-1.4046, 1.1175, 0.0710, 3.8649, 1.1673,-1.7409, 2.0107,-1.8874,-4.6199,-1.4542, 1.0056, 4.1643,-2.9472, 4.8358, 4.5207, 3.8155,-4.5924,-0.3349, 1.8947, 1.6667,-0.2112,-1.3243, 0.5655,-1.3839,-1.7732,-4.0470, 2.2225, 3.8686,-3.1982,-4.4481, 3.3543,-2.0081,-0.6199,-0.3576, 2.7547, 1.1996, 0.0703, 4.9374,-3.6886, 1.3979,-2.5955,-3.4163, 2.9669, 4.3165,-1.8153, 0.2478,-0.1759, 2.2773,-0.3400, 0.6251,-0.4565, 1.9426,-1.0502, 1.0522,-0.7494
 3.8793, 1.8620,-4.2159, 0.6581, 1.6530,-4.8134,-1.1269,-0.3942,-0.0305,-2.5792,-3.9860, 1.0565, 2.2744,-1.5089,-1.8849, 2.7672, 0.7783,-4.3650,-1.8749, 4.5458, 1.3717,-0.7236, 4.1084,-4.6431,-3.3706,-3.6350, 2.4803, 3.9322,-0.0707, 0.7264,-1.9436,-0.8907,-4.8257, 2.5115, 4.3042,-3.4378,-1.3310, 3.1063,-1.4233,-0.8537, 1.3445, 4.8573,-0.3981,-2.7631, 2.8965,-2.8706, 1.5528,-4.2925, 3.2729,-4.0137,-1.1303, 4.2939, 1.7599,-4.4159,-0.8801,-1.1701, 0.0729,-1.6687, 3.4485, 1.0943,-0.8027, 4.6698,-2.1308, 4.2419, 2.4614,-1.2701,-3.1594, 3.6642,-0.1059,-1.0055
-2.6216, 1.4170,-1.0935, 0.2959, 0.6825, 4.2080, 0.4837,-3.4370, 1.2249, 1.7679, 2.4518, 2.1867,-1.4954, 4.2277,-3.0630,-4.5014, 2.9992,-0.8421, 1.0905,-3.2539,-3.0015,-3.9989,-4.0400,-4.2340, 1.0930, 4.1851, 3.2508,-0.7193, 1.7910, 2.1621,-4.8291,-3.3561, 0.4055,-0.1143, 1.0285, 0.9414,-4.1318,-0.1003,-4.2203,-3.4722,-0.3880,-2.0442, 3.5922, 3.7361, 1.6640,-1.5996,-3.8009,-2.0214, 2.6716, 0.9107,-2.7829, 1.0696,-1.3302, 2.0008, 3.4505, 3.1685,-0.3776,-3.5597,-2.5631, 3.5803,-1.4609,-3.8353, 1.3930,-3.5999,-4.8224, 3.6029,-1.4482, 4.3971, 1.2631,-2.3353
-4.3743, 2.3955,-2.9864, 2.3124, 2.7613, 0.4940,-4.5886, 3.8707,-4.7543, 2.9682, 3.4675,-0.7625, 3.6119, 1.5597, 4.8696,-3.7265,-0.3656,-2.4162,-2.0861, 4.9195,-4.3799, 2.6949,-0.7383,-0.3873, 1.6430,-1.5486,-4.6710, 4.9211, 2.2562,-4.8966, 2.5765, 0.4617, 0.1933, 1.8393,-0.4590,-2.5040,-1.9943,-4.1809, 0.7286,-3.0038,-3.3599,-1.1853,-3.6940,-4.2795,-4.4321,-1.4086, 3.7994,-1.1232,-4.8744,-2.8505, 0.9232, 0.0783,-1.2499, 0.1685, 0.3113,-2.2365,-4.8339, 4.7908,-1.8188,-0.7905, 3.4578, 1.4681, 3.8784, 1.2551, 4.6542,-3.0546, 0.1817,-1.4135, 0.3982, 2.7733
-1.2608,-3.8421,-1.9055, 1.3115, 3.0112, 3.3644,-2.5882,-1.1790,-1.9087,-3.1736,-1.5230, 1.5256, 3.2111,-3.3951, 2.2558,-0.2600, 2.9751,-2.0549, 4.6199,-1.4489, 0.7674, 1.7011,-2.4604,-4.6947,-0.8059, 0.8123,-2.5655,-0.5760, 1.1709,-3.8376, 4.6765, 4.1758,-1.7900,-3.9751,-3.2311, 3.8249,-4.5754, 4.9254, 4.6290,-2.1893,-4.0257,-4.4311,-3.1804, 3.6836, 3.0806, 0.9383, 1.1857, 2.7379, 1.8765, 3.3759, 4.2211, 4.8347, 4.4434, 1.9357,-0.0243, 4.4180, 1.8360,-4.5100, 3.5938,-2.2995,-3.1381, 2.2550, 4.8869, 3.5688, 1.1933,-0.1015, 0.0840,-0.2161, 3.0634,-4.0245
 2.1394, 2.5794,-3.0603,-0.9952,-1.0563,-1.2855,-3.9887, 2.2282,-3.3572, 0.3897, 3.9773, 0.7900, 2.0415,-0.6671,-3.3633, 4.0006,-0.8298, 0.0441, 0.0625,-4.0053, 1.0383, 0.0251, 1.3710, 0.3480,-0.5120, 4.8006,-0.0286, 0.5906, 2.9270, 4.5342, 3.6732, 3.3827,-3.6829, 0.0358,-1.9410,-0.0053, 4.6862,-1.2113, 1.0548,-3.6280,-3.5451,-4.8526,-1.5373,-0.9688, 3.7366, 3.5579,-0.5616,-2.5572,-2.3702,-3.3308,-1.4930, 4.5469, 1.0152, 1.0532,-2.5893, 0.6819,-4.8861,-3.8566, 1.3144, 3.0055,-4.1264, 0.3477,-2.6560, 0.4104,-0.8266,-1.1577, 2.2105, 2.5176, 2.7457,-4.0483
 2.6398, 2.5445, 2.0148, 3.7117,-0.9992, 2.9210, 2.8360, 1.0779, 1.4153, 4.2623,-4.6402, 0.4136,-0.9022, 4.7785, 4.1965,-1.3355,-2.0981,-3.9823,-4.6036,-3.8197, 2.9047,-0.6294, 4.9149,-0.0577, 3.5138, 0.9468,-4.5580,-4.7276,-4.2106,-3.3277,-1.6556, 0.4425, 2.7833, 0.0595,-1.6765, 1.5643,-3.7702,-0.7192, 3.6721,-2.7935, 2.1136, 0.1930, 3.1882,-4.8351, 2.9510,-1.2451, 1.4815, 3.1002,-1.3943, 0.0772,-4.0238, 3.0000, 3.8078, 4.0536,-0.8924, 2.3438, 0.1232,-2.4658, 1.9978,-3.1837, 4.4661, 1.3213, 2.5096,-4.6113, 1.0935,-0.0397, 4.5766, 2.5056, 4.1753, 2.7555
 2.6934, 4.2037, 4.4203,-3.4390,-4.6928, 4.2710,-4.8731, 3.6071,-0.8606, 3.2663,-3.2133,-2.0407, 2.1586, 3.7269, 3.8518,-3.5910,-3.4379,-4.6665,-2.8490,-4.1942,-0.4962, 3.9437,-1.7791, 3.6140,-4.9925,-3.9243, 3.1696, 2.3703,-4.9660,-3.5090,-3.6899, 4.4821, 0.0143,-4.9354, 0.3155,-1.8098,-2.1960,-2.7329, 4.9058,-2.6266,-1.8342,-3.3366, 4.5160, 3.1561,-3.0961, 4.3354,-1.2902,-4.3549,-2.4008, 0.1347, 3.8925, 1.0735,-1.6963, 4.5939,-0.0469, 2.8789, 0.7467,-0.2558, 4.2341, 4.6751,-3.3769,-3.4900, 2.1870, 1.5293, 2.3374, 1.2392, 1.0423,-4.4903,-0.0471,-1.7184
-0.4423, 2.4212,-3.9439,-2.8891, 4.3806,-2.8090,-3.6590,-2.3005, 1.1698, 0.4487, 4.3488, 1.4144,-1.1079, 0.8352,-0.7745, 2.5791, 2.2972,-2.0869,-2.0133, 1.2262,-3.9606, 3.9539, 4.5861, 2.5782, 4.8968, 2.2250,-1.6613,-4.1800, 4.9531, 1.7494, 2.5763,-2.2000, 0.7990, 0.8454, 2.2467,-0.4327, 0.8170,-4.0845, 2.6717, 4.5025,-2.0358,-2.8631,-1.1838, 2.1990, 0.2150, 1.7040,-3.2504,-3.1198, 4.6092,-4.2954, 2.1884, 4.5298, 0.1907, 1.2249,-0.3559,-1.1890,-3.3195, 1.3293,-2.4936,-2.1923, 4.4729,-0.3497,-2.4602,-0.8537, 3.7603, 2.6726,-1.1839, 0.2307,-3.9976, 1.4012
-0.9047,-2.6737, 1.4438, 2.3873,-2.9329,-2.3391,-4.9621, 2.9609,-3.2111, 1.8889, 1.9031, 2.0111,-2.3986,-0.1134,-0.3647,-1.2451, 0.7816, 3.4541,-1.3989, 1.8496,-1.5389, 1.8038,-3.4183,-3.9778, 0.0358, 0.9100, 2.5917,-0.1644, 4.5290,-1.9618, 4.2429,-4.6896,-2.3442,-2.1226, 0.0636, 3.5623,-3.7412,-1.2705,-3.0083,-3.9415,-2.0914,-2.5819,-1.0382, 2.5645, 4.4268, 4.7245, 3.8780,-2.0333,-3.3103,-3.6005, 3.9602,-4.8866,-0.1099, 0.1124, 0.9637,-1.7420, 0.8191,-4.8926,-1.6400, 2.2160, 0.6988, 0.5148,-0.5714,-4.4576,-0.4659, 4.3529,-1.0066, 4.3932,-4.6573,-1.6596
 3.5508,-1.2247, 2.8446,-1.2337, 3.7729, 0.2095,-2.6911, 4.5784,-0.4555, 1.3651, 1.9592, 4.0334,-2.8633,-3.5553,-1.5268,-1.4617,-0.4234,-0.8852, 2.9209,-4.2792, 2.1451, 4.1440,-4.9655,-0.8290,-3.4059, 2.9227, 0.9170,-0.3676,-3.5622, 2.4499,-3.1175,-3.7674, 4.9110, 2.5110,-1.5721, 0.5564, 3.0630,-0.3271, 4.5664,-3.9849,-0.1839, 3.9976,-0.0913, 0.8524,-1.3820,-3.3361,-1.9837,-3.0001,-3.5720, 1.8823, 0.6356,-0.1342, 4.7102, 3.4156,-4.0902,-1.8441, 1.9157, 2.5762,-3.6523,-2.6088,-1.5998, 3.7753,-3.6157,-3.6391, 2.1993, 1.3130,-3.8746, 4.4194,-2.5670,-0.9123
-1.1220,-0.6173, 2.0437, 1.5804, 2.4275,-2.0646,-2.4625,-0.8792, 1.9784,-1.8982,-4.2210, 1.3286, 2.7137, 0.8407,-2.2679,-0.6871, 0.6467, 1.3343, 3.1203,-1.2167,-3.1785,-3.6476,-2.8863, 2.2860, 1.1661, 1.4850,-1.8653, 2.5506,-4.3840,-2.7466, 4.6760, 2.8379,-4.7424,-3.3985,-3.3212,-2.1907,-0.8820, 3.9869,-2.7626, 3.2439,-0.7830,-1.1321,-2.7205, 4.9404,-4.0791,-1.5136,-4.6906,-4.5142, 0.6514, 2.4012, 4.9184,-2.2652, 0.4234, 1.9058,-2.6485, 0.7324, 0.6689, 3.1011,-2.2037,-0.8735, 4.7698,-1.5783, 2.6371,-0.9357, 4.3124,-1.9604, 4.6982, 3.3780, 4.8398, 1.9111
 1.9421,-4.0898, 3.0738,-0.1903,-0.5240, 0.3883, 2.6302,-4.6942,-2.2425, 4.6716,-2.2027,-3.5385, 1.0113,-4.3992,-0.9349,-2.5155, 0.9192, 3.3085,-3.6838, 3.9597,-2.4524,-0.0139,-1.9033,-3.6188, 1.1915, 0.7713,-3.8826,-2.9224, 1.7116,-2.8586,-0.7823, 2.5601, 3.8803,-0.5191,-3.4089, 4.4960,-0.1480,-0.9239,-2.5711,-3.2744, 3.1810, 1.6685,-3.9550, 1.5879,-0.6720, 4.4390,-1.0511, 0.9095,-0.5191, 1.0696,-3.7905,-1.7997,-2.3200, 0.5284,-2.5867,-3.6505, 4.8114,-1.0516,-2.7984, 4.0548, 4.4695, 0.8327, 1.3058,-1.9889,-4.7590,-4.4605, 0.4626,-3.3854,-1.3184,-3.7378
-2.9703, 2.0163, 3.6092, 2.7389, 3.5152,-1.5383, 0.2341,-0.0520,-0.0637,-2.2477,-2.0842, 0.1489,-0.0659,-4.9820,-4.1740, 3.3436, 0.6518, 2.6776,-3.9651, 4.7134,-0.4810, 1.2222, 0.8474,-2.9118,-1.9977,-4.5203, 2.9850, 1.2416, 0.1363, 2.8824, 0.4624, 2.5845,-1.4720, 3.4960, 2.3630,-1.2382,-0.5524,-2.9475,-0.2934, 0.2745,-0.5813,-2.9637, 2.0869, 1.2555,-1.4622,-0.2045,-4.0068,-0.0267, 2.8894, 4.4188, 0.6658,-2.9044, 0.8325, 0.0789, 3.9822, 0.3773,-3.6521,-3.8118,-1.4231, 2.9741, 3.0550, 2.7104, 1.8901, 4.7317, 2.5910, 3.9683,-1.0201,-0.4902,-1.3828,-4.1880
 4.5625, 4.9613, 3.4707, 0.3469,-1.6265,-1.6652, 1.8032,-0.8766, 2.2470,-1.2767, 3.5746, 1.2924,-2.9315,-1.5321, 3.9473, 4.1688,-1.0857, 4.3410, 2.4362, 0.9466,-4.5607, 2.9998,-1.7954,-3.9252,-3.1194,-0.7162,-0.7558,-1.4499,-3.6398, 3.2091, 0.2341, 3.5709, 2.3229, 3.3055,-4.9740, 2.2413,-3.0691, 1.5522, 0.0811,-4.0671, 3.8981, 2.4107,-2.3639,-3.7168, 1.7494, 1.8382,-4.3451, 2.3912,-0.4646,-2.5669, 0.8567, 2.1984, 0.1037,-2.9758, 1.6759, 0.4618, 1.0532,-2.1629,-3.4359,-0.9370, 1.0784,-3.1580,-0.8535, 3.6597,-2.5564, 1.5114, 1.0098,-2.2266, 2.1097, 1.0679
-3.3898,-3.8066, 4.4388,-3.4164, 3.7640, 3.0209,-0.4969,-4.0922, 0.9011,-3.1303,-0.8571, 2.7038,-4.3603,-3.6350,-1.2521, 0.9851, 1.6279, 2.9320,-4.4437, 3.5680,-4.6288,-4.7281, 0.4125, 2.9648,-1.8128, 2.7137,-1.5229, 3.3474,-3.2154,-1.2029,-1.1993, 3.9033, 3.3287, 4.7431,-4.3935,-2.4287,-1.0468, 0.4711,-4.4877, 0.0302, 2.0590,-4.6713, 2.9938, 3.9611, 0.7531, 4.7074, 1.7469, 3.4220,-0.5719, 0.1172,-4.5209,-2.0112, 1.0971,-1.2258,-1.0111,-2.6609, 0.8736, 3.6959,-0.6477, 2.0217, 1.3307, 3.8728, 2.0913,-4.8065,-4.6169, 1.6725,-2.2877, 1.7520,-0.7205,-2.0489
-2.2189,-0.3846, 3.5182,-4.4940, 4.7951,-2.8518, 4.9167,-2.1869,-2.5980, 0.6225,-1.1894, 4.4312, 0.6174, 1.1536, 1.0359, 3.8889, 2.0171,-1.0565, 2.8338,-4.7332,-2.9081,-2.6090,-3.6107, 1.3876, 2.9345, 0.8554, 2.9939, 1.9167, 1.6871, 1.7110,-2.1950,-0.3385, 0.0458, 2.0706, 1.4201,-0.1011,-3.5110,-4.5607, 1.9345, 0.5630,-0.9527, 4.0385,-4.8975,-3.6659, 2.5224, 2.8233, 0.0738,-1.0864, 1.7562, 2.1970, 2.9799,-1.8431,-4.5654, 3.0757, 3.6887, 4.0512,-3.3540, 3.4520, 0.0050, 0.4830, 4.6493,-2.7140, 2.7337,-2.5745,-4.3941,-2.5897,-1.9794, 1.3404, 0.0660,-2.7181
-2.8034,-2.5714,-3.2407,-3.9922,-4.0904,-2.0930, 1.8285, 4.7821,-1.4177, 0.1463, 2.9804,-0.7462,-4.5440, 4.3773, 3.5978, 3.5063, 0.5790,-0.3025, 2.2933,-2.8090, 3.0623, 2.8207,-0.4586, 0.0173,-4.5360,-4.9619, 3.3068,-3.2151, 0.0648,-1.2178, 0.5081,-0.5853,-3.8311,-2.9349, 3.9086, 0.9968,-3.5466,-3.5971, 1.0338, 1.7635,-1.8097, 2.5669, 4.4513, 4.7730,-0.5467,-1.4243,-2.5803,-3.7438,-1.0490, 2.7279,-3.1655,-1.7522,-3.5220,-3.5356, 3.7434,-4.4726,-0.0876,-3.5901,-1.6988, 3.9503,-3.7741,-0.7309, 0.9048, 2.8569,-3.3492, 3.8672,-0.8609, 3.8080,-3.0830, 2.2355
-3.7672,-1.9255,-3.8802, 4.4912, 2.2978, 2.4679, 2.9522, 3.3089, 1.1473, 4.7131, 0.4438,-4.8447,-2.1788,-0.1430,-1.1331,-4.9667, 0.4530, 2.5345, 2.0556,-1.4368, 4.7601,-4.8766,-0.5077, 2.3292, 2.2370, 4.3086, 1.0335,-3.1324,-2.9010,-2.2174,-0.8723,-1.1768, 1.3188, 1.2376, 4.2954, 1.8835, 4.3143, 4.7306, 3.3659,-0.4093, 3.0774,-3.3891, 2.0572, 0.4485, 4.2878, 2.3289, 4.4186,-0.8900,-3.8334,-2.7517, 2.7669,-1.8478,-4.1784, 1.9716,-3.3930, 1.7208,-3.6452,-0.6312, 0.1586,-4.5622, 3.7473,-4.7981,-4.5600, 3.6074,-4.1823,-0.2685, 2.2255, 0.5510,-0.4661, 1.1720
-1.4518,-3.7572,-2.1353,-1.2616, 1.5559,-4.1941,-3.4642,-2.5228, 2.8562, 0.1735,-2.3376,-3.9941, 0.2996,-2.1928, 0.6395, 0.7117,-1.1894,-2.9031, 4.0352, 2.4939,-0.4121,-2.8594,-0.3950, 4.9876,-0.3811,-1.7389,-4.4961,-1.7706, 1.1878,-1.7110,-1.0350, 4.7303,-0.7233,-0.1609, 2.2690,-3.0897, 4.2162, 0.9862, 4.4177,-1.8417,-4.6431,-1.0324, 4.8833,-0.3908, 1.7770,-2.5389, 3.0871, 3.7666,-1.6466,-2.6253,-4.9022, 0.6449,-1.5711, 4.5930,-0.3146,-1.3751,-0.7130, 4.9298,-3.1386, 2.6415, 2.9362,-0.9088,-4.9496, 4.0073, 0.7282, 3.2562,-4.0317, 2.2157, 1.8329,-2.7772
-1.6855, 3.2183,-1.4010, 3.6342, 0.3194,-0.1487,-2.7994, 0.0108, 2.5308, 0.1601, 4.6071,-0.5089,-0.8375, 4.8217, 4.9732, 2.9229, 2.2067,-0.5018, 4.2233, 3.7774,-0.7648, 0.2698, 3.8044, 3.7051, 1.0841,-3.7891,-0.5360, 2.5788, 0.1218, 2.2637, 0.9364, 4.9095, 0.6175,-4.1958, 0.8848,-4.3979,-0.8104, 4.5347,-3.6898,-4.1877, 3.0812, 1.9805,-2.9920, 1.4883, 2.6028, 1.7514, 1.7851,-0.2403,-0.6510, 1.8616, 4.7472, 0.8013,-4.1976,-1.6100, 0.4133, 4.3918,-1.9494,-3.2811, 0.3627, 2.2008, 2.2401,-3.3962,-0.1278, 3.9987, 3.1795, 3.2618, 4.7753, 1.1967,-0.9047,-0.3624
 2.5809, 4.2945, 4.7742,-4.6892,-4.3628, 4.5774, 1.1813, 0.7299,-2.1553, 1.0490, 3.9529, 3.6163, 0.6078,-2.4248, 3.0126, 2.9702,-4.9867,-4.4765,-1.8302,-0.1934, 0.1621,-4.4908,-3.6465, 1.9332, 4.6624, 0.3059,-3.4699, 3.6920, 3.4201,-3.2267,-3.8266,-4.8523, 4.7589, 3.0504, 2.5721, 2.7537,-0.6920, 3.9059, 1.8575,-0.2472,-2.6054, 1.7281,-1.5622, 1.2385,-2.1286,-4.1456,-2.0446, 1.4067, 2.1915, 3.8063,-3.1858, 1.3648, 4.0062,-2.2271, 2.6232,-1.5971,-4.7309, 4.0229,-1.7513, 2.3466, 0.8641, 1.1086, 3.2058, 3.7944, 0.3472,-2.2537,-3.5022, 3.5083,-1.2739, 1.2352
 4.8709, 4.0909,-1.5779,-4.0235, 1.9062,-2.1379, 1.3731,-2.5092, 2.0859,-2.3303,-0.1028,-4.6252, 3.0350, 0.5912, 3.4667, 0.0186, 3.0061, 4.8966,-3.6554,-3.4661, 2.3825,-3.3724, 4.6101,-3.3691,-2.4286, 1.8146, 1.7042,-3.1717,-0.1286,-0.8279, 3.3306,-1.8048, 3.5952, 2.2631,-2.5235, 1.0618,-2.6115,-0.0138,-3.2166,-4.3296,-3.3714,-2.1897,-0.5221,-3.2858,-1.8524,-1.5331, 4.9081,-4.8732, 0.4183, 4.1322,-4.9866,-0.5506,-3.8248,-3.0085, 0.7880,-0.7428, 3.6418,-1.2681, 4.0503,-3.6214, 3.3411,-4.3502, 4.7726, 0.6561,-3.1335, 3.8081,-3.4364,-4.8044,-1.2046,-3.3145
 3.4600,-0.9617,-1.3964, 0.1730,-2.9903,-2.5313,-0.8592,-4.2508, 1.1674, 0.9730,-0.5253, 3.6579, 3.3541, 4.2341, 2.6136, 2.3294, 4.7125, 1.5059, 4.9856, 2.9419,-4.0464, 2.0678, 4.7051,-3.1001,-0.6187, 0.4493, 4.0261,-0.3819, 1.5798, 3.9117,-2.0229, 3.8588,-1.3792, 3.3591,-0.2780,-2.8346,-2.2751, 3.5621, 0.5980, 4.0999,-4.3879, 1.2605,-0.4449,-1.5671, 2.4923, 4.1272,-3.2509,-2.0923,-4.5295,-3.0579,-2.7923,-2.9501, 3.4042,-2.0048,-1.0336,-4.3421,-1.4112,-3.1555,-0.1971,-4.4258,-3.1478,-2.2429, 2.9775, 0.2867,-3.3848, 1.3859,-3.0846, 4.2861,-2.5002,-2.1927
 2.2166,-1.8438, 4.5680,-3.8952,-3.6381, 4.1270,-2.7976, 0.5162, 0.9587, 4.7317, 1.1582, 4.5618, 1.4670, 3.4951,-0.7559, 4.2716,-1.6704, 3.1577,-3.7036,-4.5122, 0.1851, 1.7594,-3.4570,-1.4053,-0.5247,-4.3644, 2.6559, 1.8133,-4.4305, 2.1731, 0.0253,-0.8956, 2.7480,-0.7970,-2.9118,-0.5202, 1.5748, 4.4544, 4.2865,-4.7904,-3.6395,-1.6284,-0.6280, 2.1539, 1.3473,-0.3448, 4.9358, 1.3043,-4.7729, 4.1639,-4.4641,-4.3773,-2.9669, 4.9900,-1.8956, 4.9311, 4.1523,-0.4259,-3.9247,-4.2006,-0.4219,-0.0604,-2.0051,-2.3634, 2.5188, 2.1686,-0.6022,-1.4296,-2.5462,-4.9420
 1.7679,-1.8031,-2.1180, 3.0135,-1.6599, 4.3803,-3.1710, 0.9314, 0.3088, 3.5777,-1.1675, 4.9615,-2.7450,-4.2122, 0.6603,-2.1403,-1.1969,-1.8451, 0.8317,-4.6806,-1.0220,-2.6992, 4.6488, 0.2806, 4.0947,-0.2217,-0.7576, 0.0914, 2.1720, 4.3674,-3.9885, 0.6814,-2.5232,-0.5575,-4.3177, 0.9991, 4.4822, 4.1352,-0.9884,-4.0797,-3.1454,-3.1183, 1.5884,-4.9096,-0.2099,-0.5024, 0.8374,-1.2501,-0.0579,-1.1560,-1.8268,-4.5693,-0.4691, 0.4323,-3.5283, 3.3193, 2.6543, 4.9755, 3.4791, 4.0248, 3.0647, 1.9850,-0.2113, 0.0250,-2.6283, 3.5941, 1.2310,-3.0374,-3.9956, 0.6866
-3.6018,-3.9701, 3.1311, 3.7901, 3.1559,-3.8526,-2.9941, 4.6290, 3.3955,-3.5262,-0.4104, 2.2705,-0.5692,-1.8430, 3.4754,-3.3526, 2.4340, 0.5070, 2.9824,-0.5291, 3.0719,-2.8333,-1.1497, 2.1886, 0.5425, 2.2874, 2.7991,-2.6592,-2.2972, 3.8287,-2.3139,-1.3045, 4.9118, 0.7453,-1.5807,-2.3529, 0.7549, 2.9133, 2.7304, 2.3689, 1.7340, 1.5520, 4.2893, 3.6018, 3.0929, 1.2421, 0.7796, 4.1678, 4.0950,-2.1714, 4.6964,-2.5086,-1.7481, 3.5727, 1.8468,-2.8486, 3.3696, 2.1459, 3.7783, 2.0475,-1.7141,-0.3555, 3.2764, 0.4793,-0.3899,-4.3622,-2.4700,-1.5809,-0.0457, 0.1820
-3.4397,-4.9853, 0.6791,-4.5628, 0.5889, 1.0914,-1.2418,-2.9879,-1.7882, 4.8767, 4.0828, 4.6657, 0.8185,-3.4364,-4.9942, 3.1067,-4.5221,-4.1753, 1.5523, 4.6616,-4.3554,-3.3110, 2.2580, 2.6222, 0.1589,-4.8805, 4.0315,-4.4981, 2.3504,-0.4454,-3.1542, 2.5435, 4.7528, 3.8033, 0.9712,-3.1730,-4.7995,-2.0664,-3.3795, 3.4283, 4.7451,-4.5047, 3.5014, 4.9482,-2.4810, 3.3107, 1.1427,-0.5476,-2.8391, 2.3185,-1.0311,-3.7925,-1.6388,-0.4225, 3.4402, 2.4786,-1.9481, 3.6386, 2.7148, 1.8550,-1.8821, 2.0764, 1.8683, 3.8921, 3.6222, 1.1450,-2.0286, 3.9344, 0.7202,-0.0757
 3.1430, 2.7695, 3.0898,-0.4027,-3.7737, 3.0570, 0.4467, 4.8052, 3.4247,-4.4258,-3.5543,-0.9844,-4.6674,-1.9201, 4.4635,-1.2888,-2.9147, 1.8443,-1.1231, 2.7815, 0.3528,-0.4924, 2.4598,-0.8872, 4.8563, 3.8896, 4.3464, 1.7431, 1.4478, 0.8772,-0.8166,-0.0968,-2.7457,-1.7992,-2.7879, 4.8733, 4.6409, 2.6484,-3.4230, 1.9986, 0.3272, 2.1549,-1.2728, 0.0990,-4.9425, 4.7035, 3.2229,-1.8731,-1.2692,-3.3991, 0.3492,-3.0250, 2.8367,-3.2224, 0.2232,-1.2272, 3.5315, 3.8643, 2.7065,-2.3832, 1.2443, 3.9751, 2.3637, 1.4891,-3.8742, 1.4838,-4.3551,-0.4258, 4.4356, 2.2948
 2.8904,-4.1582,-2.1661, 1.3387,-2.6308,-2.7246,-2.7723, 3.6729,-4.2484, 2.3161, 4.2047,-3.2560, 0.8418, 4.2717,-4.2495,-1.3766, 3.2936, 2.1846, 0.7053, 3.5353,-2.7491,-3.3209,-0.1343,-0.7659, 3.4629,-0.0057,-1.6067,-4.8297,-1.6543,-1.0157,-2.0466,-3.5272,-2.7374, 3.4162,-3.8749, 3.2599,-2.8406, 0.8573,-3.5930,-2.9776,-0.3642, 1.5393,-0.9554,-4.2059,-4.5645,-3.7886,-0.4588, 0.0447, 3.9345, 2.3287, 2.8939,-0.7091, 3.1161, 3.9709,-1.0369, 2.2777, 3.9657,-4.5204,-4.6523, 2.8808, 2.0572,-1.8849, 4.4144,-4.0880,-0.4646,-3.7890, 2.8917,-3.2831, 2.6624,-0.1985
-2.9930, 3.6151,-2.6842,-1.2575,-0.1825, 1.4450, 0.4912, 3.1444, 3.5379, 4.8921,-2.6931, 1.3387,-2.6274, 1.9540, 1.0439,-3.2418,-2.3349,-0.8694, 0.4637, 2.8517,-3.2590,-3.8877,-0.9839, 3.3624,-2.8050, 1.8454, 0.1821, 1.3358,-4.6855,-0.9843, 3.7349, 4.0976,-3.8886, 2.2033, 1.7961, 3.8656, 0.3147,-0.1325, 2.1063, 0.2678,-4.6941,-2.3172, 2.8523,-0.1662,-3.6434,-3.6407, 1.0705, 2.6937,-3.4726, 2.3851,-3.3369, 4.2997, 4.9155,-2.2993,-3.4334, 0.0895, 3.5010,-2.1453, 2.6458, 2.7348,-3.9201,-0.4163,-0.0019, 0.9248,-0.0802,-3.5402, 2.3024,-4.1682, 0.7642,-4.4962
-3.4594, 0.2814, 1.5909, 4.7899, 1.4532,-0.9440,-2.9042,-2.1437, 1.8457, 3.2925, 0.4103,-3.8572, 3.5584, 1.6219,-4.2381, 4.4818,-2.5203,-2.1990,-2.9108,-4.0733,-2.9246,-3.7622, 4.3049,-2.3309, 0.0514,-4.4154, 3.3384,-0.5339,-1.9289, 3.0987, 2.0636,-1.1383, 1.9087,-0.2614,-1.7330, 2.0711, 0.7284, 3.8719, 0.9960, 2.1270, 1.5323,-2.0418,-1.8447,-2.6200,-2.9360,-1.0822, 2.4790, 0.8018, 0.9955, 3.2287, 4.8587, 2.0950,-1.8586,-3.8382,-0.2743,-1.5743, 4.0917, 1.6058,-2.3104,-4.5318,-2.1496, 0.1926, 1.0194,-0.1807,-2.1037, 3.1828,-4.0191, 2.0047,-4.1766, 2.8292
 1.0220,-0.8248, 4.5451, 3.5097,-3.3694, 3.2385,-0.8262, 2.1399,-1.6569, 0.7131,-1.7327, 4.5990, 2.9598,-0.4479, 4.5753, 1.0217, 1.7648, 0.0959, 4.2265,-1.2046,-0.9383, 3.5644, 2.9873,-2.5036, 4.0154, 3.4817,-0.8201,-4.9195,-2.7250, 1.6841, 1.0437, 1.9180,-4.6586, 1.4157,-2.8486,-1.8369, 4.1312, 0.6819, 2.8579, 4.4341,-3.0238, 1.1693,-2.5668,-1.6992,-4.3553,-3.1958, 3.2750,-4.0375,-2.9935,-1.3134,-4.6160,-4.7949, 0.5569,-0.1882, 3.1823,-3.2819,-4.4736,-1.9412,-3.2546, 4.6079, 0.4185,-1.3869,-1.2117, 0.0566,-4.0716,-4.5422, 1.5400,-1.4382, 0.2335,-0.3938
 2.7688, 4.8831,-2.4506, 0.1819,-3.1502,-1.8097, 0.9907, 4.7866,-4.0182,-3.9328,-3.3141,-3.2540, 2.3754, 2.6561, 1.4450,-1.6167,-0.6882, 0.3537, 2.9954, 4.3609, 3.1703,-4.2571, 1.3579, 4.8420, 3.1739, 3.4000, 3.7068, 0.8079, 3.3723, 0.1601,-4.2827, 3.5066, 4.2840, 3.4653,-2.9043, 4.2796, 3.4089, 0.3439,-1.0265,-0.9506,-1.0480, 4.3107, 4.2883, 4.6387,-1.3945, 2.5594,-2.5321,-1.6053,-2.1293, 3.2012, 4.8968, 2.1352, 1.4298, 1.6646, 1.2543,-3.2620, 2.2379,-2.6892, 2.8130,-3.4863, 1.7041, 2.4307, 0.4338, 0.0255, 1.3376, 0.1494, 1.7188, 4.4836,-3.7966,-0.8915
-3.0903, 1.4519, 2.3966, 2.7787, 3.4107, 0.2792,-0.1374, 2.9301,-0.0195, 4.9572,-1.5904,-3.3167, 4.6984,-2.6510,-3.9103, 2.8754, 3.7408,-3.1313, 0.9106, 4.8886, 4.2946,-1.6006,-2.8845,-2.2444, 1.0301, 4.9237, 1.8460,-1.4338, 1.8178, 0.6165,-3.4959,-4.6472,-2.7961, 4.2983,-3.8302, 0.7135,-4.7675, 1.8886,-3.7724, 1.5549,-1.2463, 0.2834, 2.6066, 0.5100,-2.0885,-2.4907,-4.4007, 1.0236, 1.5933,-1.2314, 1.4314,-4.8779,-2.0553, 2.4395,-4.2667,-4.9620,-2.7776,-0.9749,-1.4260, 2.0959,-0.7726,-4.0795, 0.2256,-4.6802,-1.4116, 0.3042, 2.7091, 3.4211,-3.2814, 0.9326
-4.3576, 3.2626,-1.1421, 4.6083, 2.5226, 4.2331, 4.6150,-2.3420,-2.4871,-3.7916, 4.6589,-3.8471, 2.3082, 3.1848,-2.4491, 0.4675,-1.4764, 3.8221, 1.1961,-4.2092,-0.6474, 3.3028, 1.2938, 4.9946, 1.2815, 1.0820,-4.5379, 0.8800, 0.8734,-2.6793,-1.6239, 3.3374,-2.6194,-0.7279, 3.8096,-4.8748,-4.9396, 3.2405,-1.7951, 2.2779, 2.1012,-4.3983,-1.6911,-4.4632, 0.7596, 0.4137,-3.5297,-0.4300,-1.9047,-4.4795,-0.2008,-3.0836,-4.8485, 3.2359,-0.4334, 4.7284,-1.6348, 0.2111, 1.7446,-0.5469, 0.9714,-3.4206, 4.2620,-2.0318,-4.0555,-0.7419, 1.3424, 2.5740, 3.5449, 1.7604
 3.7523, 0.1156,-1.6805,-1.5264, 2.8400,-0.2320, 4.5481,-2.3517,-0.4288,-1.4588, 0.8528,-1.1086,-4.0723, 3.2690, 0.4328, 2.0367,-3.4757, 4.1195, 0.0277,-1.2928, 3.3080, 1.1969,-1.9379, 0.2184,-3.7319, 1.6830,-2.3794,-2.9302,-1.9068, 0.7321,-4.9520, 3.7957,-4.7706, 1.4323,-3.6871,-4.0984,-4.0400, 0.8811,-3.4710, 3.4547,-1.3798,-1.4792,-3.3328, 4.6904,-0.6358,-1.5181, 0.1526, 4.1861,-3.5047, 1.2451, 1.7572, 1.9783,-4.7994,-2.3023, 2.9860, 4.9305, 2.3052, 4.5679, 0.4828, 2.3065, 4.6667, 3.0628, 0.7273, 0.4010, 2.3469,-0.8019, 2.2554,-3.3764,-0.4736,-4.2209
-4.8701, 2.0198, 3.2179,-1.1178,-2.1554, 1.7009, 1.0962,-0.2626,-4.2516,-3.5664, 2.6396, 0.7826, 0.2369, 2.7241,-3.3676,-1.3354,-2.5298, 0.3283, 2.1179,-2.4715, 3.6351, 3.4945, 3.4521,-0.5572, 3.8876,-4.0669, 4.3415,-4.6711, 3.6726, 2.5743,-2.2026,-0.5114,-2.1269, 1.0798,-1.1872, 4.4692,-2.5341, 2.4005,-0.9113, 0.4480,-0.6934, 4.8628,-3.8793, 0.2733,-2.0862, 3.6196, 3.2869,-2.3716, 1.4809,-3.3788, 3.3161,-2.4505, 2.2790, 4.4118, 3.5724, 2.9434, 2.7960, 4.6977, 4.3891, 4.1183, 0.5008,-4.2900, 3.0710,-1.1808, 0.5077,-0.0623, 3.1692,-2.5094,-3.5553,-0.9472
-2.2878,-0.2016,-1.7715,-1.7604,-0.0812, 3.4840, 0.0768,-1.3530,-0.3713, 3.6798,-4.7742,-2.3174, 2.0023,-3.0799, 3.4901, 2.4952,-1.2571,-4.9766,-0.3820,-1.2866,-0.8087, 3.0284,-3.4526, 2.2994,-4.8262, 4.8332, 3.2989,-2.2490, 1.1886, 1.2404, 4.6800,-3.8845, 2.3689, 0.6494,-4.2851,-2.2527,-0.8284, 0.6815, 3.5339,-4.8137,-4.8377,-4.8845, 0.9494, 4.9152,-1.8933,-3.6869, 0.9421,-0.9205,-2.9986, 1.5678, 4.5609,-0.4288, 3.9977,-2.5480, 1.7447,-1.9578,-0.2833, 2.4271,-0.3830,-2.8674, 1.3313, 4.9520,-2.6549, 2.0651, 2.5757,-0.1057,-1.6984,-1.8716,-0.3124,-3.1192
-1.5181,-3.8978, 3.7716, 0.1064,-4.5013, 3.7803,-2.2551,-1.5351, 1.8685, 3.2341, 1.6709, 1.4590, 4.7765,-1.3588, 4.9788,-0.6723,-2.2594,-0.6337,-0.6503,-4.2286, 3.0511,-1.1603,-4.5225,-0.0555,-0.6394, 4.5471,-4.2177, 3.5874, 3.7000, 4.0409,-4.5451,-0.1504, 2.3191,-0.6240,-2.5120, 2.4826,-1.9008,-4.9731, 1.3923, 3.1571, 3.7306, 4.4000, 0.0811,-3.9082, 3.7603,-4.7801, 1.8824,-4.9696,-3.5981,-1.8281, 1.6399,-3.6724, 4.5498,-1.1421,-1.7885, 4.8145,-2.1108,-2.6580,-4.5917,-3.5332,-4.9440, 2.5000,-4.4139,-2.9749, 4.8100, 4.9280, 1.8648,-3.4734,-3.7328, 1.3600
 4.0102, 1.2171, 4.3953,-2.9709, 3.6898,-4.7896, 2.0266, 0.7121,-2.7598,-4.8130, 1.0904, 3.4582,-2.5008,-2.3216,-2.7014,-0.3246, 2.5387, 4.7219,-3.9496, 3.7715, 2.3684, 4.4051, 2.3589, 2.3243,-3.2104,-4.3829,-2.2697, 1.0650,-3.4208,-4.0730,-4.4017, 4.2001, 0.2225,-3.9093,-3.8961,-0.0522,-2.5734,-1.6060, 3.3138, 1.1835, 2.2952,-2.1699, 0.9415,-3.5378, 2.8990, 1.9074, 0.8215,-1.5653, 0.6322,-2.2792,-2.6422, 1.4104,-4.2669,-0.1903, 4.4101, 4.6670,-2.2232, 3.0464,-1.6975,-0.5058,-0.2935, 4.5329, 1.8068, 2.7157,-0.3107, 2.9590, 1.0557,-1.1529, 2.7835, 4.4227
-4.0041, 2.9033, 0.8613,-4.3277,-2.1053, 3.8998,-0.9554, 0.3390,-4.6407, 3.6045,-0.8315, 4.0736, 0.0610, 0.5443,-1.4481,-0.1691, 3.1930,-3.3716, 0.2836, 4.4316, 2.1444,-0.7723,-2.7537, 0.5767,-3.0390, 4.0076,-2.1043, 1.9317, 3.0700,-4.5252,-3.4716,-1.2201, 1.7369, 0.7209, 1.5168,-3.1351,-4.7245,-3.1347,-3.1247,-3.1689, 1.1063,-4.0815, 2.6965, 0.7558,-2.2509,-3.9982,-1.4170,-1.6990, 4.9789,-2.2082, 0.5078, 4.9320, 1.9454, 0.8331,-3.7024,-4.2877,-1.2555, 0.2465, 4.5879, 1.9833,-2.4795,-0.7902,-3.2972, 4.2017, 2.9472, 2.6948,-0.6532,-2.4865, 3.5399, 3.2365
 2.2992, 2.7190,-2.4619,-2.5823, 1.7766, 4.8906, 3.0391,-1.8196,-2.6562,-3.3612,-1.8980,-2.0584,-0.8618,-4.9650, 2.1275, 3.5726, 4.7819, 1.6905,-3.2297, 3.7515,-4.6528, 2.9901, 1.0685, 2.4013, 2.3479,-4.9479, 4.9788, 1.2950,-2.7252,-2.0534,-1.3297,-1.8892,-1.3492, 3.6489, 1.5200,-4.2204, 4.9196, 3.9520,-0.8273,-4.6625, 4.2802,-0.8087,-4.3488, 4.9140, 1.3652, 0.3523, 2.6924, 0.6304, 1.6729,-4.5730, 3.7418, 2.0558,-3.9272,-0.8772, 2.7119,-4.9000, 1.9722, 0.8372,-1.9359, 3.9757, 4.6078,-2.7412, 3.7212, 1.6249, 2.6074, 2.4731,-0.4068, 0.1000, 4.4432,-4.7557
 1.4903,-1.7723, 4.7978, 3.2638,-0.9675,-4.5930, 4.7806, 0.6855,-0.6616, 3.1284, 4.7096, 4.3431,-3.1664, 0.4801, 4.2875, 3.2619,-3.6630, 1.2388, 4.3602, 3.4489, 3.3531,-2.0979, 4.1642, 2.6402,-2.7044,-4.0377,-0.5097,-1.0799, 4.1897,-3.7060, 3.0654,-2.5160, 1.2655, 0.5355,-1.7640,-0.4056,-1.7577, 2.9885, 0.9761,-0.1156, 1.3761, 4.7227, 4.3951, 1.8717, 3.6044,-0.4111,-1.0093,-0.5835, 3.4126,-2.6915,-1.0830,-0.4222,-3.3662, 0.1745,-3.5966, 0.6219, 1.9124,-4.7187,-2.8406,-1.3188,-3.7765,-3.5662, 0.4104, 2.2941,-3.5336, 3.9292,-0.6008, 3.6161, 1.8818, 4.0981
 2.6251, 3.3564, 4.9668,-3.6462,-3.8094, 0.8046, 0.2560, 3.5888, 2.2302, 0.7364,-4.8439, 0.1949,-4.3264,-3.1662,-0.8239, 4.1860,-0.9041, 3.4474,-2.5364,-2.8846,-2.5759, 2.2213, 3.6500, 2.4505, 1.9461, 2.9254,-3.6960,-3.2750, 4.4810,-1.4122,-4.1363, 4.1714, 4.3337,-1.0142,-3.3134,-1.5139,-1.4832,-1.4801,-3.6749,-1.5656, 3.3753,-4.8747,-0.2714,-2.4352,-1.9387,-4.4787,-3.7262,-4.8353,-0.9163, 2.8047,-0.7848, 3.3218, 3.8413, 0.4828,-4.4587,-4.3785,-0.0426,-4.0100, 1.2474,-1.4976, 0.7223,-2.8259,-1.2563, 1.7641,-4.4831,-2.4412, 0.0867,-0.6534, 3.4894,-0.1999
-1.8378,-3.9504, 4.6820,-1.6581, 4.9765, 3.9888,-1.6691,-2.8297,-3.5773, 0.7705, 4.6974, 3.4713, 1.3420, 4.4613, 4.7274,-4.3103, 4.1086,-2.8062, 0.5493, 2.3645,-2.3529, 4.8626, 1.5998,-4.8591, 2.6454, 0.1456,-4.2208,-2.5296,-3.4917, 0.6847, 2.0419,-4.2228, 1.4650,-0.0227, 3.2106,-4.0938,-4.9335, 0.9554,-2.7232,-3.4955,-2.9595,-3.1008,-3.2173, 3.9587, 0.1052, 0.3590, 2.2613, 2.3235, 0.9697, 3.3490, 3.6030,-1.4668,-4.4407,-3.9971,-1.4455, 0.1517,-3.4156,-4.5289, 0.7929,-1.7644, 0.8454,-0.6758,-3.4313,-0.2588, 3.0492, 4.3644,-3.5917,-2.2961,-4.1172,-4.3958
-1.4571,-4.9701,-0.2142, 4.7426,-1.0724, 3.0405, 1.4600, 0.2202,-4.6649,-4.3752,-3.3453,-3.9315, 4.0212,-4.7465, 0.9793,-2.2805, 3.3086, 3.4170, 4.5325,-3.4440,-1.3640,-3.7790, 1.4108, 2.5078, 4.8648,-2.7297,-3.6596,-4.3431, 1.4465,-1.7534, 1.4464, 2.5692,-4.9294, 1.9644,-1.8940, 3.8983,-1.4986, 2.4367,-0.6334, 2.8043,-0.5831, 3.2481,-3.9405, 4.0228, 0.9620,-1.7234,-2.9612,-3.5049,-0.0800, 0.5692, 3.9732, 0.7434, 0.3042, 0.2751, 1.0424,-2.7901, 4.0967, 1.2032, 0.0507, 1.8699,-4.6502, 2.1391, 1.5495,-1.1229,-3.8699,-4.5346,-0.8460, 2.5140, 1.3667, 3.2283
 2.9108, 0.3192, 3.1340, 2.0697, 0.4747, 0.3380, 0.4603, 0.9097, 0.6403,-3.6149, 1.5009, 1.7340, 3.7417,-2.2704,-4.4252,-1.8477, 0.9859,-3.6348,-4.1756, 2.8779,-4.4210,-2.8204, 3.8953,-0.9633,-0.2899,-0.8880,-0.1594, 1.9667,-4.2434, 1.0105, 1.0685,-3.9400,-2.9444, 4.8961,-2.7378, 2.3664, 0.9820, 1.4451, 4.8099,-3.1464, 4.3364, 3.3071,-1.4320, 2.0105,-3.3224, 1.0055, 0.5834,-0.8752,-1.2161,-1.3034,-1.4584,-0.1321,-2.4223, 2.3681,-0.3134,-2.1817,-3.0818,-0.0490,-0.2213, 3.8894,-0.3611,-3.1866, 1.1885,-3.9496,-3.3087,-3.1086,-4.3632, 0.3223,-3.5903,-4.0872
 1.6743, 4.7040, 0.2960,-3.2687, 3.7264, 0.4826, 4.1032, 4.7146, 4.6988, 2.2839,-4.7834,-2.8775,-1.0643,-1.1329, 0.2347, 4.5564,-1.1803,-2.3915,-1.4088,-4.6563, 2.2444,-2.8615,-1.5586, 4.3808,-4.2336, 4.3378, 1.2903, 1.4701, 0.6959, 0.2907, 1.6565,-2.5587,-3.1137, 3.4212, 2.3582,-3.8154, 2.7864,-2.8019,-3.8088,-1.8019, 4.8935, 4.5954,-2.9506,-3.6695, 4.0821,-3.3551, 1.4592, 4.4686,-4.4810,-3.0167,-3.5144,-2.7287,-1.1279, 3.9627,-0.5895,-4.1419,-1.5464,-4.9635,-0.8075, 2.3368, 3.9607, 1.2336,-1.4383,-1.1322,-4.2071,-4.1557, 2.8001, 2.6963,-3.8012, 2.8192
 1.1281, 2.1937, 4.6598, 3.5411, 3.5276,-2.1221, 1.7891, 0.7593, 2.7829,-4.3263, 4.5052,-1.8844, 1.9511,-4.6042,-2.0077,-4.4781,-0.2862, 2.1122,-2.7949, 0.6525,-1.5570,-3.5273,-4.6200, 0.4147, 0.1642,-0.3983, 0.3318,-1.6696,-1.9227, 3.3128, 2.7727,-2.2737, 3.7972, 2.5493, 4.7809,-0.0393, 3.5342,-1.0286, 2.9913,-2.3947, 3.9291, 0.7368, 2.1782, 4.0914,-4.9795, 4.5237,-0.9510, 0.4216, 3.2886, 4.2184, 2.5852, 2.4570, 4.4815,-4.1342, 0.5705,-1.1944, 1.6875, 2.3286,-4.1105,-2.7020,-0.0645, 1.9800,-1.5561,-3.7936, 3.9414, 3.2676,-2.9046, 3.1827, 2.3601, 2.5093
-2.4652, 1.1780,-4.6351,-1.7191, 2.0265,-3.1698, 3.0855, 1.3870,-3.2666,-0.6938, 3.0346,-0.3473,-0.8859,-4.8592,-1.1660, 3.4645, 2.2204, 0.7640,-4.7246,-4.9524, 4.5223, 1.8659,-1.7828, 1.8114,-1.5730,-4.5357,-0.3369,-3.7981,-4.8373,-4.7240,-0.5578, 3.8457, 0.9610,-0.5065,-2.9805, 3.2307, 2.5673,-1.6794,-4.7588,-0.1738,-4.5053,-3.4352, 0.6960,-4.7226, 0.6309,-1.7854,-0.5262,-1.5791, 1.8130,-2.9302, 2.5106, 4.2119, 2.4232,-0.1841, 3.0007, 1.4720,-1.2031,-3.8217,-0.4712,-1.4922, 4.3481, 2.0069,-1.4178, 1.0771, 4.4701,-1.4774, 2.5597,-1.2139, 4.7334,-3.4022
-0.9699, 2.0996, 2.5309,-4.0844,-0.3989,-2.6785, 4.6992, 2.9444, 2.1937,-0.5313,-4.1986, 1.6445,-2.4565,-0.7867,-3.2365, 4.7471,-2.5244, 2.3706,-4.3619,-0.1915, 4.7917,-3.1265, 4.3010, 3.7626,-2.3621, 0.2275, 4.9210, 4.3790,-4.0792,-2.0651,-2.6374,-0.4154, 2.4947, 2.4875,-4.0825,-4.6384, 0.4918,-1.8022,-3.1963,-2.2887,-4.3744, 4.4442, 3.7174, 0.6361, 3.3536,-0.3228, 0.1877,-0.3762,-2.9032,-3.6921, 4.3615, 2.9427,-3.9046,-2.0181, 2.1360,-3.7146,-4.6211, 4.7224, 2.4173, 4.8857,-1.9639,-3.2786,-4.2673, 0.6133,-4.5174,-0.0799, 0.4868, 4.2056,-3.6100, 2.0296
-3.4687,-1.3843,-1.3854, 1.3488, 1.8558,-1.9823, 1.3158, 0.4739,-3.4181, 2.9585,-4.7440, 1.7591, 0.8042,-4.8093,-0.8168, 0.9011,-2.1935,-3.7108, 3.5256,-3.1027, 1.4126,-3.6800, 2.1960, 0.3115,-2.8351,-2.1160, 1.5464,-3.4009,-1.6939, 4.6314, 4.6118, 3.0984,-0.2631,-4.7406,-4.2523,-3.3772, 0.0607, 3.6087,-3.2140,-0.4516, 1.3512, 0.1942, 2.2036,-1.7825, 3.7177, 3.6616,-0.2399,-0.2452,-3.9602, 3.2486, 2.0526,-2.3025, 0.9611,-3.0562,-3.4446,-1.9640,-4.1090, 4.1300, 2.7844,-3.1976, 0.0851,-3.1116, 1.7308, 3.3364,-4.8199, 1.4659,-3.6934,-0.7189,-2.7860, 4.7518
-3.8253, 0.2761, 2.5741,-2.1312,-0.6032,-4.0249, 3.6826,-4.8896, 2.5212, 1.9142, 3.8410,-3.9451, 3.8112, 3.8463, 1.0385, 2.6201,-3.3012, 4.2200,-0.9313, 3.1202, 3.7710, 1.3415,-1.9114,-4.7209, 1.3280, 3.5089, 2.3733, 4.4503,-4.2393,-2.9285, 3.6681, 2.4239, 2.3567, 2.1550,-2.4148,-2.2240, 4.3798,-0.2990,-0.8671,-3.3122,-4.2165,-4.9252, 4.5589,-1.8697, 2.1673,-4.2686,-1.9269,-0.1357, 2.7816,-2.8870,-3.1189,-0.1410, 3.4877,-1.2918, 4.4765,-1.4363, 0.9797, 0.5824, 1.7503,-3.4025,-3.5573, 1.6334,-2.5323,-2.8988,-2.3996, 0.9703, 3.6536, 3.4082, 1.0130,-2.1677
-2.2202,-2.0063, 4.0009, 4.6739, 1.1817,-2.9804, 4.8967, 1.3929, 2.2105,-4.1420,-4.6034, 2.1311,-0.4419, 1.4421, 4.0032, 3.7950, 0.6968, 2.8211, 0.1811,-0.9754, 0.5562, 2.9953,-2.9613,-0.5319,-2.2664,-3.2088,-4.5256,-1.1659, 2.2687,-3.4155,-0.1227, 2.8399,-0.1181, 4.1186, 0.9801, 3.9081,-4.6578, 3.9208,-1.2043,-3.7736,-1.7377, 3.7996,-3.1025,-4.5092,-0.7752,-1.4984, 0.5585,-4.0530, 4.2433,-0.5684,-0.9059, 3.1978, 2.6200,-3.6994, 1.6347, 0.5992,-0.2778, 2.0721, 1.7307,-3.9368, 1.0693, 3.4392,-4.9366, 2.2004,-0.5624, 3.9102, 3.0837, 0.6502,-4.3435,-3.2823
-4.7164,-0.0796,-4.3010,-1.0657, 2.8685, 2.7697,-3.2324,-2.5396,-0.3507,-2.6714,-0.4339, 0.3063, 2.3598, 0.6150, 1.3358,-1.1124, 0.9824,-2.2783, 3.3358, 1.8161, 0.0704, 3.5685,-1.8120, 0.0878, 3.0569, 1.4807, 4.6861, 3.9360, 4.9253, 2.4578, 3.2214,-1.0304,-3.2990, 3.9356,-4.3248,-1.0646,-2.4653,-2.1296,-4.4397, 3.7079, 1.1121, 3.9287,-4.6405, 4.6046, 1.8929, 4.6257,-1.3180, 3.7829,-3.0048, 3.9036, 2.2941,-2.9522,-4.2234, 2.8555,-2.4898,-0.1012, 3.7701, 3.1068,-1.3208, 1.3495,-1.4549, 4.0055, 3.6407,-4.9202, 3.3901,-4.8120, 4.3428, 2.4550,-2.2782,-0.2106
 4.6731, 4.0788,-0.2282, 0.3185,-0.2912, 1.0671, 0.9480, 1.6487,-0.3586, 4.5604, 4.8988,-0.2372,-1.4797, 3.9087, 4.0016,-1.4859, 2.7648, 2.6351,-1.0050, 0.2918, 4.9907, 0.6811, 0.7055, 0.7842,-1.7050,-0.4462, 3.6984,-4.0098, 3.9995,-1.1098, 2.2054,-0.4943,-2.9520, 3.5755, 0.2959, 3.2704, 0.2270,-4.1470, 1.8778,-2.6035,-3.6729,-3.1450,-1.4423, 4.4174,-1.9238,-0.3330, 0.1364,-0.2792, 3.6926,-4.4220, 3.0814, 1.4978,-2.5098,-1.2813, 2.4271, 3.3636, 4.6156,-0.1204,-3.0487, 2.2824, 3.1600,-0.3404, 2.7926,-4.5433, 2.0091, 3.3100,-2.6957,-4.3538,-4.0835, 1.2962
 2.7887,-4.1250,-0.2523, 2.4886, 1.9306,-0.1430,-1.5441,-1.4613, 4.9585, 1.9203, 0.5077, 2.3741, 0.5465,-3.9864,-4.7835,-3.6537, 4.2025, 1.7318, 4.1203,-1.0317,-2.7377,-4.4866, 4.6514, 2.1121, 4.2542, 0.2578,-4.7081, 1.7227,-1.9879,-3.2341, 3.1121, 2.9738,-4.4341, 1.3924,-2.7087,-3.1574, 0.3110,-4.5296, 1.3143, 3.4239, 3.2364, 0.5375,-4.6032, 0.0890, 1.5626, 0.8980,-3.4503, 1.8660, 4.1064, 0.4380, 4.0735, 0.5473,-3.8798, 4.3645, 0.0576,-2.4838,-3.9613, 4.5921, 4.8385, 3.3132,-1.5006,-3.0181,-2.6594,-1.9759,-1.2827, 3.6653,-2.1611, 2.1994, 0.0470,-3.7797
-3.4606, 2.0125, 4.4939, 4.8759, 2.5001, 4.9105, 4.9537, 0.5255, 0.1938, 1.9590,-0.2775, 3.9421, 1.5524, 2.6873,-4.7763, 2.3818,-2.3951,-2.1441,-2.1620,-2.7738,-1.6723, 1.2126,-4.7693,-4.4941, 0.5555, 4.4577, 1.3107,-4.5197, 1.1260, 1.1476, 4.4317, 1.6525,-0.9991, 3.6162, 4.3293, 4.1330,-4.7088,-0.3600,-2.4044,-4.8474,-2.7628,-0.2274,-0.2724,-3.7084, 4.8983, 3.5746, 0.8828, 3.8910,-4.5382, 2.9292, 0.9526, 2.0708,-2.8562, 1.7094,-2.4415,-4.7396,-2.7076,-1.4146, 0.7937,-0.2970,-1.0054, 0.6088,-3.8330, 0.3322,-0.3377, 2.4873, 1.5430, 3.4781, 2.1993,-2.5640
 4.7186, 2.4819, 3.8484, 1.8957, 0.6859,-0.5709,-4.3192, 1.9946, 4.0003,-0.8822,-2.5365, 3.3997, 2.7152,-0.6648, 2.3897,-4.8034,-4.5154,-0.6198,-1.0561,-2.7122,-3.5132,-0.1506,-4.9362, 1.1553, 0.2125,-0.1198,-1.9491,-1.6050,-2.2084, 2.4900, 3.9495, 3.9746, 2.3800,-4.9656,-2.8647,-0.8269,-2.2335, 1.0171,-4.2311, 2.6252, 0.0227, 2.8545, 3.4564, 4.1512,-0.8571, 4.7141, 2.6419, 1.3872, 3.5294, 3.1160,-0.2186,-1.6339,-1.7541, 1.7823, 3.4791,-1.9900,-4.2613,-3.3859, 0.0494, 2.5851, 0.1082,-2.0227, 2.2290, 2.4840,-4.9277, 1.4147,-1.9138,-2.4647, 4.9303,-0.2327
-1.3448, 1.0001,-0.1000, 4.0252, 1.1907,-4.2493, 4.6098,-0.3008,-3.8073, 0.1860, 2.2530,-1.0634,-4.9264, 3.4353, 1.7338, 0.3548,-2.4327, 3.6570, 0.7435,-3.2964,-3.3374,-4.3046, 0.0492, 2.4680, 4.5985, 2.5170, 2.9985, 3.2330,-1.9911,-1.4566, 1.0140,-3.7130, 4.5066,-3.8918, 1.9968,-3.8647,-0.9398, 3.8176, 4.6360,-4.5260,-3.2883, 4.9017, 2.4157,-1.8869, 3.6115,-4.9458, 4.0999,-3.0449,-1.3389,-4.3914,-3.8994, 3.1695,-0.5314,-2.1471,-1.1372, 1.7807,-3.8099,-4.2407,-1.9288, 2.5533,-1.4189,-4.5325,-3.8452,-0.0675, 4.6044, 0.2855,-4.6328,-2.6536, 3.4165,-4.6165
-3.9420, 4.8580,-2.0228, 4.2118, 1.6897, 0.1907, 3.8032, 0.9358, 0.1895,-1.4235,-1.4868, 1.3523,-1.9465, 4.9021,-2.1459,-3.5254, 3.4711, 3.5181,-1.8954,-4.3574, 2.8428,-1.8056, 1.6509,-1.2584,-4.4094, 4.2574,-4.4104, 2.0340, 1.0717, 0.4661,-0.4487,-0.4628,-2.5972,-2.1142, 0.6372,-1.4899, 2.7072,-4.9770,-0.2830,-1.0756,-4.7758, 2.9294, 2.6215,-1.4584, 1.0473,-0.9470,-0.6844,-1.1014,-1.3315, 3.7244, 4.6226,-1.8909, 0.0209,-3.1326,-3.0578,-3.0169,-0.2446, 0.7594,-3.0505,-4.6344, 2.1540,-3.4299,-3.2052, 1.5280,-4.3262,-1.7216,-0.0999, 0.7195, 0.3807,-3.7561
-1.1428,-4.6327, 1.6280,-2.2640, 1.1497,-4.8134,-1.8542,-1.4126,-2.3813, 2.5817, 2.4951, 1.4424, 3.9973, 1.2682,-2.1850, 3.6190,-4.3097,-1.4016, 4.7385, 3.1285,-1.8184,-3.3353, 4.3188, 0.4726,-1.0907, 0.7026,-3.7698, 0.1436, 3.5438, 1.7634,-3.6287, 2.2556,-3.8996,-4.8990,-1.4717,-1.0288, 1.2040, 3.4191,-4.8554,-1.3200,-1.3903, 3.6351, 2.3573,-2.9982, 1.7387, 0.4465,-0.4275,-4.9657, 2.4136,-1.7451,-0.0018,-2.4661,-4.4526,-3.3797,-3.8055,-3.7640, 3.7550,-1.3509, 1.5865,-1.8193, 4.9611, 2.1416, 2.5622, 0.1185, 0.5012, 4.1219, 4.5557, 3.8261,-0.9538,-0.0933
-2.1639,-2.7830,-2.5384,-2.7887, 3.5757,-1.1735, 4.6435,-0.0029, 4.9974,-2.3139,-2.6478, 4.3067, 4.7653,-2.4333,-0.6614,-1.2323, 2.9782, 3.8786, 1.1445, 3.3353, 2.1188,-0.6215, 0.9714, 0.7314, 2.0347,-0.2459,-2.6609,-3.6888,-3.7981, 0.5951, 2.8647,-4.5370,-1.1112, 1.6170,-0.8240, 0.1929,-0.5153,-0.1961,-3.9508,-1.5895,-0.4652,-3.8870, 1.8776,-1.6685, 1.6260, 3.6867,-3.2020, 3.9234,-1.0893,-0.6950,-1.7158, 1.4033,-4.8725,-1.0014,-1.3309,-0.8840,-1.8015,-0.3684, 0.0663,-3.8645, 4.2217,-4.2564,-1.0117,-0.2015,-0.3568, 4.7555, 2.0353, 4.5488,-4.9071, 4.2629
-3.6668, 0.6671,-2.3979,-0.9985,-2.0506,-4.8395, 2.9591,-2.9233, 1.5124, 2.2303, 2.2140, 4.7468,-3.5161,-4.5796,-3.3514,-4.3776, 3.5104, 4.8570, 0.2375,-1.9279, 0.5479, 4.5416, 4.6853,-3.6638, 0.1134, 4.8274, 4.4546, 0.1418,-1.7612, 1.4683, 0.7091,-0.0988,-3.0512, 3.3164, 3.3909,-1.6779,-1.6053, 3.9281,-4.0611, 0.7455, 2.3429, 0.2633, 3.4546,-1.3261, 3.7500, 3.4383, 0.9928,-4.1725, 0.5530,-4.0808, 2.5521, 3.3359,-3.3686, 2.8688,-4.7793, 2.9353,-4.6676,-2.4220,-0.9514, 2.3515, 1.3283, 2.8332, 2.4855,-2.7811, 0.2034,-0.7623, 1.0289,-0.4764,-0.9421,-2.5492
 0.0700,-0.0055, 1.5789, 3.7329,-3.6076,-3.4500, 2.3100, 1.9670,-1.1962,-2.5992,-2.2478, 4.9790,-3.1180, 2.3999,-0.3043, 4.6162,-0.4965, 0.2587, 1.4618, 1.7598,-2.5105, 4.9305,-1.4387,-3.6683, 2.0150,-2.7535, 2.8912, 4.7543, 0.0899, 0.7595, 0.4897, 0.0143,-1.4861,-2.7680, 3.2220,-4.1460,-4.6955,-2.7905, 1.0751, 4.6716, 4.0984, 3.9195,-2.1178,-3.4457, 4.4711, 1.1437, 0.3686,-1.3736, 4.1138,-4.9003, 4.7017,-0.4885,-3.3867, 0.2650, 4.8496, 3.9879, 1.8954,-4.1497, 1.5604,-1.4546,-3.4786,-1.9034,-1.4413,-2.2748, 2.7296, 0.4622, 0.6044, 2.7035,-4.6308, 1.7056
-3.1139, 0.0567, 3.9024,-4.8611,-3.6173,-1.9045, 0.7787, 0.5041,-0.1807, 1.6893,-0.6474,-2.0201,-2.5012,-1.2366,-0.7937,-4.0003, 2.1323,-1.9476,-4.0689,-3.5320, 1.3130, 3.4782,-3.0405,-2.5467, 4.1660,-2.6639, 2.2960,-1.2024,-2.4395, 1.7716, 0.0421,-3.6590,-4.1958,-3.1642,-1.2428,-4.5350,-1.2702,-4.3803, 0.8783, 1.3965, 2.0072,-1.7995, 1.8105,-4.1973,-4.9375, 0.4641,-1.2964, 0.3502,-0.1958,-0.1585, 4.8276,-2.6292,-0.0471,-4.0254,-2.2125, 2.3754, 2.5012, 0.9077,-0.6316,-1.1335,-4.2731,-3.3077, 2.5336,-3.2383, 0.5124, 4.5472, 2.4477, 0.8522,-2.6839, 1.6175
-0.8041, 0.7449, 2.8421,-3.2418, 4.7146, 0.6935, 3.4946, 0.7570,-3.5993,-0.7510, 3.0550, 4.1456, 0.4605, 4.2490,-1.3795, 2.2103, 4.8300, 3.7192,-2.2686,-1.8598,-1.5472,-4.5553,-2.3343, 1.6503,-2.7766, 2.1509, 2.9876,-4.1159, 3.1416,-2.3731, 3.2287,-1.7863, 1.5029,-4.5247,-3.6769, 4.8664, 0.6455,-4.7881, 4.9154,-3.7424, 1.2801,-1.5998, 3.6125, 3.7901, 0.5134,-2.5726, 4.2313, 2.3369, 3.5291,-3.4107,-4.6402,-4.7407,-4.3325,-1.9757,-3.2244, 3.0976,-4.8158,-1.6079,-2.1849,-1.5584,-1.4734,-1.3568,-0.7038,-4.5472, 1.6464,-2.4592, 2.0017,-3.5171, 3.9154, 2.6547
