 0.7423, 2.2289,-3.7088,-3.2538, 0.7843,-3.9753,-2.5344, 3.6224,-2.0655,-0.2778, 1.4791,-0.3980,-2.2328,-0.8604,-0.1482, 2.1300, 3.0078, 0.0747,-2.3374, 1.2936, 4.7266, 1.3333,-2.7077,-1.1585, 1.5565,-2.7687,-1.8275,-0.0890, 0.8785, 0.1493,-2.5111,-3.9771,-1.6461, 4.5863, 0.8307, 3.8543,-1.3160,-2.2039,-2.3615, 3.2113,-0.0166, 4.8206,-3.8868, 1.3557,-3.0831,-0.0445,-4.8104,-3.5428,-0.1284, 2.4177,-0.4419,-3.5052, 0.2583, 3.3504, 2.4043, 3.0726,-4.0282,-0.5202, 3.5963, 2.4246, 3.4586, 0.7255, 2.3817, 1.0876,-2.9340, 2.4993, 2.5338, 4.2194, 4.5789,-2.5332
 0.6331, 4.8056,-2.0054, 2.0440,-3.6938, 2.8567,-3.8136,-4.6183, 3.0007,-2.9427, 4.7403,-0.0872, 2.2279, 3.5295, 2.6382,-4.3591,-2.2734, 4.3133,-2.4538, 4.1303,-4.6029,-2.2733,-3.9130, 2.3363,-1.6150,-0.1903, 3.9705, 4.9885, 3.7397, 0.0720, 1.1654,-4.3206, 4.1445,-4.9842,-1.7129, 4.0185,-0.9633, 1.6257, 2.2022, 2.2979,-2.0026, 1.9514, 3.7528,-1.8196,-3.6668, 3.2810,-0.6191, 4.7544, 4.4567, 4.0486,-4.8341,-4.7546,-0.3443,-1.7911,-0.6989, 2.1093, 1.4286, 1.2945, 0.7495,-3.7751, 3.8374, 3.0569, 4.0722, 0.6578, 0.0774, 2.6964, 4.7180, 3.2196,-0.2939,-4.2155
 3.4567,-0.7143, 4.5982,-1.9778, 2.8831,-4.2043, 4.3648, 1.0480, 2.5725,-0.5192,-2.8271,-3.4665,-1.6059,-4.8447, 4.2677, 3.8927, 2.3389, 3.0360, 2.1650, 0.3409, 1.7495, 1.1165,-2.4257,-4.5200, 3.4836, 2.5631, 3.6523, 0.0425,-1.3470,-1.8256, 0.6332, 2.2579, 4.5678, 4.2383, 2.8577,-2.0757,-1.8666, 0.3827,-2.7392, 1.6892,-2.4364,-1.9128,-2.3705,-0.3901, 3.5906, 2.7576,-2.1025, 3.7544, 0.9253,-3.6767, 4.2970,-2.2289,-4.5592, 3.0317, 2.8772, 0.2353,-4.7757,-2.3961, 2.2112,-3.2996,-4.9760, 2.0971,-3.8826,-2.4483, 2.4593,-0.4610, 1.5139, 4.9005, 3.1664,-0.4411
 1.0754,-3.0367, 1.7478, 4.0988,-2.1903,-0.6863,-0.8946,-1.2601, 2.8403, 1.3013,-1.4671,-2.4616, 0.8199, 2.4355,-4.4879,-0.3833,-2.2565,-1.2086,-4.2245, 4.3423, 3.1922, 3.6522, 2.4650,-4.7589,-4.1142,-2.2052,-3.7430,-1.9240, 0.2765, 1.4615, 2.8506,-1.3275,-3.4389,-2.7893,-4.0042,-0.1107, 4.0689, 1.4154, 3.8931,-1.1605,-1.9334, 1.5080,-1.5288,-1.5397, 0.1214, 2.6819, 0.6229,-1.2673, 4.8184,-2.8991, 4.4198,-1.0227, 2.6593,-0.1401, 3.4864, 2.4305, 3.0517,-1.5623,-3.7083, 4.4203, 4.1728, 3.3928,-2.5989,-3.5236,-3.6894,-0.8239, 1.2780, 0.3048, 2.3632, 2.2517
 1.5735,-1.2532, 0.1351,-0.8522,-4.1890,-3.0809,-3.8293,-2.3571,-1.7858, 0.2364,-4.8114,-0.9065,-2.0213, 3.5376, 4.1371, 2.4576, 4.7891, 1.9729,-1.2388, 2.4282, 2.0215, 4.4049,-0.4315,-0.3836, 4.8707, 0.3211, 3.9049,-3.6242, 1.6434,-3.6286, 4.2369,-4.8384,-2.5235,-2.1121, 0.9619,-4.2340, 1.5278,-0.4795,-4.1364,-1.2938, 2.1787, 2.5429,-3.6976, 1.1091,-4.5257,-4.9913,-1.9903,-3.5616,-0.6792, 0.3477, 0.4796,-4.6828, 1.8241,-3.3883,-1.8415, 0.3954,-3.9784, 4.3771, 0.4551,-1.5859, 2.5930,-1.0059,-2.0257,-1.6221,-2.1885, 1.5948, 0.6369, 3.2934, 4.5600,-2.6697
 0.7150,-1.5185, 0.7119,-0.6280,-2.5579, 1.6717,-2.4266,-3.8471, 0.5828,-0.9186,-2.1949, 1.2913, 2.4581, 2.8139,-2.5184, 4.0090,-4.3367, 1.4731,-3.5995, 0.0417,-0.8197,-3.3716, 4.2168, 1.8690, 1.7840,-3.3454,-3.6434, 1.7702,-2.4518, 0.1971,-1.2441, 4.0146,-1.3383, 2.3121,-4.1923, 4.5393, 1.7610, 2.6301, 0.4964, 4.9653, 0.5898,-4.6793,-0.3686, 1.5569, 3.2197, 0.9755,-3.3698, 2.1259, 2.2700,-1.5475,-2.0858,-4.3151,-4.4317, 0.1925,-4.9212, 2.6160, 1.4504, 4.6519,-4.5763, 0.1703,-2.4886,-1.5833,-0.6853, 2.9284,-3.7494,-3.5043,-1.7733, 0.7747, 3.6147,-3.6156
 0.1675, 1.0190,-0.6020,-2.2146,-1.5694, 4.3343,-4.3926,-1.2379,-2.8285, 2.1423,-0.6738,-4.1699, 3.9922,-1.5564, 1.5186,-2.7302, 3.3739, 3.3808, 4.7055, 0.1043, 2.2433, 1.0830, 1.6663,-1.0150,-0.4076, 0.2045, 3.2702, 4.2649,-4.0335, 4.9978, 1.9121,-0.9014,-0.2873, 0.4064, 4.6875,-4.7643, 3.3189,-0.0530, 1.0939,-1.2611,-0.3166, 4.7613,-4.4949,-4.1602,-1.9825,-3.7838, 1.7946, 2.1632, 2.5234,-1.0634,-2.6898,-3.0365,-1.0437, 4.8426, 2.2935, 3.4429,-1.3381,-1.4679,-0.2908, 2.4382,-2.7598, 3.8378, 1.9820,-1.2794, 2.9158, 1.4910,-1.8952, 3.1332, 0.4025, 1.8900
 2.3771,-4.7855, 1.4875,-1.0669, 3.7819,-4.7194, 2.3391,-1.2742,-0.8603, 0.1095,-3.6942, 3.6604,-1.8633,-4.6238,-0.1720,-2.4018, 4.3242,-0.6673,-3.2024, 4.4151,-0.1159,-3.4888,-3.0223, 1.3165,-3.4499,-1.2505,-2.9987, 0.2978,-0.3953,-2.2512,-2.0493, 1.4636,-1.8803,-3.9170,-1.6601,-2.8527, 4.6099, 1.0330, 4.7512, 3.8755, 1.5955,-1.7557,-0.4165,-3.2717,-2.3706, 4.1766, 4.7468, 2.5388, 1.6449, 2.2040, 3.4844,-4.4107,-3.0214,-0.1737, 3.1577,-4.8625, 3.3907,-2.6041,-1.6116,-4.7798, 4.3065, 4.0121, 4.8321, 0.3467,-4.9178, 2.2951,-2.9965, 2.7339,-0.3164,-3.0662
 3.6129,-0.9095,-0.5686,-2.0447, 0.5128,-2.7399,-1.7870,-4.3920,-0.5330, 2.1246, 2.5382, 1.1108,-4.8402,-4.0347, 2.1567, 3.5408, 3.3392, 0.2974, 2.5348, 0.7012,-1.9896, 1.7312, 0.4165, 0.4313, 3.8747,-4.7075,-0.3458, 4.6147, 2.1476, 2.0837, 4.5323, 0.0795, 3.3221,-2.2658, 4.2384,-4.0451,-2.1583,-0.6055,-0.7750, 2.6680,-3.6819,-2.3566,-3.7979,-4.5493,-3.8845, 0.0574, 1.8337,-3.3241,-0.1409,-3.6278, 2.3349,-3.0697,-4.0620, 2.0138,-1.9985, 1.5942, 3.2099,-3.5814, 1.2174,-4.4641,-1.4100, 2.9480, 4.1184,-2.3176,-0.7701,-3.1471, 3.8352, 4.6008,-2.4454,-4.3207
-1.0240, 1.2234, 2.3855,-1.8072,-0.4821,-0.2892,-1.5101,-4.3325, 3.2768, 1.4314,-2.0033, 3.4141,-0.5915, 4.5031,-1.5860, 0.8401,-2.0766,-1.7193, 2.8421,-3.1571,-0.2095, 2.5075, 4.6900,-4.6654, 2.4402, 4.8394, 0.8891, 1.4483, 1.2945,-1.3474,-1.4299, 0.8227,-3.1507,-2.3611,-1.3712,-2.3615,-2.0098, 1.0838,-4.5400, 1.2628,-2.1366,-1.0729,-1.0284,-1.0253,-1.1081, 0.2689,-4.5277, 4.9733,-4.4324, 3.8461,-3.3402,-1.0896, 2.4280,-0.8624, 1.5565, 3.5391, 0.3495,-4.8168, 3.4998,-1.4920,-4.5137,-2.2223,-0.5155,-1.7364,-1.0994,-1.7688,-4.1751,-2.4213, 3.3020,-2.8457
 3.1943, 3.8141,-0.9518, 1.7534,-4.3851,-3.3218,-2.9395,-3.0075,-3.0865, 4.9875,-0.4712, 1.7191,-4.1033, 0.7097,-2.6805,-2.8818, 0.2675,-1.9849,-4.2031, 4.1015, 3.1646,-0.5240,-2.0508, 4.2099, 4.5456,-1.3551, 3.5926, 0.1291,-0.6523, 4.0279, 4.5473,-1.3857,-1.3758,-1.1801, 3.0223, 3.9474, 4.6547,-4.9538, 0.5123,-2.5676,-4.2665,-0.2369,-3.7028, 2.2626,-4.4672,-0.5927, 4.5096,-2.1691,-0.4229, 0.8737, 4.2979,-3.7865,-0.6521,-3.4593,-0.6508, 0.8451,-1.1730, 3.3852,-1.6924, 2.8352,-1.0198, 4.6253, 4.4818, 0.3437,-2.9145, 2.1026, 3.2596,-1.0347, 0.4081, 1.4383
-0.9592,-2.6994,-2.0484,-4.6322,-2.2516,-3.4875, 2.8465,-4.5448, 2.3858, 2.4526,-4.0279, 0.6141, 0.8190, 2.1813, 3.1671,-2.1544,-0.1714,-2.9242,-1.5007,-1.5126, 2.7684,-1.2840,-4.3402, 1.6491, 2.3157, 0.8497,-2.7773, 2.6360,-2.3753, 3.1290, 0.7096, 4.6408,-4.8483,-3.8954, 2.6504, 1.5497,-1.7750, 2.3513, 0.0201, 1.4398,-3.3263,-3.7528,-1.7317, 1.3209,-4.3249, 1.5504, 4.9533,-2.8840,-0.4913,-1.9846,-4.3029, 4.5868, 1.8018,-0.4044, 2.7628,-3.0145, 4.8280, 4.9302,-4.1666, 0.6700,-3.9407, 1.6075,-3.1044,-4.7692,-1.8533,-4.6778, 1.1349,-1.3608, 0.1548,-2.3811
-2.1900, 2.9190,-4.1668,-1.1274,-0.0282, 0.6396, 1.2072,-2.5563,-1.2308,-0.4414,-3.1443, 0.9439,-3.8046, 2.2145,-1.6979, 1.5841, 0.7329, 1.2696,-3.3410,-1.6606, 2.2823, 0.7039,-2.3746, 0.5655, 1.5509, 4.2727,-1.4450,-3.8430,-4.4463,-3.2630, 0.8579,-4.6613, 0.3178,-4.0092,-1.6794,-2.6694,-0.8477,-2.2471,-1.6185,-1.5353, 2.5980, 1.5320,-1.2097,-1.7012, 3.5986, 0.0787,-3.0846, 4.7914, 2.1766, 2.9681, 3.7244, 4.3546, 0.6934,-2.8447, 4.7644,-3.7341,-0.8257,-2.5219, 2.2628,-3.2906, 4.8576, 1.3014, 3.3475, 2.3299,-0.7873,-4.3521,-4.9306, 0.8762,-3.6501, 4.1077
 2.8973,-2.1317,-3.8775,-0.2414,-2.1920,-4.3143, 1.6325,-3.1768,-1.9982,-4.6374,-0.6424,-0.3949,-4.3103, 4.9689,-2.9151, 1.0469,-0.7705,-4.5972, 0.9568, 2.5225,-3.1514, 2.7922,-4.3479,-0.8519, 4.3105, 0.2017, 0.8144,-4.5053,-4.6622,-0.0509,-4.3708, 3.2403, 0.2670,-4.0549,-0.2902, 3.0132, 4.8338, 1.7136, 2.7133, 1.7854, 2.9485, 4.5478,-4.6663, 2.6758,-1.4130,-2.4803, 0.9809,-1.4705,-0.3672, 2.5086, 2.9803, 3.5547,-0.9457,-4.9152,-2.0994,-3.3122,-2.2471, 4.9097,-4.8174, 2.9897, 2.2582,-1.7372, 4.1285,-3.8964, 3.3647,-1.3886,-3.3163, 4.6155,-2.8618, 2.3692
 4.5984,-4.6241, 0.1802, 1.9136,-4.8542, 4.7286,-3.4664, 2.4870, 4.4133, 4.5503, 4.1500,-2.6548,-2.3508,-2.1606,-4.7823,-1.1056, 1.4652, 1.6349, 1.5850, 1.1171, 0.7535,-4.7127,-1.5230, 2.4323, 1.9698, 1.9499, 2.4884,-2.9705,-0.0913,-4.5417,-1.8980, 1.3160,-2.3008,-4.5721, 4.1240, 2.7424,-3.5049, 4.7126, 4.8878, 1.8922,-0.4592, 2.7755,-1.0489, 4.5701,-1.7879, 2.3705,-4.8749, 2.3423, 1.6533, 0.8776, 4.4885,-1.3769,-4.4828, 1.1230,-3.7809, 3.3042, 2.7035, 1.4102,-0.3803, 1.4619,-0.4663, 1.5201, 2.7599,-1.6663,-0.3654, 0.0126, 3.1406,-4.2980,-1.4969,-3.8367
-2.2476,-1.7750,-3.5044,-2.6853, 1.3049, 4.7099,-0.3352, 2.4584, 0.8608,-3.9906, 0.4424,-1.7451, 4.8866, 0.0006,-2.7619, 2.8805, 1.0904, 0.1541, 2.7597, 1.3116,-1.8876,-4.5792, 4.0747, 2.4315,-1.6246, 2.3672,-2.3160, 1.2047,-2.5581,-1.5535,-2.4909,-3.0990, 3.3394,-2.4477, 1.4501, 1.2449,-2.2630,-4.3038, 1.0391, 0.6844,-4.0468, 2.1930,-4.6604,-1.1903,-2.9057, 3.5641, 3.5656,-0.7104,-4.9823, 0.4395,-4.7734,-4.8361,-1.1084,-2.5844,-2.7349,-0.6753, 0.9230,-1.2348,-1.7021, 4.4533,-1.3031, 4.4943, 2.1183,-2.4469, 3.6037, 3.9917, 1.9168,-3.6826,-0.0637,-1.7089
-2.9280, 3.4426,-0.9336,-2.8537,-0.8120,-3.8364,-2.5724,-0.5387, 1.4983,-1.0681,-3.5670,-3.5452, 0.6742,-4.0364,-4.0565,-1.0166,-2.7836, 4.3484, 2.8923, 3.0714, 1.4818, 1.9179,-2.9043,-2.6657,-0.2893, 0.7132,-1.9217,-3.0916,-3.1536, 0.9436, 0.9746, 3.8576, 4.0541, 0.2074, 0.7070, 3.2366,-2.5549,-0.9991,-0.7188, 3.2043, 4.0867, 0.9577, 4.6991, 2.7280,-4.3725,-0.3885, 4.9613,-2.7623, 2.4027,-2.5320, 2.3701,-3.1419,-2.1482, 0.3768, 1.6716,-3.1313,-4.0713,-2.5595,-4.2977,-2.4743, 2.3775, 0.8781, 4.0182, 2.5840,-1.4743,-2.2345, 3.7217,-0.6920,-0.3193, 2.5406
-0.7081, 4.1987,-3.9924,-2.2469, 0.6603, 4.4838,-0.7311,-0.5362,-4.4487, 4.6606, 0.5824,-1.7514, 2.5204, 0.4099, 2.1229,-2.2276, 1.9900,-2.1649,-0.2693,-0.8117, 0.6397, 3.9551, 3.8103, 3.1488,-1.3228,-2.5515, 3.8502,-0.6389,-1.5168, 4.5068, 4.7807, 0.5907,-4.6168, 2.7830, 2.6180, 2.7270, 4.9262, 2.0324, 3.7356,-0.5555, 4.0039,-3.1277,-3.8554, 4.6382, 3.1657,-3.7924, 2.8017,-0.1111, 0.8449, 3.6194, 1.0464,-3.4697,-3.2643, 1.8903, 3.5998, 2.7981,-3.5118, 1.3449, 1.8945,-3.2647,-2.5217, 0.5101,-1.7838, 1.7222,-1.5544, 1.6797, 0.6289, 4.6276,-1.5300,-4.6053
-1.8241, 4.7748,-1.5658, 2.1576,-4.9486, 1.1050, 0.6171, 3.4117,-4.0242,-3.6802,-4.8261,-3.5393,-0.7180, 0.7594, 0.0384, 0.0998, 0.2490,-1.6453,-4.9475, 0.0610,-4.1433, 4.9628,-0.0352,-2.3870,-1.2374,-2.4341,-0.5268, 0.9644, 0.5876,-4.5219,-0.8997,-4.7912,-1.6309, 0.0718, 2.8842,-0.2971,-0.9101,-3.6161,-3.7638, 0.8613,-4.6270, 2.9766,-2.1561, 1.2857, 1.1351,-4.6439, 2.5613,-4.2900, 2.9533, 4.8161,-0.3479,-3.1772,-3.4952, 4.6135, 2.2030, 2.2575, 3.6902,-0.1226, 2.5760, 0.4534, 3.7349, 3.5371,-4.4135,-3.8261,-4.5684, 3.7747,-1.5058,-3.6567,-4.0763, 2.6402
-1.1138, 1.1249, 4.9674, 2.1472,-4.9243, 3.9507, 4.2773, 4.7832,-0.1652,-0.0040, 0.1555, 0.9177,-1.5019,-3.2214, 4.7635, 0.6232, 3.0666, 1.2965,-3.1473, 4.6685, 3.1972, 3.3823,-0.1079, 3.3846, 1.2081,-2.3489,-0.9179,-4.7587, 0.7721, 3.6383, 4.5782, 4.8064,-0.0591,-0.9037, 2.5376,-3.2474, 1.4470,-4.5954,-2.0186, 1.2980, 1.4003, 4.0134,-2.3321, 1.7359,-2.9598, 2.3135,-0.9998,-1.6868,-1.4080, 2.3587, 3.8629, 1.0999, 2.7959, 0.8043,-1.0864,-0.6726,-1.7954, 3.9741, 1.8868,-3.4839,-4.9846,-2.8518,-1.6859,-2.8508,-4.5658,-2.4430,-3.1479,-4.9776, 2.1710, 1.7404
 2.7183,-1.5700,-3.8794, 0.2116, 4.5756, 2.7810, 1.3806, 0.0552, 4.5393,-1.1367, 4.8057,-4.9727,-0.7488,-2.7197, 4.2436, 2.0695,-0.8867,-0.1744,-0.4092, 1.9985, 2.0749, 3.8721, 0.2171,-3.8208, 2.1363,-3.1983,-1.6106,-1.7255,-1.3264, 1.2523,-0.7841, 2.6839,-4.7264,-1.3581, 0.7721,-4.4161,-4.5927,-0.6228, 1.5313,-4.9565,-2.7950,-2.1949,-4.7483, 3.2754,-3.2385,-2.7942, 2.0756,-4.3231, 3.6491, 1.7370, 3.9954, 4.4537, 0.3297,-2.9044, 1.3128, 0.5271, 2.0901, 2.8174,-2.4239, 3.6543, 3.0518, 3.3451, 2.3749, 3.2553,-0.0522, 0.4589, 2.9616, 1.2765,-3.6846,-2.9152
 1.3412, 2.3324,-0.5279, 0.8510, 0.9035,-2.6504,-0.0415,-1.9453,-0.0204,-0.1117,-4.5937, 4.1603,-2.3602, 0.5661, 4.2503, 4.4389,-0.2164, 3.3132, 4.0776, 2.9135,-1.4742, 3.1010,-0.1227,-0.4397, 1.5928,-0.4431, 2.7841, 1.0995, 1.4935, 2.4125,-0.2292, 4.5158,-1.1309, 2.0637,-1.9460,-0.4092, 2.0380,-2.3519, 4.8835, 4.5401,-3.6444, 4.6161,-1.3263,-2.7073, 3.1731, 0.1164,-1.9268,-2.8009,-0.4683, 0.0838,-4.4595, 1.2118, 0.5466,-1.7836, 4.0363,-2.4763,-3.3199,-2.6777, 4.1935,-1.3222, 2.5589,-3.9177,-2.3260,-0.8669, 4.8024,-4.5804,-4.9647,-2.6655,-0.5915, 4.5731
-4.1731, 1.0797, 0.2826,-3.2843,-4.5654,-3.0869, 0.1454,-1.2111, 4.1655,-4.4007,-0.2128,-3.0283,-0.2207,-0.9397,-3.0224, 3.8380, 1.5546,-0.0994,-4.9920, 0.0280,-4.9725,-1.5310, 1.7784,-1.4119,-3.3896, 2.9651,-1.9131,-3.1692,-4.6119,-4.9684, 1.5056,-1.2517,-1.8509,-1.8885, 1.4276, 4.2840,-3.5545, 0.7954,-2.4073,-1.0186,-2.4260, 2.6717, 4.3671, 1.6331, 1.1460,-3.1863,-2.2725,-0.9024, 2.1206, 1.7372, 1.3809, 0.5827, 4.1887, 3.0874,-3.6309,-3.0470, 4.2642, 4.4231, 1.3711,-4.1716, 3.2801, 0.9237, 4.7332, 2.7570, 1.7258, 3.9749, 2.4549, 2.4698,-0.7389,-3.4202
 1.6873, 2.1541, 2.8758, 3.0040, 0.8352,-3.7145,-4.4765,-3.1034, 3.0211, 3.7285,-2.2680,-0.8828,-0.6016, 2.0015,-0.1950,-3.6301,-2.5156, 1.5392, 2.0390,-4.6246,-3.3092, 1.8834, 2.0846, 4.7922, 4.1509,-0.8189,-3.5385, 4.2036, 4.5195, 4.1610,-1.5900, 2.7455, 0.4767,-0.6794,-3.7354,-0.3910,-4.5252, 2.3502, 1.6186, 3.9554,-0.6891, 0.3694,-1.3200,-2.7729,-1.1689, 1.7292,-4.3690, 3.7425,-3.4982, 1.9945, 0.4706,-4.8932, 1.1818, 4.7882,-2.5531, 0.5000, 1.0658, 3.7585, 4.1696,-3.4683,-2.5030, 0.7783,-4.4978, 2.4161,-3.9339,-4.8669, 1.1775,-2.2274, 1.5826,-2.3405
 0.2180,-0.0675, 3.7292, 2.4645, 0.0055, 3.5101, 2.8140, 2.2646,-4.9651, 3.7180,-2.6507,-2.6203, 4.0227, 4.5333,-3.9806, 4.4768,-2.0382,-2.2534, 1.4695, 0.2627, 0.8703,-2.1085, 0.4353, 2.4794,-3.4622, 1.6595, 1.6717,-4.6800, 2.8822, 2.1314,-0.3047, 4.1559,-1.8014, 4.1348,-4.7845,-0.5825,-2.4772, 1.5349,-0.0046, 0.1577, 2.1343,-1.8173,-2.3093, 4.5282,-3.4128,-3.9322, 2.7742,-3.4751, 4.5325,-4.4111,-4.8567, 2.5710, 2.1236,-1.3152,-3.7258,-4.3645,-0.8826, 0.0584,-2.7573, 1.3338, 3.7872, 1.3545,-3.8079,-3.0657, 1.6700,-4.9082,-0.8442, 1.3620,-2.8241, 1.3272
 4.4639,-4.1936,-3.2571,-1.0289,-0.5628, 3.6954, 0.5677, 4.0768, 3.0339, 2.7072, 0.7525,-1.8205,-1.6051, 2.1280,-3.9127,-1.6060, 3.8738,-3.6059, 2.1941,-0.0764, 1.5000,-2.7359, 0.8634, 1.6315,-3.8096,-0.2985, 0.8108, 2.5682, 3.8752,-3.4396, 1.2864,-3.1020, 2.0850,-1.9038, 4.0651, 2.2500,-3.2500, 1.4152,-4.2854,-3.7913, 1.5872, 4.6091, 1.8349,-2.0366, 3.1884, 3.6974,-0.4480, 0.2239,-2.0692, 1.5458,-4.7701,-1.2402, 2.3891, 0.2294,-1.0454, 4.1395,-2.5148,-4.6117,-3.2478, 1.9328,-2.6728,-0.0862,-1.6558, 1.3157, 0.7973,-3.4568,-4.2276, 3.7788, 4.2378,-4.3569
-4.4791, 2.3288, 1.9250,-1.0174,-4.5829,-3.1965,-3.7125, 3.2045,-3.4567,-2.7214, 2.1989, 4.5607, 1.7779,-0.4833, 0.3115, 1.6269,-3.3847, 3.1300, 2.4812,-0.7059, 3.4454, 3.1271, 3.3241,-1.1068,-1.1669,-2.4343,-0.2886,-1.1888,-4.3117,-0.9136,-4.3854,-3.3281, 1.2750, 0.1750, 4.5931,-3.3386, 1.1478,-4.6715,-0.5045, 1.9040, 0.1469,-3.2471,-2.8767,-1.8388,-2.0492, 2.4458, 0.3096,-1.6158,-4.4241, 0.1937, 4.4513,-2.4850,-1.8550, 1.3091,-4.2553,-3.0819, 0.7155,-0.9416,-2.1625,-1.4275, 1.5059, 0.2291, 0.0569, 2.5442,-3.7508,-2.5282,-3.5459,-2.7627, 4.5582, 3.4121
-4.9150, 0.2381, 3.8350, 0.7505, 2.9920, 4.3419,-0.8342,-2.3213,-0.5365, 3.6011,-3.9855, 4.3230,-3.1458, 2.0556,-1.3891,-4.1890, 3.1376,-0.5848, 2.6803,-1.9557, 1.2235, 0.7531, 3.6613, 0.6357,-4.5580,-2.9912, 1.4869,-3.8854, 3.3303, 2.3726,-2.3065,-3.4289,-0.7301, 3.7751, 2.5810,-0.7158, 0.9420,-1.9252, 4.9324,-2.4390, 2.6717,-0.5773,-4.9717, 2.8509, 2.1044,-2.9030,-2.9517, 2.6501,-1.8853, 1.3873,-2.9645, 4.1724,-0.7741,-4.5302,-3.3551, 3.4688,-1.8258, 3.3894,-3.4239, 4.6340,-2.6497,-4.9415, 2.4452,-2.6903, 2.9957,-1.4695,-2.7340,-0.1232,-2.1641, 0.0740
-3.3104,-0.8501,-0.3246, 1.0558, 0.1013,-0.9494,-4.2942, 0.0055,-4.9756, 1.7013, 3.9144, 4.9983,-1.8096, 0.9060,-2.0732, 2.1968, 3.1013, 0.8843, 2.4256, 2.3880,-4.8820, 2.4625,-2.2895,-4.5181, 4.3036,-3.2182,-1.2878, 3.3707, 2.8473, 3.9590,-1.7208,-4.2954,-3.7631, 1.4776, 3.4569,-1.8224,-4.9412,-4.9975,-3.3474, 3.2864, 4.5437,-0.9551,-4.2830,-4.9861, 4.2981,-3.0176,-1.6082, 1.1780,-4.3533,-3.2444, 4.1198,-0.5830, 3.4783,-1.1881,-1.4080,-4.8271,-0.6688,-3.4386,-2.4284, 2.5437,-1.6987,-1.6885,-3.7808,-2.7603,-3.9235,-3.3490,-1.5647, 3.3683,-1.9096, 0.7781
 4.6434,-3.5087, 3.2418, 0.4446, 3.9865, 4.5491,-3.9413,-2.6347, 0.0103, 3.2238,-0.3224,-1.1091,-2.6987, 0.7838, 4.5468, 4.9008, 3.3034, 2.1516, 4.3665,-4.9013,-0.8000, 1.0164, 4.7203,-4.2186,-0.0741,-2.7455,-3.8448,-4.6381,-4.6439, 4.9726, 4.3932,-2.7297, 0.5958,-1.5616,-4.6965,-2.4768,-3.2467, 1.0127, 3.0770, 0.0801, 3.9374, 4.5178, 0.7759,-1.1443,-2.6049, 0.1069,-3.8904, 3.7081,-1.7108,-3.5369,-1.5878,-3.7165,-4.4955,-3.1526,-0.0383, 3.9117, 4.1267,-2.3111,-2.3779, 2.7135, 1.9021,-0.9937,-3.1340,-2.3886, 1.2685,-2.1807, 4.9276,-1.3602,-4.7176,-0.6919
 4.9900, 2.0233, 3.3030,-3.3046, 4.5743, 0.4408, 0.8173,-2.3596, 2.1015, 0.4395,-3.7843,-4.6470, 3.7314, 0.5491,-4.8294,-3.6660, 4.7357,-4.7266,-1.0537, 2.3228, 1.4746,-3.2411,-3.2586, 4.1301,-0.5254, 0.2143, 2.7870, 1.8101, 3.9274, 3.0624,-0.1951,-1.6903,-1.9872, 3.3993,-1.7628, 1.4736, 1.1020, 2.2306,-3.6859, 1.1412,-3.1492,-0.7658,-4.5725, 1.4977, 3.9638, 4.7118,-4.2181,-0.8325, 0.9336, 1.9443,-2.4419,-0.2595, 0.1499,-3.1853,-3.6799,-4.6876,-0.2109,-3.8515,-4.6132, 3.2112, 4.4959, 4.1538,-3.0084, 0.2067,-4.0565,-0.0559,-4.4562, 0.8586,-1.4298,-3.3765
-2.0025, 4.8790,-1.6670, 2.9894, 2.0554,-4.3284, 0.0674,-4.6487, 1.7322, 3.2751, 1.1031, 0.8600, 0.8627,-4.2300, 1.7529,-4.6030, 1.1806, 0.5598,-2.7899,-2.9985,-3.0951, 3.5119, 1.9575,-3.9312,-2.0563,-4.6354,-0.8530,-2.2643, 1.7636,-2.5876,-4.4069, 4.6523, 4.7183, 0.7938, 1.3389,-4.8052,-2.3861, 1.1809,-0.2492, 1.1271, 4.0823,-4.8225,-3.2761,-4.0854, 2.6973, 4.3347,-2.0635, 1.3380,-1.3181, 3.0902, 3.9360, 3.6438,-1.7241, 2.5750,-4.0729,-2.1556, 1.5445, 2.6487, 0.8085,-2.7414,-0.6838, 1.7622, 4.7980,-1.7511, 2.5296,-4.8385,-3.9707,-4.8075, 2.7707, 4.8110
-3.1365, 4.3772,-0.9249, 3.4874, 3.1250, 4.0762,-0.1909,-1.8674,-0.9881, 2.1083, 4.3654,-0.5648,-4.5974, 3.4289,-4.7942,-1.6311,-0.7453,-3.7401,-4.6704, 2.5213, 0.1179, 3.8259, 0.4627, 2.1841,-1.7686, 2.7659, 0.3292, 4.6790,-4.6800, 1.7728, 3.4347,-0.8185, 1.7398, 2.8465,-4.4175,-3.0685, 2.4094, 0.7343,-1.9144,-0.6001,-3.7496,-2.8106,-1.2421,-4.5868, 4.1556, 0.0050,-0.8810,-0.5991,-4.2378, 4.4720,-0.8271, 3.5264,-1.8541,-3.7516,-3.2807,-4.2944, 3.9974, 3.9417, 1.6601,-4.2580,-0.7798,-3.1065,-3.8518,-4.9225, 4.1647,-3.5761, 4.9794, 4.4328,-3.2125,-3.1394
 4.0537,-3.6732, 3.9414, 1.7230,-4.3749, 2.6327, 1.8100, 3.0527, 3.0422, 4.8749, 0.7455,-3.6656,-1.0608, 1.5795,-2.2132,-0.9677,-0.6103, 0.7806, 4.7911,-3.7727,-0.5587,-2.7186,-3.7652, 4.0472,-0.3805, 0.8565, 2.7829,-0.8503, 2.1739,-3.1122,-2.8660,-4.6908, 4.9019, 4.4854, 1.4931,-4.7927, 4.0925, 0.4687,-0.1307, 4.4881,-2.6406, 4.4027,-3.5019,-1.9169,-4.1490,-3.9679,-4.2195,-4.3058, 4.6287, 4.0290, 1.0690, 0.2931, 4.3005, 4.6894,-3.8859, 3.3262, 4.6767,-1.1423,-1.5032,-1.2259,-1.9695,-1.7267,-0.8571, 3.2701,-4.6305,-2.4031,-0.0045, 4.2378, 1.2600, 3.5608
-0.5197,-2.2392,-0.6831,-0.9328, 0.4415,-4.2249,-4.1743,-1.0177,-0.2366, 4.2855, 0.6288, 1.5764, 1.6573,-3.3518,-0.2605, 3.6482,-1.2250,-1.5996,-3.8786,-3.9439, 2.9353,-3.1050, 2.2591, 3.9751, 4.8348,-4.5439,-2.5622,-4.6660, 1.4486, 4.3857, 1.1032, 3.6170,-3.7377, 2.8187, 0.9640,-3.3539,-2.8636,-1.2994, 2.3495,-1.5147,-0.6806,-3.2881, 0.8931,-0.6431,-4.5888, 3.9183,-4.0562,-0.3257,-2.0723, 3.7995,-2.5870,-1.0510, 4.2967,-1.0754,-4.9526, 1.2611, 3.6830, 0.5443,-4.9174, 4.1510,-0.2327,-4.1511,-3.4181,-4.2289,-2.9169, 3.0164, 2.0249, 1.8013,-0.2402,-1.7266
 2.4196,-1.8303, 1.5321, 3.4581, 0.9355, 4.3444,-4.5732,-0.5691, 2.3743,-2.4371,-2.7850,-4.3371,-3.3765,-0.6800,-0.9336,-4.8618,-3.8576, 1.5609, 4.5959,-3.3188,-0.0057,-4.9361,-3.6575,-3.2578, 1.9194, 0.8273,-3.7363,-1.5803,-0.5635,-1.4731, 0.8463, 1.9872,-1.1697,-3.6009, 1.4741, 3.8820, 2.7312, 4.8375,-4.8865,-1.7480, 1.3086,-4.6707, 3.6029,-4.1839,-2.3319,-4.4888, 2.2647, 0.5301,-0.4865,-3.5513,-1.1348,-4.8071,-4.0631,-0.3254, 0.4128,-1.2913, 4.7779, 1.7331,-4.5079,-0.8325, 2.9941,-2.2303, 0.7862, 0.1341, 1.1989,-0.2716, 1.4923,-2.0964, 0.3353, 0.1784
 3.8586, 2.6966, 0.8091,-4.9567,-3.8601, 4.4478, 2.9577,-0.1799, 1.6954,-2.3991, 0.7429, 4.3051,-1.6954,-2.5009, 3.5352, 3.0439, 3.4932, 4.6350,-0.4777, 3.8228, 3.6745,-4.6783,-3.4635,-1.1759,-1.8814,-2.4264,-2.8932, 0.7163, 2.1233,-4.6229, 1.1831,-0.9904, 0.1314,-4.1838, 4.7392, 4.9532, 3.7784,-2.1966,-3.6993,-0.6217,-0.1442, 2.5707, 0.3191, 0.5350,-1.7447, 4.6770, 1.4593, 1.4154, 2.5893, 4.4050,-3.7131,-3.6568, 4.0218,-0.7186, 0.8859, 0.6985,-2.2122, 2.5174,-4.9478,-2.9241, 0.3659, 1.4660, 0.0038, 4.5475,-2.5866,-1.4845, 1.4259, 3.7330,-3.4475,-1.2991
