-2.6647, 4.4803, 3.9433,-1.8738, 4.9478, 2.1055, 0.2029, 0.3211,-3.4907, 0.2967, 0.7639, 3.8297,-0.8731, 1.2491, 0.4420,-2.8105, 1.0903, 4.7300, 4.7021,-3.9779, 1.4511,-1.5028,-1.2228,-1.8449, 2.4369, 4.8694,-0.8609,-1.1381,-3.5507,-3.1838,-4.2063,-3.2820, 3.9069, 3.8900,-2.7900, 2.5782,-4.8529, 0.7071,-1.5783, 2.2789, 0.7246,-2.8554,-3.1799, 3.6364,-2.2572, 3.8241,-2.2440, 0.2853,-2.1822, 0.4051,-2.4764,-4.8438, 3.9333,-4.5309,-2.9259,-1.6173, 0.1968,-0.2313,-0.3939,-4.9272,-4.7841,-0.7512, 0.2629, 2.2695, 4.1155, 2.5582, 2.1373, 2.8890, 3.4097, 2.7264
-0.9424, 2.2652,-2.9108, 0.5809, 0.0399,-4.3812,-0.7105,-3.8444, 2.6411, 1.5995, 0.6787,-1.2226, 3.3943,-0.9400,-3.5882,-2.1035,-0.2673, 1.3090, 2.2905,-2.4584, 3.4247,-4.2520, 3.5753, 1.8849,-1.0679,-2.3729,-1.9381, 0.0472, 3.1060,-3.8095, 3.1485, 0.8649,-1.9830,-1.0199,-3.4654, 4.9521,-1.4758,-3.0110, 2.4085, 2.9694,-4.1363, 1.5686, 1.3993,-3.8524, 2.8948, 4.6439, 1.2818, 1.3777,-3.6709, 1.8629,-0.6305,-4.6519,-0.9788, 2.8728, 3.6950,-1.6992,-0.8056,-1.1828,-1.6644, 3.1144, 2.8180, 4.9042,-4.0361, 1.1594,-0.2981,-0.4867,-3.2425,-0.6359,-1.4406,-1.1959
-1.2973,-3.9842, 1.4101, 4.3222,-3.4440,-2.0933,-1.3057,-3.5112, 2.3847, 0.8857,-0.9374, 1.3447,-3.1923,-0.8142,-4.7872, 4.4636,-3.7914,-4.5431, 4.1658, 0.0148,-1.7756,-1.2332, 1.2623, 0.2209,-3.0789, 0.9423,-3.1455, 2.1113, 1.8848, 3.5729,-0.8070, 1.6717, 0.4747,-4.2675,-0.4222, 0.3532,-3.8359, 1.7635,-2.0141,-4.5294,-4.0029,-3.3262, 0.7119, 1.1826, 0.9348,-2.8918, 0.8852, 4.2553,-2.2318,-3.3543,-0.9559,-3.3864, 4.9080,-1.6317, 3.9882,-2.4132,-0.2494, 2.0771,-2.5897, 0.7738,-4.4038,-1.0584,-3.0059,-3.3924,-4.7191,-2.2703, 2.5467,-0.1672,-2.2419,-1.8056
-1.6569, 0.0845, 0.2679,-4.0308,-2.6282,-3.1058, 3.0909,-4.4050,-2.1807,-1.3924, 1.1980,-1.9838,-3.3511,-3.8179,-3.0386, 0.9688,-4.0496, 4.8868, 2.4587, 2.0933, 1.1671,-3.9401, 3.9747,-0.1403,-2.4202,-3.5644,-0.6967, 3.2359,-4.6073, 1.4725, 4.4479, 4.8348,-1.8900, 0.7119,-1.5037,-4.0850, 0.8551, 1.0857, 4.6245,-4.0851, 0.9203, 0.0694,-3.2020,-1.3306, 2.0918,-2.1318,-2.5525,-2.1354, 2.0023, 3.5561, 4.9070,-3.8175,-0.5441,-1.3628, 4.7023, 2.5123, 4.9658, 0.5842, 3.3933,-4.6649, 1.0102, 1.5994,-4.4789,-2.9031, 4.0165, 1.7496,-0.4615, 0.5081,-4.3464,-2.2076
 2.8221, 2.2282,-1.6291, 4.3248, 2.4430, 2.8705, 4.7023, 3.0978,-4.7122, 0.9130,-3.7429, 0.6418,-3.0086,-1.4774, 2.2339, 4.3742,-1.8410,-3.6839,-3.3227,-3.4560, 2.0391,-0.0433,-0.2564,-4.7632, 3.4952,-3.4597,-4.6828, 3.3706, 3.8431,-4.2918, 1.1805,-1.6916,-2.4416, 1.4209, 0.9185,-0.0281,-0.1057, 1.6919, 1.7615,-0.7454, 4.1985,-1.3243, 1.9651,-2.4217,-1.3973, 4.7834, 3.1401,-3.4393, 3.3037, 4.9451,-1.8619, 3.4942,-1.4753,-2.1046,-1.6064,-2.0251,-1.0896,-1.5393, 4.9796,-0.1817,-4.9483,-0.9638,-3.7594,-1.6670, 1.0813,-1.8767, 4.8608,-3.4553, 4.1814, 0.2987
 3.7507,-2.3300, 1.2497,-0.9151,-0.7834,-3.2803,-1.8052,-1.3961, 4.7918, 2.0124,-3.7635, 3.2817, 4.0732, 4.7182,-2.8715, 3.0541,-1.7570,-0.0570, 2.1106,-1.2377,-0.9612,-1.7265,-3.9937, 3.0215,-4.5959,-2.0640, 0.3384, 0.0677, 0.3666,-0.7629,-0.6780, 1.6287, 0.3785,-0.2084,-0.3028,-4.4974,-1.3196, 3.4932, 4.8426,-2.3550,-0.1886,-1.2284, 3.0837,-2.5292, 0.8583, 3.0703,-1.0741,-2.0695, 4.1091,-2.2686,-1.2421, 4.5699,-0.6454, 2.3273, 2.7910, 3.3100, 3.2789, 4.6816,-3.1389, 0.4090, 3.5094,-3.8893,-4.0158,-4.4191, 0.5241, 1.1782, 1.3132, 0.0203, 4.8048,-4.1730
-2.9037, 4.1996,-0.0150, 3.0651, 1.5117,-4.4620, 4.9342, 1.3791,-1.4071,-3.1924,-1.7044,-3.0049,-3.1528,-2.5986,-2.4997, 0.4186, 0.8565,-1.2929, 3.4512, 1.0788,-4.3370,-4.2814,-1.1001,-0.6739,-4.1680, 2.2710,-0.0317, 4.4613, 4.2249,-4.2705,-4.0303,-4.3089,-2.8116, 1.3114, 0.2929, 0.3976, 2.7992,-3.1013, 1.3350, 2.8364, 2.0093,-1.8446, 1.1277,-2.6412,-0.7264, 1.9259,-4.6923, 0.9861,-2.8800,-1.3388,-0.6453,-4.5077,-0.4407, 0.9397, 1.3419,-3.9453, 3.7473,-3.9698, 4.6781,-0.5411,-2.6623, 2.2368, 3.2158, 1.7912,-1.8802, 2.8325, 4.9161,-3.1846,-0.8557,-0.8634
 1.7061, 3.1173, 2.0150,-3.0058, 1.9962,-1.0675,-3.4756,-1.1021,-3.1898,-1.5291,-2.6092,-0.5674, 1.4100,-3.6739, 0.9621,-4.9969, 4.9600,-2.7260, 3.2337, 1.3224,-4.7231,-1.3452,-3.3761, 1.5748, 2.5091, 2.5309,-1.9982, 4.2474,-0.2144, 4.8173, 1.2565,-1.4833,-4.2822, 0.9822, 2.7503,-2.6086, 1.5398,-2.9102,-4.9603,-3.8898, 1.4464, 2.6695, 2.1998,-0.9475, 1.1265, 3.2697,-0.1750,-4.7545, 0.8091, 2.4426,-1.9290,-0.4883, 4.4308, 2.4742,-4.3619,-4.6836, 4.8787, 2.9301, 3.1496,-0.4225, 1.1062, 3.7333,-4.3560,-1.3791,-0.8280,-3.8562,-4.1212, 2.3833, 2.0843, 4.4245
-4.7370, 3.7933, 1.4228, 4.0800,-3.2271, 0.9101,-4.2199,-0.4299,-2.0852, 3.5416, 2.6477,-0.5545,-4.0970,-0.4597, 4.0928, 3.3424,-0.9654, 4.7997, 2.6110, 3.6033,-3.4676, 2.4828,-2.5676, 0.0379, 4.4798, 1.2658, 3.4044,-1.3104,-2.9817,-2.8914,-0.1444, 3.6479, 3.8020,-4.1817, 3.4038,-3.7521, 4.3624,-2.6266, 0.7151,-2.1997,-2.6446, 3.7779,-3.5442,-2.3268,-1.8266,-0.4792,-2.5318, 4.4242, 2.1532, 3.9748,-0.7419,-2.8491,-3.1445,-3.8744,-1.7271,-2.0118,-3.8030,-3.7903,-2.5763,-1.2441, 1.3747, 4.9652, 0.3997,-4.8885,-4.7363, 3.9248, 3.9373,-3.1178,-2.0379,-2.3321
-3.5929, 4.1877, 3.0973, 4.4314, 2.5149, 3.0260, 0.2164,-4.3803,-0.0737,-2.4008,-4.0837,-4.9745,-1.7693, 2.4063,-1.0832, 2.5152, 0.2900,-3.1070, 2.6712, 1.4238,-0.2224, 4.2657,-1.2695, 2.6487, 2.8977,-3.1568, 1.1326,-1.1614, 4.1215, 4.7773,-0.3040,-1.2561,-1.0958, 2.6711, 1.5254,-0.1554,-3.7812,-2.6740,-4.9610, 1.4697, 2.7705,-1.9309, 1.3502,-4.0393, 4.4712, 4.8085,-2.9766,-2.0309, 1.9469, 0.7362, 1.2620,-0.7386, 2.8143, 4.9063, 0.9000, 1.7408, 1.3227, 3.2112,-3.3257, 1.3121,-1.2792, 2.6266,-3.5197, 2.1386,-1.0215, 4.7323, 1.4947,-0.8956, 4.7503, 0.3038
-0.2227, 4.1070,-0.1474, 2.8666,-2.2664,-0.3657,-3.8423, 2.2383, 3.3041, 4.4407,-4.8693,-4.2592,-2.2610, 1.3725, 0.5167,-0.7981, 0.0881, 1.8393, 4.2188,-3.5498,-2.6193,-0.4642, 3.8542,-0.8128,-3.2866, 0.2641, 0.6766,-0.2809,-0.0748,-0.5679, 1.1020,-3.7286, 3.0820,-2.1489,-1.7346,-3.6397,-3.8992, 4.0283,-1.1511, 1.1483,-0.5195, 2.5263,-1.4737, 0.8475,-3.5432,-4.8132, 0.6601,-0.5695, 1.7895,-3.8325,-0.2652,-4.5963,-3.3208, 4.0307, 2.1958, 3.9670, 1.2792,-2.9347, 0.8361,-1.4089,-1.0824, 4.7391, 1.3091, 0.1512,-1.8540, 0.0459, 4.9351,-2.9369, 4.7667,-2.3074
-3.6100, 1.5800, 2.2898,-4.8087,-4.5949, 4.0038,-1.2541,-4.4928, 2.9837, 1.6410,-0.0065,-1.5387,-4.4466,-4.6091, 2.7364, 0.0158,-4.3002, 4.6348, 0.1599,-3.3571, 4.4998,-0.8552,-2.7069,-3.2236, 4.7163, 0.1221,-1.2633,-3.6867, 3.3947, 0.1647,-3.5244, 1.1486, 0.2098, 4.2617, 3.9242, 3.2126, 4.8572, 1.6379, 1.0885,-3.7527, 4.6292, 1.8103,-0.2130,-2.5336, 1.5776, 3.9787,-4.2875, 3.1994, 2.3643,-2.6323,-1.2651,-2.3149,-3.1188,-1.7600, 0.4625, 0.8876, 0.7147, 3.2317, 1.7735, 0.9243,-3.0678,-1.4829, 0.7078, 3.7221,-0.1338, 4.4474,-4.0497,-0.6420, 3.2858, 3.0422
-4.9104, 1.8737, 0.5662, 4.7756,-4.1002,-2.7150, 0.9850,-4.9697, 4.4892, 3.0322,-2.4216, 2.7142,-3.8972,-4.0911,-1.9836, 0.8473, 3.1440,-2.0072,-4.8460,-2.9133,-2.6491,-2.9039,-3.8709, 3.4574,-0.7901,-4.2758,-1.3448,-0.9118, 1.6493, 0.6630, 0.8844, 1.0360,-1.8212,-4.0799, 2.0204,-0.0324, 2.9105, 0.4571,-4.0403, 2.6601, 2.4149, 3.2735,-1.5134,-2.6904, 4.2512, 1.5110,-3.8651, 4.1949, 0.3514,-4.8184, 2.9532,-3.2054, 3.1164,-2.8164,-1.2908, 3.4629,-0.2023, 1.9726,-1.9228,-3.2584, 0.6506,-1.4921, 2.2545, 4.9006,-0.5607, 2.8528, 1.2507, 2.3737,-1.2145,-2.9969
 3.2032, 1.6781, 4.9834, 1.2991, 3.9136, 0.3121,-0.1066, 2.6224,-0.9860, 4.4698,-4.6958,-4.1344, 1.5701, 0.6124,-3.6101, 2.6353, 2.5606, 0.6158,-2.4293, 1.3054,-1.0228, 4.2996, 4.5761,-4.0470,-2.2433, 2.9652,-1.7974,-2.6206, 2.7101,-4.3678, 2.8766,-0.4260, 3.9985, 4.9222,-2.4802,-1.7230,-4.8395, 1.0722,-2.2883,-0.0637,-1.0798,-2.2651, 1.1185,-0.0527, 1.3212,-0.4091,-2.7001, 4.2657,-2.5312,-3.2389,-0.9151,-3.5198,-2.3722,-2.4532,-0.6984, 1.6258,-1.3307, 3.5131, 0.1567, 4.8087,-1.9242, 2.6796,-0.4910,-3.6382, 2.3519,-4.0836, 3.8574, 1.3751, 4.7516, 4.1740
-3.5581,-0.0033,-0.9010, 3.2903, 0.1898, 0.6205, 0.8024, 0.2679, 0.5109, 3.8936, 1.2557, 0.0779,-4.3665, 1.0403, 1.0456, 1.3374, 4.3052,-1.4688, 2.0908,-4.0009,-4.1390,-0.1242,-3.8380,-3.3944, 3.5859,-2.5482,-1.0626,-0.3873, 0.5506,-4.9758,-3.3867, 1.5507, 1.0103,-4.7756,-2.6012,-1.7297,-1.9683,-3.1872,-2.8461, 0.3224, 0.9136,-3.8470,-0.9150, 4.6193,-2.6574, 0.7556, 3.1305,-2.3028, 4.8495,-3.9045, 1.5275,-4.3650, 1.8423,-2.8100, 4.6939,-0.4859,-1.0215, 2.0461, 0.0697, 4.8713,-4.2192,-4.0249, 0.9479,-2.4052,-3.6044,-4.2852, 3.4618,-4.9517,-0.4168,-4.8447
 1.1518,-1.0868, 1.2186,-3.6064, 2.1149,-2.4948, 2.7084, 4.1668,-2.7126, 3.8621, 0.9877, 2.0570, 0.7273,-4.3293,-0.5740, 2.6967, 1.3680,-3.7566, 0.5199,-0.0860, 0.8598,-4.6561, 2.1241, 1.1523, 1.2289,-4.9288, 4.6669,-2.7883, 4.8945, 1.9532,-1.9432, 1.6526, 3.5607, 0.6313,-0.6186, 2.8584, 0.2778, 4.0156,-2.8234, 1.7448, 2.4041, 2.2444,-2.2497,-3.3881,-0.4884,-3.3532, 1.5462, 3.1489,-4.2192,-1.5090, 2.2147,-2.5844,-4.4045,-4.7342,-1.7334,-2.4837, 0.1027,-1.1278,-0.7197, 1.1946,-2.9921, 4.9861,-1.5694, 3.0055, 4.8637,-4.4946,-2.2522,-1.5225,-4.1808,-0.5505
 1.4240, 0.5864,-0.2727,-4.7277,-4.9406, 4.1941,-1.2682,-0.7971,-4.2878,-2.2371,-1.5066,-1.5943,-1.7022, 3.2431, 4.6266, 4.5801, 0.1501, 3.4232, 3.4812, 4.3244, 1.1135, 1.5502, 0.6152, 0.4291,-2.1452,-3.6033, 4.2960, 2.1958, 0.2180,-1.8896, 4.8664, 1.9029, 1.5418,-2.2418,-3.8368,-4.9233, 4.6573,-2.4954, 4.9508, 1.3073,-4.1066,-3.0423,-2.6682, 2.5958, 4.5317,-4.7532,-3.1106,-4.6513, 4.5490,-1.7124, 1.6135,-2.4455, 2.1025, 0.1057, 2.7601, 3.4646,-1.5347,-0.2602,-0.9005, 2.1575, 4.5085,-4.9167, 0.5537,-0.9880, 1.7683,-3.6771,-3.2889,-4.9922,-1.9144, 0.5704
-0.6467,-0.6349, 0.8753,-3.2986,-4.7158,-4.9989, 4.3077, 0.7463,-0.8831,-2.2418, 3.7747, 3.1648,-2.1713,-1.6560, 3.2724,-1.7218,-4.4444,-0.8136, 2.9341, 2.7830,-0.4711, 4.9302,-0.6001,-0.9737,-0.6069,-0.0617, 2.9139, 4.8187,-0.1832, 3.9570, 3.1858, 0.4649,-2.1130,-4.8690, 4.6243,-0.1801, 4.8660,-4.0706, 4.6185, 2.1934,-0.3686, 3.3109,-2.9664,-0.0679,-2.2506, 0.8718,-3.8715, 0.1318, 3.5315,-0.4334, 2.3693,-4.6109, 1.1554, 2.8522, 0.0553,-1.6101, 1.5358, 1.2232,-4.4440, 0.1931,-0.1353, 0.4038,-2.2709, 0.3618,-2.8276, 0.5672,-1.9682,-1.9071, 0.3884, 3.2213
-0.5799,-0.8692, 0.6084, 0.1746, 2.4348,-1.1168, 0.5681,-2.7409,-2.4593,-1.9998, 2.8581,-2.0436, 0.1206,-0.6928, 3.5788, 2.4763,-2.8778, 2.6481, 3.3913,-3.2142,-2.0785,-0.1844, 2.5091,-0.3215, 3.5853, 1.3533,-0.6066,-2.3673, 4.8896, 0.2525, 1.0070,-2.5446, 4.8249,-2.2262,-1.5052,-0.3443, 0.8526, 1.5775, 4.7153,-4.3775, 4.2611, 4.9859, 2.9304,-1.2707,-4.9046,-4.5939, 2.6738,-4.5636,-2.2800,-3.3353, 1.4326, 0.1492, 3.0364, 4.7282,-3.0021,-1.5333, 2.2395, 4.0253,-4.9273,-1.9814,-2.4314, 4.8134, 3.6301, 2.8804,-1.1501, 2.2011,-3.8337,-3.6713, 3.6885,-4.6950
-2.8874, 0.4117, 2.0259, 0.1283,-0.8058,-1.7040,-0.0482,-1.5141,-2.0422, 0.4986, 4.4137, 3.3649,-0.4034, 2.7021,-0.6889, 2.3613,-3.7112, 2.4781, 0.6342,-3.8764,-1.3544,-1.7886, 1.9511, 1.3799,-2.8238, 0.8962, 0.1838, 0.8581, 1.6477,-0.5125, 1.5824, 3.3020, 0.1853, 2.2411,-3.1607, 3.7946,-4.9158, 2.1971,-1.2856,-0.7540,-4.0828,-2.8825, 2.1495,-1.3212,-0.9648,-2.7208, 1.5854,-1.4090,-2.3042, 3.0223,-2.6532, 0.1206,-0.3489, 3.0018,-0.0983, 3.5604, 4.7045, 4.1902,-4.1956,-4.5736, 1.7262, 2.6450, 2.2033, 4.2428,-4.3213,-4.2707, 3.5832, 0.3870,-2.0014,-4.6324
 2.6798,-1.9164, 2.0785,-3.3490, 0.9198,-4.6491,-1.1921,-4.3637, 2.5109, 1.9823, 4.3491, 0.0911, 4.2466, 2.0431,-1.9498, 2.1975, 1.7391,-4.8292, 0.4776, 0.6308, 2.7854,-2.7499, 4.8190, 2.4898,-4.8151, 4.0222,-3.2917,-0.2564,-2.4560,-3.7290, 3.3068,-1.2482, 3.1560, 0.6866,-0.4819, 4.8782,-2.3666,-1.9837,-4.7135,-1.9156, 2.0541, 2.4556, 4.3107, 2.0629, 4.0486,-0.3887,-1.4081,-4.5425,-2.6361, 1.7650,-3.6051,-1.6706,-0.0123, 0.2716,-1.1816,-0.1015,-2.2379, 2.1779, 3.8512, 1.6383, 2.5692,-3.8838,-3.2210,-3.7133, 3.2932,-1.9071,-3.7780,-2.5427,-0.2027,-4.9298
 4.3824, 3.0879, 4.4794,-1.5830,-2.5358, 3.4455,-1.3227, 1.7588,-4.9050, 4.0324, 2.4923, 2.1621, 0.7199,-1.5555,-0.8411, 4.4153, 1.5553,-2.7382, 1.5819, 1.8689, 4.5420,-4.2139, 4.7447, 3.7919,-2.3367,-1.7855, 0.7661, 0.3410, 0.9454,-1.9278, 3.4535, 2.6673, 3.0960, 0.6714, 2.3074, 2.4528, 3.2545, 2.1593,-1.9111, 0.0665,-4.2000, 1.0161, 4.8317,-1.1336,-0.6295, 3.4586, 2.5985,-2.9104,-3.6166,-4.9008, 3.1432,-1.5432,-3.4307,-2.6892,-3.1323, 0.5099,-3.0600, 4.4471, 4.2484,-3.4613, 1.1878, 3.0842,-3.5679,-3.7035,-3.7347, 4.1367,-3.9205,-4.5203, 4.2298,-2.5571
-4.7172,-2.3051, 1.8079, 1.1018,-0.7768, 4.1776, 3.4028, 2.0695, 3.8979, 0.9933, 2.1195, 1.2746,-4.5192,-1.0077, 3.0192,-1.8804, 3.3059, 2.0973,-1.6119, 1.9970,-0.3960,-1.9251, 4.5677,-4.7660, 3.4062,-2.3746, 3.4747, 4.7275,-3.6266, 2.3525, 3.1713, 4.5609, 1.7925,-2.4149,-1.0790, 1.1427, 0.6463,-2.5047,-1.8958, 2.4072,-4.5666,-3.0790, 3.4404,-1.0439, 1.4132, 2.6638,-0.9711,-4.5914,-0.5731,-3.5274,-4.5266,-0.3989,-3.4724, 0.3402, 1.9305, 3.7629, 2.7530, 0.8512,-3.8067, 3.0131, 2.7941, 4.5540, 3.4573, 2.1314,-1.2657,-4.0168,-4.0187, 4.7599, 0.3682, 3.2012
 4.6599,-4.1440,-0.9056,-2.6342, 1.8705, 2.8070, 1.8215, 2.4206,-4.7252, 0.5066,-0.6185, 0.2035,-0.1419, 0.9507, 0.0554, 1.5211,-4.3810,-0.3133, 2.7133,-1.9000, 0.8306,-1.7462,-0.2651, 0.4241, 3.8226, 4.5183, 3.6866,-2.7923,-1.5774,-3.9897, 0.5958, 2.9662,-4.8356,-1.9131,-1.4288, 4.3079,-3.3374,-3.4447,-4.6506, 4.8140,-2.2885,-2.1795, 3.1527, 0.9118, 1.8612,-0.6921,-2.2965, 4.8837, 3.5617,-1.8329, 3.2580,-2.4506,-3.9178, 3.2101,-2.3221, 1.3618,-1.4509,-3.6273, 3.1450,-4.3005,-2.0520, 1.8273, 0.5951,-2.1294, 2.9662,-4.3718,-3.6848, 2.2894, 0.1256, 1.6456
-2.1782,-1.9605, 4.3735, 2.3260, 1.0163,-3.2597, 3.1645,-4.8691, 3.5872,-2.4844, 1.6478, 4.0957, 1.0576, 4.3178, 2.3745, 4.4456,-3.4661, 1.7973, 1.5263,-4.7132, 3.5000, 1.6165,-4.0604, 1.3134, 1.7815, 2.5985,-1.4483,-2.5785,-0.6777, 2.4640,-3.3598,-4.7024, 0.3868, 2.9978,-2.9471, 2.2168, 2.3794, 3.0274, 1.4163,-2.0496, 3.2850, 3.4521, 1.6738, 3.5589, 4.9226,-0.6033, 4.0075, 1.8420,-2.4307,-1.0804, 0.7304, 1.1741, 0.3782, 4.4336,-1.4380,-0.6889,-1.0217,-3.2925, 0.8673, 4.8218, 3.7425,-1.6312, 3.6219,-1.6420, 0.7272,-1.5775,-4.3965, 2.8183,-1.9909,-1.9800
-4.4792, 2.4269,-0.0488, 2.1745,-1.0709,-2.2710,-3.1449, 4.8474, 1.5790, 1.9443, 2.3395,-2.0325, 3.0213,-3.3496,-3.0514, 3.9489, 0.2764, 3.0873,-0.1727,-1.9101, 0.2956, 1.8541,-1.5767, 2.6766, 4.3820, 1.7487, 1.7401,-4.2020,-3.2632,-1.2911, 0.0478,-2.3630,-0.5423,-0.1726,-1.9845, 2.0466, 0.9305, 0.6710, 1.6107, 2.2679, 4.2487,-0.0939,-3.1163,-1.1249, 0.4159, 4.9817,-3.0559, 4.1887,-0.9939, 2.6307,-3.8316,-4.1896, 1.0100, 2.1864, 2.7666,-3.1695, 4.1324,-4.0418,-0.8819, 2.3981, 3.0546, 2.2703, 0.1743,-3.4722, 1.5562,-0.9525,-2.8750,-1.9300, 4.4881, 3.3947
 4.4934,-1.7260,-0.6065, 1.9892,-1.3836, 0.1595, 0.8818,-1.1256,-0.9920,-1.0897, 2.6822, 2.3086,-0.4449,-1.7057, 4.5939,-3.5337, 2.4705, 2.0927,-2.2461, 4.5126, 4.7044,-3.9035,-0.6852,-3.7937, 4.5768, 3.4512,-1.8452, 1.9069, 3.6471,-2.7184, 3.2535,-3.8941,-0.5461, 0.4739, 2.1853, 1.8258,-3.8767,-0.8128, 1.4961,-4.5221, 2.2849,-3.7919, 3.9547,-4.0966,-4.9809,-4.9341,-4.5813, 2.0536, 1.0126,-0.6500,-0.6689,-2.9319,-1.1889, 4.7654,-1.2687,-3.1649, 2.2636,-4.4477,-3.1003,-0.7603,-0.2928, 1.9865, 0.2294,-4.7459,-0.7673, 3.3102,-4.9911, 4.1128,-4.9775, 0.2500
 1.7693,-0.7148,-3.5355,-4.8820, 2.7656, 1.1071,-1.2468,-2.9566, 2.4254,-2.8714, 1.2855,-4.9367, 3.5377,-1.8953,-0.3104, 1.6570,-3.5432,-4.3045,-3.1087,-0.1306,-0.1352, 3.7604,-3.8117,-1.9538, 4.1781,-1.2472,-0.7428,-3.3570, 3.6293, 1.7704,-1.1865,-3.7696,-3.0502,-4.8256,-2.5893, 4.7130, 4.7570,-0.2071,-1.5123, 3.2665,-1.4967,-2.4882,-4.3840,-4.4001,-3.6798,-4.9274,-1.6233,-3.9586, 4.2346,-3.8793, 1.4988, 1.5806,-0.7584, 3.6445, 3.8051, 2.5117,-1.0132, 3.6702, 4.7760,-4.2870,-2.0939, 0.9276, 4.7496, 4.8663, 1.2368,-4.8900, 1.9920,-0.2552,-0.4797,-1.0393
 1.3399, 4.2834,-0.4045,-1.2563,-3.6116, 2.8547, 3.7206,-2.6973, 0.8170, 0.7025, 0.8314,-3.9777,-4.2879,-4.1295, 1.2595,-2.7796,-1.6255, 3.1347, 4.9437,-1.8323,-3.9232, 0.3359, 4.7116, 3.9186,-3.6325,-4.8898, 2.8280, 3.5528, 3.2910, 4.0865,-2.0615, 4.5129, 3.1350, 1.1330, 2.7358, 2.6893, 3.1893, 3.5544,-3.9740,-3.0869,-1.4948,-0.9507,-4.8935,-0.6936, 2.4737,-4.8001, 3.9263,-4.0536,-2.5804,-0.4683,-4.8536,-1.7655,-1.1264, 1.7137, 0.2840,-0.5673,-3.8234,-2.8858,-3.3403, 3.8964, 1.4239,-2.7532,-4.7191,-0.3504, 0.0449,-1.1494, 1.0821, 3.0433,-1.7100,-2.8525
 0.4072,-0.7617, 3.2398, 0.7528,-3.0767,-3.3503,-3.9120, 3.8987, 0.8823,-2.7216, 3.9932,-3.3772,-2.9354, 1.2139, 3.7214, 4.8937,-0.4457,-4.1339,-4.3919, 0.8845,-3.5903, 2.5505,-3.5346, 2.2325, 3.5813,-1.1968, 4.8779, 4.3522,-0.6592, 1.2775,-2.5325, 4.0119, 3.5292,-4.0824, 1.6294, 1.2347,-3.7306,-2.9873, 1.2219,-1.8694,-3.4530, 2.5878,-0.5883, 3.6187,-4.0732,-4.5301,-0.1688, 4.2829,-3.6520, 2.5602, 0.9104,-3.1305,-1.9852,-2.0094, 2.1592,-1.6114,-4.1185,-3.7148,-2.7331, 0.1347, 0.5784, 4.2855,-2.5580, 1.6477, 4.4123, 2.3046,-3.8006, 1.5813,-0.1148, 1.4008
 0.1744, 3.2027,-2.3994, 0.9010,-2.1053, 4.2847,-0.2582,-4.3104,-1.7524,-2.7296,-3.7275,-3.3671, 0.1627,-2.1795, 4.3556,-1.7567,-4.3842, 3.2952,-3.1609,-0.0388, 3.9846,-1.4221,-1.5944, 4.0407,-1.1463,-0.9860,-3.1017,-0.3579, 2.0077,-2.9092, 1.0858,-4.7426,-4.7179, 0.4960,-1.6304,-1.3166,-4.9781, 4.2849, 4.0815, 1.2168, 4.1124, 4.4908,-3.7927,-3.7204, 0.1886,-4.0384, 0.7078, 3.5421,-3.5835,-2.6997,-3.8383,-1.5970,-2.2199, 1.1378, 1.6873, 3.1320, 0.9562,-0.1536,-0.5726, 4.4851,-4.5117,-2.2281,-4.2264,-3.2984, 4.0925,-1.1360, 2.7268,-2.2845,-0.5134,-0.9348
 3.8136, 3.4216,-2.4347,-0.4912, 0.1602, 1.0304,-0.3245, 1.8020,-0.2923,-4.0995, 2.3691,-4.1523,-3.5741, 0.4926,-2.3870,-3.1405,-1.4467,-0.9133,-0.2034, 0.0004, 0.2424,-0.0780, 4.5493,-3.6125, 2.2512,-0.7763,-4.8941, 2.5577, 2.7925, 3.9624,-1.5871,-3.7069,-3.9301, 0.9047,-2.0516,-0.4904, 0.7819, 0.6153, 3.9371, 1.9529,-3.6780,-2.9847, 0.8351, 3.6047,-1.8233,-1.7168, 2.4795, 4.7812, 4.8061, 4.4406, 4.9766,-1.6247, 0.4848, 2.9813,-0.8787, 1.0550, 2.3609, 4.8137, 3.7608,-0.1889, 4.9467,-4.8220, 4.9975,-2.3109,-0.1821,-0.5590,-4.1134,-1.8433,-3.7952,-0.7993
 2.2972,-0.5254, 0.9079,-3.6978, 0.3142,-1.7923, 0.9835,-3.7729,-4.1681, 0.9685,-2.4424,-2.7554,-4.7238,-2.1508, 2.0788, 0.3513,-4.9290, 0.5119, 0.4676,-1.4389,-0.9979,-1.1199,-4.0527, 1.1028, 4.8659, 0.1251, 2.4852, 1.0509, 0.4337, 3.6128, 3.7070, 0.3971, 0.9959,-4.5008, 2.1649, 2.6240,-0.6137, 1.3923, 0.1016, 1.3341, 3.6309,-1.2322, 4.1474, 1.3325, 2.3105,-1.5984,-0.6730,-3.3189, 1.0009, 4.1787,-4.3065,-1.2432,-0.3998, 2.8076,-0.4447,-0.2820,-2.3957, 1.1478,-0.3480, 0.3901, 4.5709,-3.0240, 3.3991,-1.5133,-0.1846,-0.1249, 3.2946,-0.7975,-4.1362, 4.1025
 2.0105, 1.7671, 0.7747,-2.3132,-2.5274, 4.2691,-4.7652,-4.2234,-4.6674,-4.9642,-2.9422, 4.5173, 4.1154, 3.0407,-4.2495, 2.2177, 3.1895, 4.4247, 3.7062,-0.1541, 2.1057, 0.0178,-4.5682,-1.0782, 1.6406,-4.8861, 2.9383, 3.3715, 2.7748,-0.1558, 1.2141, 4.4847,-0.1818,-1.0412,-1.4350, 2.8636, 2.3536, 2.0555,-2.3505, 0.4367,-2.3667,-2.1345, 2.3259, 2.6981, 0.4449,-1.6344, 1.2468, 0.9304,-4.5073,-3.2915, 3.6204,-4.0138,-2.1550,-1.9009, 1.5542, 0.7182,-0.9879,-0.0322,-3.5014,-1.0743, 3.4798, 2.3594,-0.2656,-3.7834, 0.4127, 3.2653,-0.0847,-3.3300, 2.4384, 0.5096
-3.7850, 4.4519,-1.7645, 4.6932,-3.6553,-4.2582, 3.8789,-0.4012, 4.4879, 1.7627, 4.9921, 1.0351, 3.9614,-0.7538,-0.2049,-3.0287, 2.8545, 1.6018, 3.7438,-3.6822,-4.9506,-4.1871,-3.6334, 2.0006,-1.8976,-2.4593, 3.3915, 2.9758,-2.2391,-3.9321,-1.3159,-1.3024, 3.1676, 1.8782,-1.2160, 4.5084, 3.6141,-2.9404,-1.0782, 4.6751,-0.5720, 2.0139, 3.4544,-4.0565, 0.5176,-0.1797,-1.4755,-0.8730,-0.7393,-2.7990,-4.1843,-2.0797,-0.7330, 0.8270,-0.2416, 3.4054,-4.0009,-1.6442,-0.9613, 1.6624, 3.3241,-3.1415, 1.7321, 4.0617, 4.5056, 0.3603,-1.7845, 1.3863, 1.6147, 1.0952
-0.3721,-0.3847,-0.5759,-1.2047, 3.3782, 2.3244, 0.4399,-4.7242,-4.0465,-1.7409, 1.4457,-2.2399,-1.9386,-4.6506,-2.0658, 4.6576,-4.1710, 0.8910,-1.2104, 2.0972, 4.4491,-2.9467, 4.4878, 4.1527,-2.3108, 0.7023, 4.0566, 1.2707,-0.8766, 4.1769, 0.5284,-1.5900, 0.4046, 4.8379, 4.6192, 3.1111, 0.8927,-4.5846,-4.0429,-0.5155,-0.1151, 1.8403,-2.1836,-1.5744,-2.5899, 2.8278, 3.4272, 3.3882,-1.9845, 1.5082,-3.9144, 1.3326,-2.2620, 4.2046,-0.8634, 3.3293, 3.2686,-0.0870,-3.4210, 0.9126,-4.2477, 4.0616, 1.2874, 1.1857,-2.3821, 3.9986,-4.3642,-4.5955,-0.6147, 3.4733
-4.5917, 4.1933, 1.1902, 3.9635, 0.8050,-1.1339,-4.8121,-3.0520, 0.5499,-3.8171, 3.0323, 0.1730, 2.8742, 3.6953, 2.2191, 1.3520, 3.2318,-2.9145,-1.0896,-2.0767, 4.1770, 4.9328, 2.6368, 2.4922, 2.1160, 2.8609,-4.5913,-3.7685, 1.5324,-4.9436,-4.0283,-0.5915,-3.4681,-2.9322, 3.8681, 2.1483,-4.5644,-3.8465, 3.2847, 2.5477, 0.2448,-1.7585,-0.1329,-3.8815, 4.1129,-3.1391,-0.3536,-2.5472, 2.2104,-4.4139,-2.2903, 4.7689,-0.5830,-2.1818,-4.1467, 4.1002,-0.5156,-1.1175,-4.4888,-0.6892, 4.8468,-4.8418, 2.8108,-3.0514,-4.7488,-2.1231, 4.9057, 4.0900,-4.1000, 2.7398
-2.2721,-3.7301,-4.6304,-0.0482, 3.3717,-1.2935,-4.4905, 3.2512,-0.0609, 0.7485, 2.2527,-2.4236,-3.2371, 0.3497, 3.9194,-3.0643, 1.3147,-3.1718,-4.6704, 4.7916, 4.5192, 2.4745, 0.5060,-1.2393, 0.7629, 1.5007,-2.9033, 0.3110,-3.8533,-3.4513, 0.0198,-3.2172,-3.6794,-4.0387, 3.4342, 2.0468,-4.3633, 2.0783,-3.5886,-0.6546, 2.2122, 2.6977, 0.8482, 0.9886, 4.9806, 2.4465,-2.9258, 0.9655,-3.1943, 2.5963,-0.6318, 4.7057,-3.7638,-2.7561, 1.0184, 0.1341,-4.4957,-4.7580,-2.4725, 3.7375, 3.8075, 0.5041, 1.5948,-0.4435,-2.8605, 0.8843, 3.5672,-4.1717,-3.2200, 1.1656
-4.1088,-3.8935,-2.0407, 4.1568, 1.7534, 0.3101,-1.3893,-3.2017,-1.3258,-2.9984, 1.1671,-1.3762,-3.8921,-3.0942,-1.0562,-0.4320, 4.2509, 2.6948,-2.1570, 2.5923,-2.6412,-3.5916,-1.2451, 1.4326,-3.2646, 1.2378,-3.7698, 2.3635,-3.1466,-3.9544,-1.6624, 4.6583,-1.7243,-4.2525, 2.5001,-3.1826, 2.5479,-0.3216,-4.2141,-2.5972, 1.5242, 3.3354, 0.9484,-3.5127, 1.4060, 4.2016, 0.4027,-0.9239,-3.8101, 4.4164,-1.0599, 3.7818, 4.4128, 4.5153, 0.5170,-3.8061, 1.6615, 3.0740, 0.2965, 0.8224,-0.1627, 4.6621,-1.0916,-2.2615,-2.9217,-1.2394, 0.6669, 4.0413, 4.7397,-0.0099
-3.9187, 3.4530,-0.5905,-1.1737, 0.8510, 1.1426,-1.0988, 4.9387,-0.3910, 1.3615,-3.8396,-3.6491, 1.6042, 2.5381,-2.8214,-3.5496, 4.3501,-0.8628,-4.2399, 1.0515,-2.6817,-2.4989, 1.1701, 0.9334,-2.8434, 0.8692,-0.2431,-0.8738,-0.7192,-3.6364,-2.9561, 3.3749, 4.6039, 2.1998,-4.6218, 4.4126,-4.2749,-3.1637, 2.6547, 4.4193, 2.7778,-3.7464, 2.7325, 0.5788, 3.0493,-1.6072,-1.0120,-3.0022, 4.8704,-2.4522,-3.8746, 4.6976, 2.3179,-2.0980,-1.7699,-1.5019, 3.4752, 3.9141, 1.4956,-2.6874,-0.6376,-2.3669, 0.2979,-1.0685, 0.1393, 2.0429, 4.2573,-1.1444, 2.2600, 1.4425
 3.9997,-3.3171, 4.9739,-2.2129, 2.0866, 1.4442,-1.0287,-2.1637, 4.3793, 4.4611, 0.6056,-4.1171,-4.8999, 1.7469, 4.0884,-0.8766,-3.6337, 0.6198,-0.2721,-1.0978,-3.4365,-0.0821, 2.1912,-0.8493,-1.8000, 1.7323,-0.5565,-4.3617, 3.0026, 3.4835,-0.5700,-3.9667, 4.2835, 3.1884,-2.9722,-4.6367, 1.0417,-4.4674, 2.3865,-1.7491, 2.0924,-2.8824, 4.0609,-2.2268,-4.6375,-1.2396, 1.8393, 0.9879, 0.0230, 0.5782,-3.8649,-1.3795,-2.1881,-1.0415,-2.0456, 1.9753,-0.5025, 1.9400,-2.3899,-3.0782,-1.5321,-1.6903, 3.3666,-3.6511, 2.9900,-0.5498, 4.7940,-2.8449,-0.1912,-4.6891
 4.8435,-0.2610,-3.3464,-0.3013, 4.8228,-2.4423, 1.4483,-4.7446, 4.6622,-1.8897,-4.1788, 4.1199, 0.1924, 2.9358,-1.2949, 1.6196,-0.4533,-3.6996, 4.4292,-4.3196,-2.3005,-2.4243,-0.6961, 2.2658, 0.6583,-0.9130, 3.0279,-1.7137,-1.4843, 1.3374, 2.4190, 0.6730,-3.8001,-0.1225,-0.1536,-0.3263,-1.8851, 0.6184, 3.7560,-1.5629, 1.6162,-2.1372, 3.8058, 0.5791, 1.3982, 3.4818,-4.0503,-3.7048, 2.9949,-2.9803, 1.1077,-2.5190,-3.6822,-3.8136,-2.6362,-3.5608,-3.0236, 2.9398, 4.4665, 0.8765,-3.8184, 0.2909,-2.5994,-4.7802,-4.5845, 1.6453, 1.2549,-1.1453, 3.5536,-3.5509
 3.3101, 0.4913, 4.2277,-0.3100, 3.3436, 4.6534,-1.3580, 2.5987, 0.5552,-0.6446, 1.5537, 0.1703, 2.2330, 3.0660, 3.6444,-4.7248, 0.1462, 3.2588, 4.5018, 0.7637,-3.4178,-1.6141, 2.3779,-3.7921,-1.7603, 4.7392, 4.1009,-4.0352, 0.1744,-0.8381, 0.1515,-4.3816,-2.5401,-4.1981, 0.6720, 3.8530, 3.7772,-1.8683,-3.6260, 2.1396, 2.2409,-1.4745,-1.7299, 0.2182,-1.3213, 0.2023,-1.6094,-3.4546,-1.6240,-0.6401,-0.8085,-4.6448, 2.2010,-1.7301, 4.1449,-0.7424, 0.3456, 2.6590,-4.1119, 1.7480, 1.3901,-1.4610,-3.6671, 2.7632, 1.6818,-2.2222, 1.0964, 1.8442,-1.7589,-2.2969
 0.6049,-0.8991, 0.6248,-3.3298,-3.0428, 2.3058, 1.9709, 4.5997,-1.4588, 1.6096, 4.9027, 3.0377,-0.7105,-3.0804, 0.1539, 1.3319,-0.4466, 1.4123, 2.7704, 3.3468, 4.3666, 1.5805,-1.4983, 4.3050,-4.7361,-1.2836,-4.0960,-1.6587,-2.4019, 3.2989,-4.0636, 3.2924, 2.7458,-1.1369,-2.5374,-0.2628, 2.5118, 3.1029, 3.0790, 4.8669, 1.4426,-0.3287,-3.6398, 0.7431, 0.7128,-2.3847,-2.2378,-2.1802, 0.7687,-1.7846,-1.2457,-3.0577, 2.6322, 4.7330,-0.1969, 0.6572,-2.4703, 4.8950, 4.9759,-3.7624,-1.1996, 3.7299, 1.2384,-2.4180,-1.7954, 0.0984,-0.6515,-1.9917, 2.0625, 4.8363
 0.2677,-2.2463, 0.2538,-3.3914,-0.4394,-4.2823,-4.5393, 3.3279, 4.6505,-4.6454, 3.1459, 0.7150,-2.9705, 4.8689,-3.5504,-3.5276, 0.8500,-0.9890,-2.6768, 4.8405, 0.1174, 0.0712,-0.9418,-3.3182,-1.5906,-1.9372, 0.6916,-4.1168, 3.4454,-1.9164,-3.8712,-3.5866, 0.4708, 3.4527,-4.3183, 1.9452, 4.6361,-4.0047, 2.6689, 2.2378,-0.9638,-1.3230, 2.9097, 4.3786,-2.5563,-3.5414,-2.0524,-0.3689, 2.9547,-4.1499,-0.7944,-3.7778, 3.5546, 1.8952,-3.1393, 4.6988,-4.1653,-1.5164, 3.9963, 4.3801, 1.1759,-0.2046,-2.5420, 1.6516,-0.3631,-1.1631,-0.8125,-4.0391, 3.5921,-2.7294
 1.3756,-2.5045,-1.7796, 0.1512, 1.8463,-4.5641, 0.0418,-0.3013,-4.2223,-3.2528, 2.8668,-3.8588, 4.0867, 1.4589, 2.3258,-2.8661,-3.4799, 2.2849, 2.6342,-1.1374, 3.0347, 0.0540,-1.7181,-0.2749, 0.9917,-3.8360, 1.2164, 1.8564, 1.5443,-4.2452, 4.7390, 4.4561,-0.3841,-0.4314,-3.3501, 2.2502, 4.3747,-3.0497, 4.8298, 1.4532, 1.7810, 4.7531, 0.8510, 3.3694,-4.6029, 2.7265,-4.3430, 4.0711, 0.1012,-0.3273,-1.5561,-1.0164,-1.5517, 1.6601, 0.9844, 3.5789, 1.8577, 2.3914,-3.4984, 3.0465,-0.2514,-1.4087, 4.0088,-3.0212,-2.5291,-3.0850,-4.9609,-2.5382,-2.6625, 3.5293
 1.9430, 1.2535, 1.2051, 3.7020, 2.2231, 3.9706, 2.2746, 0.0797, 0.9928, 3.5541,-1.1951, 2.4190,-4.8862, 0.4956, 0.6639, 1.8983, 2.1998,-3.6564,-0.5245, 4.1904, 0.5910,-2.2142, 1.4894,-4.4807,-3.8323, 2.7449,-3.4937, 1.6083, 1.9096,-1.0116,-4.1506, 3.9508,-2.9810, 0.0150, 1.4957,-1.7430,-0.6227,-2.6228,-1.0165,-0.1578,-4.8093, 4.1423,-0.9825, 2.5927, 2.3900,-0.5656,-1.0332,-3.1014,-2.7358, 0.8807, 1.8635,-4.4612, 0.3012,-0.5054, 1.1378, 0.5148,-4.6567, 0.0226, 1.8790,-2.0554,-0.3397,-0.7239,-4.0424,-3.5705,-4.9807, 4.2948, 2.8348, 1.4268,-0.6385, 1.6597
-3.1370, 0.3901,-0.6096, 0.3211,-0.1776, 1.5573,-2.1396,-2.1370, 1.6673,-2.8331,-1.0793,-4.3630, 4.5335,-0.7984, 2.0854, 0.3189, 1.6251,-4.8828,-1.5647,-1.1232, 0.2498,-2.5517, 1.9226,-2.4478, 0.4824,-2.2793, 3.2587,-0.0050, 0.7322, 0.9130, 0.0851,-1.3570, 1.8453,-4.2250, 1.6547, 3.0116, 4.3009,-1.1642, 0.1977, 1.7125,-4.0666,-1.5055,-1.9244, 2.4890, 1.3926,-4.9487, 3.7636, 4.0085,-2.4005, 3.3713,-4.8689, 3.1330,-1.5396, 4.3327, 2.0734, 0.9048, 1.1238, 2.6221,-3.5536,-4.6488, 2.1252, 1.9698, 3.5636, 0.0704,-2.3269, 4.6586,-3.3331,-2.0588, 1.5640, 3.9585
 1.6616,-2.9630, 1.3745, 3.2558, 4.2038, 0.5784,-1.3444,-4.3827,-2.6678, 2.9862, 2.2603,-2.7176,-3.5129, 4.6218, 1.2187,-4.9102,-0.4789, 2.2976,-4.0733, 1.8003, 2.8040, 4.3642,-4.6700, 0.3838, 2.2229, 4.5728, 4.0738, 1.8983,-2.9614,-0.2703,-4.1634,-4.6184,-0.5867, 2.4496,-0.4803, 2.5847, 0.1860,-2.2604, 1.2949, 1.5831,-1.7387,-2.5054,-2.0945, 3.8313,-3.5628, 2.1168, 2.6351,-2.3667, 2.8187,-4.6598, 2.0186, 4.9176,-4.1019, 4.6471, 3.5542,-1.4251, 2.9229,-1.2287, 1.7461, 4.9028,-4.0601,-3.4987,-1.2836,-0.4479,-0.4266, 3.4890, 4.3653, 3.4750, 1.4960,-4.5964
-1.5716, 0.6924, 1.9318,-3.8749,-1.1523,-0.0862, 1.0413, 1.2932, 0.8860, 3.0522, 3.6764, 0.5565,-3.0373,-4.9214, 4.8620, 0.4164,-0.6336,-3.0050, 4.9994,-3.4533, 1.2178,-3.4440,-2.3853, 2.0932, 3.7505,-4.6789, 0.0637,-3.8513, 3.5511,-3.2376,-3.9685, 3.5337, 0.9271, 2.1318, 3.3383, 3.2579, 2.8105,-2.1816, 1.7708, 1.9523, 1.4444,-4.5689,-4.1486,-1.8486,-1.5264, 0.6453,-3.0273, 1.8831, 4.8218,-4.5067,-0.0516, 0.4146,-4.2640,-4.1500, 2.8415, 3.6151, 3.4031, 0.3904, 1.8581,-4.1012,-1.1218, 1.8006,-1.1471,-0.1302,-1.6161,-3.8523, 4.3378,-1.8324, 4.2894,-1.7513
 0.6275,-4.4886,-2.5517, 0.1252, 4.1257, 3.5752,-2.1383, 1.0481,-3.2800, 4.6789,-1.3350, 0.3703, 1.0873, 0.7735, 0.1183,-2.2348, 4.1722,-3.0403,-2.9545, 1.6969, 3.9668,-3.2678,-0.5654, 3.1666,-2.2128, 0.4709, 2.8260,-0.3602, 0.1021,-3.8678, 2.9659,-2.5130,-0.1597, 0.7550, 4.3295,-1.0048,-4.8439, 4.9327,-2.1864, 0.6019, 0.0007,-3.4703,-0.7602, 2.6175, 3.8671,-4.6836, 1.6807,-1.4158, 4.5561, 3.6254,-2.0591, 4.8100, 4.8130, 0.8618,-2.3650, 3.8460, 4.4542, 2.0905, 1.8429, 1.4535, 0.9360,-0.1879,-0.3453, 2.3542, 1.4829,-4.3022,-1.9968,-1.4062,-1.9735, 2.4634
 3.0526,-4.9519, 3.8896, 2.0318,-3.9182, 3.0959, 3.8490, 1.1322, 0.2150, 1.4994, 3.2428,-4.9228,-3.5186, 2.0967,-4.3568,-1.7430,-0.0427,-4.8798,-1.1157, 0.4065, 0.3911, 1.9586, 0.3347,-1.9014, 1.1144,-4.6894,-3.3755, 2.6564,-1.3055, 1.9582, 0.4696,-1.9910, 1.2425, 1.5961, 0.4432,-4.1422,-3.5038, 3.9161, 1.2383, 2.8206,-4.8783,-0.0812, 1.8099, 0.6193,-3.7930,-1.9339,-2.4696,-2.3496,-0.9091,-1.5419, 2.5651, 1.2367,-4.1172,-0.9875,-0.2890,-1.4306, 4.1518, 0.2368, 1.6547, 2.9738, 4.2665, 1.8253,-2.2321,-1.5881, 3.3001, 4.9122, 2.1709,-4.9561, 4.7245, 0.2844
-2.4267,-4.4541, 2.6633,-3.7921, 2.4166, 1.3276, 3.6161,-3.0579,-0.2864,-2.6924, 0.7649,-2.1041, 3.6420, 3.0356,-0.2376,-1.9309, 2.4863,-1.6987,-2.4324, 4.9481, 4.0881, 1.9935,-0.0623, 3.0872, 3.2665, 1.6693, 0.6000,-1.5031, 4.3838, 3.3183, 3.7992,-4.9404,-2.3090,-4.0665, 4.5130,-3.7975, 3.4376,-1.5322,-2.8072, 1.5653,-4.3883, 2.8652, 4.6487, 3.3341, 0.4928,-4.0463,-3.8754,-0.3454,-1.2395,-0.2577,-2.2652, 1.6253, 0.5509, 4.1191, 2.3742, 2.9530,-0.0860, 3.6396,-4.0460, 0.1844,-2.8803, 4.2603,-4.6175, 1.7518, 4.2345, 3.6585,-1.3393,-2.2684, 0.2510,-1.3225
 2.9863, 0.9064, 3.4077, 1.7452,-2.1500, 0.7838,-3.3338, 4.4267,-3.4427, 0.1717,-4.2268, 1.7823,-1.0643, 2.8468, 0.5372, 3.5445,-4.4329, 0.2925,-3.1050, 3.6133,-2.5811,-4.8282,-1.0470,-2.3393,-0.4456,-4.5794,-3.7866, 3.8250,-2.2222, 4.5458,-1.5352, 2.4591,-3.8257, 3.0364, 4.0752, 2.6073,-1.3899,-3.8118,-4.1846, 2.6921, 0.9290, 3.4772,-3.6150, 2.9751, 0.8757,-0.6490,-1.0255, 1.9980, 2.4945,-3.5749,-0.5291,-2.1230,-1.9138,-4.4969,-3.8682, 3.2186,-2.3860, 0.0819,-1.0364,-1.8297,-1.9744,-2.6512, 4.2691, 0.1964,-4.9443,-4.7948, 4.7576, 2.7989, 2.8108,-4.6300
-2.2417,-3.3229,-2.3825,-1.2954, 0.5460,-0.9401, 4.4206,-4.2023,-1.7640,-2.4372,-1.1408,-4.2829,-4.2038, 1.5359,-3.9722, 0.2941, 3.6727, 2.3355, 2.1869, 3.6137,-1.9174,-0.5627,-1.8218, 1.6218, 0.3727, 3.3639, 1.2920, 0.6543,-4.0054,-0.0722, 0.8102, 1.4763, 4.9128, 4.2126, 1.5247,-3.0831, 1.0861,-3.8164, 1.8948, 0.7533, 4.0688,-4.4418,-0.4915, 4.2068,-4.6939, 0.2652, 3.5267, 2.1382,-0.2662,-0.0986, 4.3020,-1.7929, 4.3457,-2.8339, 3.4057,-2.8278, 1.2411, 0.0845,-0.8812, 2.3712,-2.7518,-4.4792,-0.6957,-1.5036,-2.3193,-1.1467,-3.6548,-4.1313,-4.5090,-1.8696
-0.8334,-3.8820,-0.7838,-0.9644, 1.1679, 4.6963,-2.0354, 4.4933, 1.1772,-2.6864, 0.0250, 3.5189, 4.6350, 2.0924, 4.0787,-1.9513, 0.2021,-4.9542,-2.9811, 2.3312,-1.5657, 3.0725,-2.8312, 3.4703,-3.9084, 4.7595, 2.5304, 4.0101, 2.7488, 0.2917, 3.4683,-1.1327, 4.5552,-3.8356,-3.2703,-1.8857,-0.7891, 4.7733, 1.8085, 3.8155, 0.7872,-3.9464,-2.6710, 2.6150, 1.7112, 3.3278,-3.4939,-0.7880, 3.7437, 2.0040, 4.4686, 1.6817, 4.9419, 4.1486,-2.0225, 2.0197, 2.5876, 3.1494,-3.4306, 1.9679, 4.9984, 2.5244,-1.3526, 0.2009, 2.6618,-2.3594,-2.7291,-3.8502,-0.7989,-4.0396
 3.5093,-0.1830,-1.5633, 2.3659,-2.0845, 3.0689,-4.6397, 0.6201,-0.9662,-0.4784,-0.3800,-3.9529, 0.3042,-3.2617,-2.1283,-2.0453, 0.3827, 2.7550, 0.4602, 0.1168, 1.6294,-4.7360,-2.6687, 1.7741,-0.9962,-4.8904, 0.1184,-2.0679,-0.8327,-2.2042, 0.5505, 2.1851, 4.0419,-4.0357, 1.0361,-3.8012, 0.0788,-4.9556,-2.4797, 0.4469,-1.6482,-2.2092, 2.5485, 4.9102, 2.5114,-3.9339,-0.1088,-4.1816,-1.3734, 3.4224, 1.7034, 3.7581, 0.5927, 3.1934, 4.6260, 4.8591,-2.2650, 3.4343, 0.4667,-1.7271, 0.3930, 4.7856, 1.5488, 4.6443,-4.3025, 3.7215,-0.0223,-1.5306,-4.3558, 0.9258
-4.5696, 2.4763, 0.5109, 3.0482,-4.4582, 1.8044,-1.1919,-1.2149, 4.8455,-0.8126, 0.3716,-1.7906, 0.5186,-3.1539, 1.4929,-0.3630,-2.3564, 0.4813, 3.0791,-0.9207, 2.3689,-4.5445,-0.8784, 3.4752, 4.4701, 2.3046,-4.6198, 2.9741,-1.3517,-4.3642, 1.7403, 3.6279, 1.3463, 0.8672, 4.7167, 2.3926, 1.7171,-0.1194, 4.6150, 1.9965,-1.6424,-1.7726, 4.7826,-4.3201,-0.6096,-0.5893, 0.9282,-1.6665, 3.0168,-1.4198, 0.2729, 3.5128, 3.8184,-4.8106,-0.1809,-0.2932, 2.2227, 3.5738, 2.1044, 1.5322, 2.6045, 3.2142,-2.9428,-0.9831, 2.3847, 3.4521, 0.4875, 4.3589, 1.6541,-2.5821
-2.5984, 0.3951,-1.6479,-4.3927,-1.9584,-1.0314,-4.1678,-1.0394, 4.7897, 0.6334, 0.6046, 4.2698,-4.4509, 2.0828, 3.3843,-2.6919,-3.5257, 1.9838,-1.7909,-0.7077,-2.8854,-0.4221,-3.8221, 0.9865,-0.0541, 2.0692,-1.2113,-4.0847,-1.9146, 0.8310,-1.6476, 1.7119,-4.4692, 4.8115, 4.4257,-4.8093,-3.0244,-2.6221,-1.0324, 3.9092, 4.0261, 0.7811, 4.1384,-0.9776, 1.4212, 4.3031,-4.2747, 1.8034,-1.0544,-3.0635, 3.9197,-1.4672,-1.4118, 3.9264, 4.6864, 0.2316, 2.5181, 1.6550,-2.2064,-0.7031,-0.1316,-2.6238,-3.7182,-2.8895,-3.3421,-4.8200, 0.8662,-2.3397, 1.6753,-0.4209
 1.1278,-3.8603, 1.7918,-3.8355, 1.3371,-1.0180,-4.5370,-4.8766, 3.7028,-4.8251, 3.9890, 1.3084,-1.8543, 0.2067,-0.4619, 0.6229,-3.3756, 0.0122, 0.3898,-2.0045,-4.7136, 2.0552,-1.4472,-1.2394, 3.3807,-1.3376,-0.7831,-1.1590,-4.1447, 2.9725,-3.5651, 0.1458, 1.4823,-4.6123, 1.1185,-0.6142, 2.4820, 0.5274,-0.4037, 2.9243, 4.1609, 2.8745,-2.6968,-3.0751,-4.7879,-1.1564,-3.8264,-0.3451, 4.1197,-1.4769,-2.8752, 3.2146,-3.0151, 0.4421,-0.8433, 2.6490, 2.1765,-0.4210,-3.2742,-1.3604, 4.4047, 0.0941, 2.5603,-1.3237,-0.3565, 4.8105,-2.3815, 4.2905,-3.9289, 1.2613
 2.4756, 4.3756, 2.1253, 0.7831,-1.8589, 2.4909, 4.4378,-1.1446, 4.7142, 4.8111,-3.5329, 1.8164,-0.6056, 1.5314, 0.3956, 1.0948,-4.3519, 2.6400, 4.1865,-2.7387,-2.1974, 2.2259,-4.8739,-4.3134,-2.8648,-2.6206, 2.3602,-3.1333,-0.7572, 4.3955, 4.8188,-3.1340,-2.8517,-2.0089, 4.2449,-0.8782,-1.6859,-2.3348, 2.7228,-3.3533, 4.6793,-0.7017, 4.6051, 3.8094,-1.0654,-0.5291, 4.7627, 3.3364,-1.5055,-2.0808,-3.8610,-3.9430, 3.1862, 4.9174,-3.3151, 4.2769,-0.0818, 0.8232, 1.6992,-2.1635,-0.1322,-1.5972, 3.6614,-3.7387,-2.6450,-4.9501,-4.1417, 4.9408,-3.5767, 4.9557
 4.7982,-4.3324, 2.1852, 1.9513,-1.6006, 3.6004,-2.5517,-3.3054, 1.3623,-0.0418,-2.2523,-1.6420, 0.9061,-1.5323, 0.5184, 1.0067,-4.4575, 1.7657, 0.3908, 1.6456, 3.4363,-1.9667, 2.3949,-2.7714, 1.1795, 0.2150, 1.4486,-2.2038,-4.5301, 4.6089,-2.3797, 1.0766,-3.9097, 0.1642,-3.4750,-2.8370,-1.4200,-3.6127,-3.0384,-3.1105,-2.5589,-4.3376,-2.9713, 0.5092, 4.7561,-2.3516, 0.9173, 0.4925,-0.6749, 2.3555,-1.2451, 1.7421, 3.2289,-3.4802,-2.9123, 3.1976, 0.6509, 1.6641,-4.0514, 3.5183, 1.1784, 3.0120,-2.6831, 1.3404, 3.7453,-2.4346, 0.2946, 1.1343, 4.4045,-3.5910
 1.9566, 4.0918,-2.4641,-4.0793,-2.6606,-3.5601,-3.2563,-4.9292,-3.2482, 1.6813,-3.8732,-0.7401,-2.5806,-2.1365,-4.1901, 3.3206, 2.5137, 1.6418, 2.0927,-4.5367, 3.6066,-3.1626, 3.1896,-0.8746, 1.3893, 0.7613,-0.6915, 2.8786, 1.8939, 4.3652,-3.0700, 1.2758, 0.5544,-1.3039, 1.8600,-4.0136, 4.8363, 4.1136,-1.3354, 4.0175, 1.8188, 2.9657,-0.8324,-1.3133,-0.3185, 4.8517, 0.5262,-0.5087, 2.6216, 3.5707, 4.1072, 4.7065, 3.4293, 3.0970,-2.1010, 2.4438,-1.4802,-0.1500,-0.0444, 0.6334, 3.9659,-4.8906,-0.4730,-3.6336, 4.3377, 2.6623,-0.2497,-1.0729,-4.3528, 3.7138
-3.7857,-2.9164,-3.8077,-4.3484, 0.4656,-1.5561,-3.2285,-4.9985,-0.3708, 3.8577, 3.6933, 2.8905,-0.7562, 2.5003, 0.6435, 2.1371,-2.7614,-3.3941,-4.1252,-3.3005,-3.7901,-4.3677, 3.2965,-1.4725, 3.4843, 1.6291, 1.7034,-0.2913, 3.2599, 3.2705, 4.4117, 0.6190, 0.2675, 2.0219, 3.9596,-4.4200,-3.7238, 1.2870, 0.0802, 1.4101, 1.3255, 3.1636,-2.2095,-1.3693,-4.9811, 1.4646, 1.6896, 0.4619,-2.7599, 1.5619, 3.3984,-3.3650,-4.4438, 2.4162, 2.7517,-3.6654,-1.1673,-0.2461,-0.0394,-4.9973, 1.9848,-2.4377, 2.9950, 4.9308,-0.2740,-4.8603,-3.5711,-4.9614, 4.4745,-2.8125
 4.5816,-1.6280,-3.3587,-2.1477,-3.2643,-3.3578,-2.8964, 4.6075,-4.8206, 1.4228,-2.1641,-4.1792,-4.2489,-4.7823,-0.1922,-2.5732, 4.0949,-3.1839,-1.4758, 4.5598, 2.9177,-2.7150, 2.4415, 1.5465, 3.4046,-0.5141, 4.0507, 3.8101, 3.0145, 0.7394,-0.7915, 0.0559,-1.5484, 1.2838,-0.3448, 4.2068, 1.2423,-1.6643, 4.8731,-0.3209,-2.3337, 1.4660, 0.4907,-0.6140, 4.6254, 4.3207,-4.8680,-1.2743,-3.6412,-1.6769, 1.8214, 0.4008, 4.2227,-3.9363, 0.6097, 2.7236,-4.4275,-0.6954,-1.6911,-4.1621,-3.6435,-3.9896, 4.1984,-2.7324,-2.0447,-3.9475, 1.8066,-0.8476,-2.2990,-4.7696
-0.5408,-1.6585, 4.8811,-4.2780, 2.7757,-4.2502, 0.9642,-1.8464,-4.5426, 0.3472, 2.3639,-3.1861,-1.8255,-2.8731, 2.8327,-3.4540, 4.4254,-2.0660, 0.8565, 4.3690,-3.9591, 2.0520, 4.8213, 4.9423,-3.6308,-3.3007,-3.6204, 3.7894,-4.6382, 2.3151,-4.4083,-0.3469, 3.6712,-1.8429, 4.0072,-1.9316, 0.0482, 3.0807,-0.1013,-3.5570,-4.1147,-0.6346,-1.5458,-0.3453,-4.1672, 0.2236, 3.5425, 4.6275, 0.7939,-2.1000,-4.4681,-3.5545,-2.3194, 0.4901,-1.1670,-1.6816,-2.6083, 4.1854, 2.9839,-2.2478, 1.5886,-0.5730,-0.3854,-4.8757, 2.3814, 1.4332, 0.0179, 3.6485,-4.3165,-1.4624
-1.9972, 3.5501, 3.3708,-0.2930, 1.9323,-1.3630, 0.2070,-1.5458, 1.3071,-3.6463, 1.0276, 3.2799,-0.3534,-3.1539, 0.7233,-1.3733, 0.6516, 1.6179, 2.0428, 2.3104, 1.0929, 0.9769, 2.8966,-0.1696, 4.0808, 1.3079,-2.9722,-4.5231, 4.1817,-0.0017, 2.1331, 2.2927,-2.7356, 2.4620, 3.4105, 3.1214,-1.8931,-4.7139, 3.3629, 3.9950,-1.8782, 0.4680, 1.2909, 2.4700, 1.5841,-4.6963,-3.2566, 1.0767, 1.6069, 0.3169, 0.2686,-4.1051,-2.8533, 3.7763, 2.8295, 0.1553, 3.9751, 2.5520, 3.8036, 3.0789,-2.7826, 2.2743, 0.9891,-2.9677, 0.1730, 4.4358, 3.8225, 3.2382, 0.0418, 1.4413
 2.2956, 1.0297, 3.1987,-3.9941, 4.4090,-2.1651,-4.4444, 0.6565,-3.7155, 3.9426, 2.4473, 1.0103,-1.3430, 1.3785,-3.0021, 1.1656,-1.7743,-1.8281,-2.3922, 1.8240, 1.9801, 0.3726,-2.4778,-0.0385,-4.3013, 2.5583, 1.9513, 1.8716, 4.2572, 0.5124,-2.8605, 2.6805,-0.6361, 4.8100,-4.3198, 4.6042, 0.5515,-4.5241,-2.5727,-3.9825,-0.4920,-4.0226, 0.0830, 2.0381, 1.7315, 2.1620, 0.4494, 1.1742, 0.9711, 1.8112,-0.7183, 2.3576, 4.7376,-3.0304,-2.2381, 0.5891, 0.0231, 0.7991, 2.3278,-0.8716, 3.6754, 3.5514,-3.7932, 1.8601,-1.1497,-3.2753, 0.9205,-1.4551, 2.9150,-0.7729
-2.5983, 4.4602, 2.7376, 3.3943,-1.7336,-4.0085,-4.0426, 0.2649, 1.7033,-2.5616,-0.4057, 4.3562, 2.0181, 0.5463,-2.6732,-4.8042,-0.2079, 3.0847, 0.9520,-4.0118,-2.9815, 2.2843, 3.0433,-2.2197,-2.8712,-0.7844,-3.6626,-4.4557,-3.2531,-3.1222,-0.1590, 2.1260, 0.4703, 4.8049,-1.0972, 3.4306, 1.7979, 1.9997, 4.6375,-3.0736, 0.5648,-4.6866,-2.4433,-4.1647, 3.8969,-1.2432, 1.9723,-3.4993, 0.9175, 1.5683, 2.4551,-3.7137,-2.7185, 4.0500,-4.5513,-3.6054,-1.2739,-4.1903, 3.2675, 0.9970, 2.7572, 2.8336, 4.2522, 4.8644, 4.7155, 0.5348, 1.1863,-3.0807, 1.0948, 1.4070
 1.0380, 3.1880, 4.4057, 1.2064, 2.3183, 2.4461,-1.0037, 3.1276,-2.8771, 0.8652,-4.6643,-3.4319,-0.5121, 0.2634,-3.7207, 4.4570,-1.9676, 3.4169,-0.6546,-1.4597, 0.9372, 1.0934, 1.7984,-3.5077,-3.4335, 3.1690,-2.5800,-0.2846, 2.2934,-0.5281, 4.5987, 1.4180,-2.8616,-3.2501, 1.7479, 1.3720, 1.2392, 0.1998, 0.4283, 3.5874,-2.4585, 3.5156, 3.9930, 0.6502, 1.8016, 0.0806,-1.1642, 2.9532, 4.0136, 0.3931,-0.6023, 3.3530, 4.9178,-0.8078, 3.6202, 1.4087,-0.7253,-4.2376, 4.1260, 0.8803,-4.3577, 3.5930,-1.9658, 2.8366, 1.4320,-1.1422,-4.1281,-0.2353,-4.8373, 0.5644
 1.3134,-2.7788, 0.6713, 3.2054,-3.7257, 1.8458, 4.4929, 0.1120,-2.6172, 2.5406, 2.4476, 0.7738,-3.9061,-3.0344, 0.3208,-3.9610,-4.4528, 0.3116, 2.6579,-0.5817,-2.2663,-4.2253,-3.7790,-2.9817,-4.3856, 4.8569,-3.6710,-1.2668,-4.7173,-0.6201,-4.2045, 2.7339,-4.8591, 0.9186,-4.9961, 4.9024,-1.6199, 0.5550,-2.5677,-2.9761, 0.4696,-3.5462, 1.8259,-4.2811,-4.3256, 4.8809, 3.5710,-2.3014,-2.9705,-1.8164,-4.2283,-3.1410,-1.5419, 0.8696, 4.7179,-0.5252,-2.7695,-4.7200, 4.0227,-0.2556, 1.8773,-2.5419,-1.4759,-4.0293, 0.4574,-0.6269, 4.4687,-3.0570, 4.0987,-1.4851
 2.5052, 2.8259,-3.5848,-2.8467,-1.5756, 4.2878,-2.8427,-3.7963, 0.8488,-3.9249, 4.0214, 4.5326, 2.2418, 4.7673, 4.1136, 3.5331, 1.3274,-0.7020,-1.9393,-1.6547,-2.6188, 1.1653,-2.9540, 2.7456, 3.2646,-2.6724, 1.0211,-3.0354, 3.4838,-3.1022,-1.3520,-2.2455,-0.8931, 2.6282,-2.3486, 0.3429, 0.8092,-2.0589,-2.6201,-0.7303, 3.3879, 2.6016,-2.6456, 0.9413,-1.4281,-3.7711,-2.1580,-4.8688,-1.9822,-1.5308,-3.6945,-3.3976,-2.2855, 4.3310, 1.3668, 0.8715, 4.4739,-0.4516,-0.9875,-0.2355,-1.5120, 0.0004, 1.0350,-1.2216,-3.2157,-2.1083,-3.6444,-0.4199,-2.2938,-4.1693
-3.7284, 1.1671,-1.7428,-3.1738, 4.2932, 1.4973,-3.2854, 3.5361,-3.0608, 0.2729,-2.2060,-3.7302, 3.2008, 2.4786,-3.9658, 2.8635, 0.1664,-1.8695, 4.3153,-2.3601,-3.1452, 0.7633, 4.7063, 0.6529, 4.9857, 0.1636, 1.7387,-4.5398,-2.8728,-0.5444,-1.6734,-2.0920,-1.2948,-3.7948,-0.8191,-2.0287, 2.0637, 1.1426, 2.6660,-4.3043,-3.9110,-4.8298, 0.0728,-3.4899,-4.8851,-0.4585,-0.2513, 1.0367, 0.8729,-1.7819, 3.0117,-4.5142, 0.7110,-4.7480,-3.2407,-1.2555, 0.0077,-4.9887,-4.1285, 4.6145,-3.3355, 1.1098, 0.6616,-0.6518,-4.1484, 0.3654, 1.9657, 0.4379,-2.4751,-4.0917
 0.7743, 4.6470, 3.6408, 1.8984,-0.5986,-2.1209, 0.6888, 4.4051,-0.7705, 3.9075, 2.8242, 1.5341,-1.6317,-2.1278,-3.4640,-4.3168,-1.0421, 1.4106, 4.4662, 4.4373,-3.1221,-2.5038, 3.9883,-4.5742,-0.0675,-4.7992,-4.3072,-2.9097, 3.7777,-4.0572,-2.9989, 4.4527, 3.9095,-1.4243, 3.4616,-0.8115, 0.9604,-1.8016, 4.3390,-1.2535,-0.1224,-1.1335, 3.4469, 3.3085,-2.3528,-3.7450,-0.1907,-4.6417,-3.0527, 3.0339,-2.1572, 4.8340, 4.4116,-2.2366, 0.4274,-2.5101,-0.4371, 2.9890,-2.1713, 3.1719, 3.3584,-1.2248, 2.1199,-1.5242, 3.9193, 3.4520, 0.4678,-3.6608, 2.8695,-4.7920
 4.8726, 1.6025,-1.8818, 0.3242, 0.5043,-3.2513, 3.3056, 2.7258,-3.1697, 3.0815, 4.2221,-3.5154,-2.8475, 2.6965, 1.1460, 2.4695, 0.2178,-2.1777, 0.7407, 2.1596, 0.9344,-2.8708,-4.6602, 2.0067,-4.9664,-0.3912,-4.7560,-4.8957, 3.0507,-2.7876,-2.7179,-4.2666, 1.4350,-0.4217,-4.8128,-2.1697, 0.2076, 1.7507,-2.5686, 0.9510, 1.3599, 3.5943, 4.0210,-4.8048,-4.0113,-1.0520, 0.9174, 0.0945,-3.5682,-1.8439, 4.7046, 2.4197,-4.0793, 4.5086, 1.9311, 1.8582,-0.8187, 2.6422, 4.0848, 0.5147,-0.1733, 2.3666, 1.4663,-1.3709, 0.3013,-2.4326,-0.6495,-4.9757,-1.5511,-3.8704
 2.4510, 1.0439, 4.1718,-1.8956,-1.8984,-0.5250,-2.7972,-4.3704,-0.2991, 2.1163, 4.3651,-4.6389,-0.2548, 3.9786,-1.4513, 0.8122,-3.3252,-4.0318,-2.1058, 3.8658, 4.2065, 0.6787,-1.0633,-1.0926, 4.2577, 3.6630, 4.7828,-0.8902, 4.4195, 4.4609, 2.8639, 4.6049, 2.1406,-3.8783, 4.7208, 2.8181,-1.1406, 2.0448, 0.6463,-1.4632, 4.8114, 3.2295,-1.4646,-4.3185,-1.2590, 1.7122, 2.4005,-0.8512, 4.6690,-2.8323, 0.1831,-3.2081,-4.2569, 0.6700, 0.3655, 1.0165, 0.9217, 0.6348, 1.0380, 0.1243, 0.0988, 3.7308,-3.5899, 2.3644, 3.7361,-3.0051,-3.7046,-2.9057, 0.3568,-2.6507
-3.7306,-2.6663, 3.7769,-0.3395, 1.2908,-1.1206, 1.4056,-3.6593, 0.1011, 3.2973, 4.7167,-2.5893, 0.3622,-0.8176, 2.9579, 3.6418,-2.5629, 2.2723,-1.2581,-0.0079,-1.9304,-4.1020,-2.1392,-0.6977, 4.5023, 0.6615, 1.9375,-0.3777, 1.1248, 4.3624,-1.4830,-0.5643,-0.0565,-3.7712, 3.3541,-3.0919,-0.5446,-4.2018, 1.6047, 2.7391, 0.7452,-1.5266,-2.1887, 0.2640,-2.6399,-2.6876,-0.6858,-0.8883, 1.1450,-0.2672, 2.8296,-4.8947, 0.9218, 2.5545,-2.3770,-3.1983, 1.2802, 4.9813, 1.8399, 1.3352, 3.3485, 2.3615,-3.1827, 3.3690,-0.8314,-1.4490, 2.4275, 0.2030,-3.0375,-1.2626
-2.5582, 4.4174,-3.7163,-2.9009, 3.6413, 2.8701,-2.6709, 3.4616, 0.7435,-3.5466,-4.2554, 3.5362, 0.6406,-3.7683, 2.6448,-0.6129,-3.5415, 4.4034,-4.1356, 4.0881, 4.0521,-0.1371, 1.5306, 0.1369,-0.7114, 3.6224, 2.7751, 1.4546, 4.1455, 1.8248, 1.9022, 4.0606,-3.4012,-4.4473, 4.3075, 0.8630, 3.7857, 2.5367, 1.0500,-3.1427, 4.9993, 3.4821,-4.1447, 1.7119,-3.8909, 3.0621,-1.2395, 4.2064, 2.8105, 4.6323, 4.2587, 0.7136, 2.2948,-2.9271, 0.8888,-1.8776,-0.8730, 0.8507,-3.2743, 2.8443,-3.7443,-0.6174,-4.1044,-3.4575, 1.3837, 3.2993,-2.3956, 4.5770,-0.9325,-3.5147
 0.9144, 2.9558, 0.4144, 2.2611, 1.6903, 3.6351,-3.6134, 3.5108,-1.7734,-0.6694, 1.9564, 2.8894,-3.1874, 1.3488, 3.0736, 2.5352,-3.1548,-1.8627, 3.4751,-3.3990, 0.9727,-3.0654,-1.8991, 1.4809,-2.3953,-3.1373,-0.9724,-3.3864, 1.9567,-3.0898,-4.8149,-2.4841, 4.5077, 2.3343,-0.3929,-0.6524, 1.9815,-3.1897, 2.6772,-1.4293,-1.4463, 2.4335, 0.0768, 1.2923, 3.3693, 3.1343,-4.0502,-4.8127,-0.3536,-2.9264,-0.8598, 3.1932,-3.6688, 2.2699, 2.0729,-2.4018, 4.2495, 4.5235,-3.0275, 0.4712, 4.5179, 0.5133,-4.3100,-0.0431, 0.8483,-3.0360, 0.0172,-1.0022, 2.8961, 2.6160
 1.4845, 3.8279,-2.3062, 0.8897, 0.2830,-4.0009, 4.3835,-0.1436,-4.0644, 2.0205, 3.5259,-3.3292, 4.2372,-0.1763,-3.6136, 3.5215,-4.6847, 2.4033,-3.9151, 4.9596, 2.6133, 1.6499, 0.1445, 3.0714,-0.4757,-4.6925,-2.5148,-3.5153, 3.9740, 0.4553,-4.7606, 4.5435,-1.4284,-0.6218, 0.0414, 3.7483,-3.9589,-1.0000, 2.8982,-4.9737, 4.3562, 2.1460,-3.8824,-4.6715, 2.4215, 1.0550,-0.9913,-1.6529,-1.3904,-2.0028, 4.8188,-2.9345,-4.9832,-0.9585,-3.5319, 2.5994, 4.8307, 0.8382,-2.4694,-1.9359,-2.9449, 0.2692, 0.7731, 3.6066,-0.9385,-2.2597,-3.2201,-0.2190, 3.4138, 2.9077
 3.8526, 4.3688, 1.1659, 3.3835,-3.8981, 1.9558,-0.5477, 2.7254, 0.2005,-4.1197, 4.9449,-2.6482, 2.5223,-1.3543, 3.6299, 2.4557,-4.9242, 3.1584,-0.9250, 4.2980,-4.5373, 3.4192,-3.5753,-3.6394,-4.0398,-3.7256,-3.3481,-2.2067, 4.6859,-2.5938, 0.7421, 2.2546, 3.2551, 2.2967, 2.6346,-4.9176, 2.9745, 2.9362,-0.5697, 4.9099,-1.9098, 3.6531,-4.9350,-1.0030,-4.8170, 4.8808, 3.1777, 1.8762,-4.8070,-3.2584, 2.2994, 0.5369,-2.5391,-2.5117, 1.6709,-1.6572,-4.3245,-2.7033,-0.2143,-4.2827,-3.3719,-4.0621,-0.9737, 2.7612, 1.6127, 1.7642, 1.4473, 0.0201, 0.6225,-2.8438
 1.3357, 2.6061, 3.7785,-1.2175, 3.7373,-4.8292,-0.8035, 0.6517,-1.4390,-1.3444,-0.9160, 2.8065,-0.3327, 2.3980,-3.8383,-1.8060, 1.9841, 2.2680,-2.1626,-4.1505,-0.2573, 0.2890,-4.2218,-1.9864, 0.6812,-4.4860,-3.1654, 4.3912,-2.3565,-1.0573, 3.1809, 4.9632, 1.6060, 2.6520,-0.2769,-1.4565, 1.4431, 4.0125, 1.5213,-2.2750, 3.0703,-3.5058, 1.6713, 0.0878,-0.7157, 4.4766,-3.1954, 1.7277, 4.3160,-3.0028,-1.0453,-3.1107, 1.4562,-0.8948, 3.9911,-2.6869, 0.8074, 0.1667, 4.2733, 0.6691,-3.2454, 1.7652,-4.3980,-0.6714, 0.2906, 0.1449,-2.0333, 4.6896,-3.7732, 3.2266
-3.7228, 3.3210, 3.3733,-3.9928, 0.6539,-4.5498, 0.9828, 2.4584,-1.1477,-0.4022, 0.8693, 1.1509,-0.3372, 2.8048, 0.1579,-3.0073, 3.1820, 2.2320, 0.3531, 1.6715, 3.8848, 0.2757, 1.5494,-1.1815, 2.6100, 1.0489,-4.6281,-0.8679,-3.6255,-3.3851,-1.7766,-3.6699,-3.0623, 3.7417,-1.2149, 2.2480, 1.9207, 3.9799,-3.5457,-2.0675,-1.3473, 0.2542, 3.5108, 1.5245, 0.9835,-1.4905, 2.2365, 2.6636,-1.5530, 2.1829,-4.4078,-1.7425, 0.7436, 2.9215, 2.4134, 2.1884,-3.6949,-0.6249, 4.6366,-4.8710, 2.2543,-2.4740,-2.5275, 4.6495, 3.0096, 3.4161, 2.4749, 2.7258,-4.7714, 2.1682
 3.4634, 2.3375, 4.5373, 3.1503, 2.4116,-2.4663,-2.1745, 1.0941, 0.9496, 4.3406,-4.4635,-4.7475, 2.0743,-0.1623,-3.3172,-3.4039, 2.3544, 2.8087,-3.8866, 4.1300,-3.4727,-0.2270, 0.3502,-3.6210, 4.7883, 1.6177, 4.9817, 0.2268,-4.3760, 2.0254, 1.6507, 4.6151,-0.8651, 0.7572, 1.1052,-0.8329, 3.4325,-2.1050, 1.4399, 1.6761, 1.0549,-4.8445, 0.6426,-1.2184,-2.2913,-3.8078,-4.5845, 4.6443,-1.6282,-1.1794,-1.9264, 0.5799, 0.0376, 0.2842, 2.7151,-1.7941, 0.0840,-0.9644,-2.3645, 4.7132, 1.0131, 3.9276, 2.3474,-0.9329, 2.4634,-1.5060,-2.2259, 1.5814, 4.7761,-2.4723
 4.0404, 3.6939, 1.9199,-4.6426, 0.0240,-4.8620,-4.9586, 3.5840,-1.8031, 2.5462, 4.3701, 4.9774, 3.5041,-3.0376, 2.5413,-4.7541,-1.8195,-3.2150,-1.2262, 2.7405, 1.1552, 0.6788, 4.5532, 0.1655,-2.3107,-2.4197,-3.2348, 0.1723,-2.9262, 3.5628, 0.2942,-3.4510, 2.0229,-4.8784, 4.3887, 1.3517, 3.6541,-3.2544,-4.8686, 4.7273,-4.3960,-0.3744, 0.0203,-2.6812, 2.9217,-0.8741,-4.5483,-2.0267,-4.7821, 4.8281,-3.9699,-1.4779,-1.5392, 3.1155, 2.6788,-4.6744, 1.9128,-3.8833,-4.8589,-2.4948, 4.8237,-1.8332,-0.2599,-1.9566,-3.4375, 2.0847, 1.3326,-3.3119, 2.4113, 3.7791
 4.7430,-2.7454,-2.1068,-0.2182,-3.6828,-0.6434, 0.2808, 1.1932, 0.2209, 0.6353,-0.5672, 3.1689,-1.0685, 3.8542, 0.8722, 1.3602, 4.6827,-4.1839, 3.6111,-1.6689,-2.9770, 3.6832,-4.1991,-2.5764,-3.1267,-3.3026, 3.9835,-0.5515,-0.2140,-0.6848, 0.1977,-2.6316, 2.0222,-4.9525,-0.8002, 3.9192, 0.5978,-1.7475, 3.6840, 4.8802,-1.8122,-4.4020, 3.4016,-3.9501, 3.9337,-2.3817,-3.3370, 0.8167,-1.8833,-0.5120,-4.1393, 1.4740,-3.5342,-1.3885,-0.3425,-1.8298, 0.7093, 3.7057,-1.3234, 1.1318,-3.0250, 2.4991, 4.7941,-3.8047, 0.9543,-1.8672, 0.0368,-2.5717,-0.3691, 1.1883
-1.5167,-0.6730, 0.7342,-1.2515,-4.4580, 1.2275,-1.5399,-2.4690, 0.0279, 2.6330,-3.1023,-2.4277,-2.8948,-1.7300,-0.4845,-3.6948,-1.7122, 2.7397,-1.9728,-3.9411, 4.5408, 3.0248, 2.1747,-1.2528,-4.3951, 3.5232, 0.8078,-1.2775,-2.0547, 4.1198,-2.2215, 0.3498,-3.1065, 3.6322,-3.4106,-3.5215,-4.2055,-1.8179,-3.2965,-1.5638,-0.3968, 0.1776, 0.9233, 3.0358, 0.4825, 1.1191, 2.3386, 3.4866,-1.8045,-2.9790, 4.7059, 3.6619,-4.5544,-0.1661, 4.0603, 1.4351, 3.3761,-1.7427,-1.6608, 4.4433,-0.9258, 2.7847,-4.6505, 3.5454,-3.0944, 3.6739,-2.0586, 4.7207,-3.6015,-1.7847
 4.5566, 3.6031, 3.8874,-2.1614,-1.3930, 3.9036, 2.9187,-0.4454, 3.9016,-2.7484,-3.4604, 1.7523,-3.1478, 3.0208, 4.7082, 1.9817, 3.1607, 1.3283,-3.8601,-0.5766,-4.9888,-2.7980,-2.2771,-3.2049, 3.1570,-2.6030, 4.1528, 3.2337,-2.2983,-1.2676, 2.6968, 3.6611,-0.0747, 1.9502,-1.5688, 2.9993,-2.4272,-0.5761,-2.9674, 1.1765,-0.2921, 3.7508,-3.4486,-1.9134,-1.4219,-2.1539,-0.3570,-4.9046,-4.8136, 0.7743, 1.3288, 4.3733,-4.4412,-3.6942,-3.5119, 1.2273, 3.3618, 4.2722,-4.6232, 2.5098,-1.7394, 2.1273, 2.0865, 4.4817,-1.1281, 2.6995,-3.8687,-1.8091,-0.6638, 3.2937
-2.7410, 2.0207, 1.6216,-1.5938, 4.4960, 0.2940, 4.7238, 0.3064,-4.6527,-0.3838,-3.8575, 4.7519, 2.8743,-0.0243,-2.0155,-0.5415, 0.9732, 1.2719, 1.8260,-3.5170,-2.7399, 3.9131, 4.0162, 0.4591, 4.2169, 4.4000,-1.2177,-3.8184,-2.2675, 1.8351, 3.1964,-0.7759,-2.1631,-0.7311, 0.4553,-2.5601, 3.8637,-3.0433,-3.5716, 0.2245,-0.1758,-3.8187,-1.4216, 1.5112,-2.1027, 2.7969, 1.5033,-0.8676, 0.7402,-3.3689, 1.1477,-2.0053,-2.5425,-1.3350,-0.0204,-2.3362, 3.5082,-1.1256,-3.2452, 0.7394, 3.2338,-2.9401,-4.3681,-1.5682, 2.7522, 4.2700,-2.9333, 0.5369,-1.3294, 0.4895
 3.8203, 0.3665,-1.7371,-4.1799, 4.9028,-2.8886, 4.3999, 3.9854,-1.5028, 4.7253, 0.0983, 3.6033,-1.6731,-3.2989,-0.4752, 2.4666,-3.0737, 4.4186,-4.6493,-3.7823, 1.8140, 0.2371,-1.4425, 0.3216, 4.7759, 2.4825, 2.3831, 2.6697, 1.8783,-2.5804,-3.1778, 0.9239,-1.6181, 2.5745,-4.4239, 3.6076, 4.6375,-4.3068, 2.6717,-2.4215, 3.1702,-4.5130, 1.9899, 3.2314, 3.5208,-3.0448, 4.6237,-4.9367,-4.7779, 4.6533, 4.2639,-4.5926, 3.0280, 0.5108, 0.6422, 4.7902, 4.4902, 1.0155, 1.5417,-0.3762,-0.2852, 0.5939,-1.1035,-2.7178, 2.9305,-0.1056, 1.9103, 0.4143,-1.2648,-2.1199
-3.9079, 4.5301, 3.1423,-2.4414, 0.2356, 4.5469,-2.2642, 4.8555, 1.6301,-0.7501, 1.4760, 3.6565,-1.3221, 2.1297,-3.7202,-4.6019,-0.8118,-1.3144,-2.5364, 4.9680,-2.9427,-4.1300, 2.9361,-1.2746,-4.1256, 1.7775, 0.4995, 3.9206,-1.9436, 2.1496,-1.3803, 2.0813,-3.8562,-3.9575, 4.7999, 2.2653, 1.1106, 4.0870, 1.7156, 1.8951, 1.6017, 2.6809, 1.4290, 3.5584,-4.3068, 0.2325, 2.2210, 4.0468,-4.8933,-0.8504, 1.3387, 4.7437,-2.0311, 3.8055, 3.2992,-4.6047, 4.4320,-1.7303, 1.3200, 3.5988,-0.4521, 1.4652,-0.4426, 0.5982, 1.1152, 0.5222,-3.7081, 3.7205,-1.8303, 0.5817
 2.6164,-2.5595,-0.2116, 4.1355, 2.7890,-3.6305,-1.3843, 4.2338, 2.9917, 1.8763, 1.7657,-2.6944,-2.5558,-1.9857, 0.6549, 1.7807,-1.4413,-0.0745, 1.3997,-3.1494, 1.9687, 2.2992, 4.8697, 1.6458,-1.2100,-2.8795,-0.2351, 3.8066, 1.1748, 4.5543,-1.6787,-3.8541, 2.6922, 1.1134, 4.6958,-4.0448,-2.9490,-2.8747, 3.9418,-3.0465, 2.4470,-2.1391, 1.6363,-4.5294, 1.0126,-4.1377,-4.0665, 4.4734, 3.2284, 1.0495,-4.0530, 3.5919,-1.7275,-0.6725,-3.1960, 0.1572,-2.4261,-1.7991,-0.8505, 4.2400,-4.0195, 1.6418, 2.0620,-1.7976,-1.3886,-1.6827,-4.7365, 3.9372,-1.9677,-4.3030
-2.7073,-3.5672,-1.0196, 0.7805,-3.4994, 4.2422, 0.5616, 0.7254,-1.8000, 3.8306, 1.4732, 2.4328,-4.1288,-3.8465,-2.8339,-3.1299, 2.6485,-3.9285, 0.1133,-0.2625, 2.2561,-2.0067,-2.8004,-1.1937,-1.9235,-3.8039, 2.1391,-3.0996,-4.9724, 1.8597, 0.4694, 1.5297,-2.0856, 0.6183, 1.6995, 2.5455, 1.0394, 1.4259, 0.7600,-3.5740, 2.3940, 1.8830,-3.5527,-3.6837, 1.3947, 3.4592, 0.1275,-3.6291,-0.9760, 4.5780, 3.4438,-1.6307,-1.5926,-1.7827, 2.7994, 1.6560, 3.3484, 0.3775,-1.1570, 3.8606, 1.5054,-0.3040,-0.9279, 0.8370,-3.9446,-3.2072, 4.4183,-1.2026,-2.4376, 0.9545
 4.5774,-2.4270, 1.8271,-4.2076, 4.5535,-0.0576, 0.4877,-2.1241,-2.5051, 4.1695, 4.1532, 0.4920,-0.5681, 2.5148, 2.8988, 1.7201, 2.3084, 3.2244, 4.5258, 4.8230,-1.4246, 3.0811,-2.0368,-2.1783, 1.8155, 1.6370,-3.9840,-3.9137,-3.0763, 1.5218, 0.6573,-0.7541, 2.9361,-1.0977,-0.3956, 3.9378, 4.2135,-3.2200, 3.2465,-1.6176, 1.6199, 4.8679,-4.3016,-3.9872, 4.1270,-4.0817, 3.1606,-0.9316,-0.0260, 2.6435,-0.0023,-2.8569,-3.4196, 3.2915,-0.3419, 2.2343, 3.7089,-1.2384,-2.6753, 0.0414, 0.0323, 1.9397, 1.4750,-3.5457, 2.5256,-1.5274,-4.1817, 4.5503,-0.1598, 4.3168
 1.2554, 1.8432, 2.6485,-4.6777, 3.8502, 0.0623, 0.0749, 0.1673, 4.2550, 0.3133, 4.0964, 0.5877, 4.9785,-4.5130, 0.6186, 2.9476, 3.7087,-3.3270,-4.9672,-4.2384, 4.1427,-2.8733,-2.8629, 0.7043, 3.7048,-3.9582, 0.0638, 1.8832,-3.6510,-4.7486, 4.8754, 3.9672, 1.5521,-3.8203, 4.4592, 2.7963, 4.8781, 0.7354, 1.1664,-1.1353,-0.6920,-3.2442, 1.5832,-3.8348, 3.7897,-0.3284,-4.4315,-1.3649, 1.3150, 2.9677, 4.0379, 1.8746, 4.9010, 0.1904, 2.9884, 4.8852,-3.8201, 4.6460, 4.3353,-1.4052,-0.1142,-0.2004, 1.7483,-3.6020,-1.3073, 1.9878,-1.0428, 1.0044, 3.4422, 0.8846
 2.2384, 1.8073,-4.3899,-4.0831, 0.6868,-0.7558,-2.7912, 0.3960, 2.4194,-4.0761,-1.0646, 3.3909, 4.3637, 1.3826,-2.7856,-0.5548, 4.2260, 0.5496,-2.2890, 3.4567, 0.6109, 2.4048,-2.2321, 1.4892,-0.7078, 4.2432, 3.4114, 0.2987, 0.9454,-4.9007,-0.8289,-2.9578, 1.4650,-3.1175, 2.6951,-2.9862,-2.8814, 0.2724, 0.3280, 1.0384,-3.7829,-2.9606,-0.0235, 2.9885,-1.7334, 4.9707, 1.9770, 3.5288, 2.4142,-4.1990,-4.7989, 1.1870, 0.0432, 3.0280,-2.1792,-4.0603, 0.5613,-0.2749,-3.8227, 0.6796, 2.2831,-1.0831,-4.9854, 2.5772, 1.2586, 2.7340,-0.5589, 1.8709,-0.2622, 4.8697
-4.8417, 3.2547,-4.4831, 0.4276,-4.0139,-3.8671, 1.2528,-3.9338,-0.5225, 2.0574,-3.7422, 1.9137, 2.2605,-3.9989, 2.1542,-3.2794, 1.0440, 4.7213, 4.7842,-4.5668, 2.4853,-3.2460, 2.7323,-0.2298,-2.6184,-1.4778,-4.1565,-4.3096,-0.8747, 1.9713,-0.6484, 1.5554,-0.7989, 1.3425, 0.3117,-0.5747, 4.2665,-3.7972, 0.5971,-4.6337, 2.6098, 4.7064, 1.0567,-1.8393,-1.0139,-1.1873,-2.6223,-1.0921,-2.9186,-1.1597,-1.8187,-1.7005, 0.4377,-1.3642,-4.8166,-1.1702,-3.0007,-4.2001,-0.4083,-3.5769,-2.2576, 2.7152, 3.9611, 4.1081, 3.5001, 3.5414, 1.8486,-0.1366, 2.8384, 4.1506
 1.1813, 1.5035, 3.6252,-0.2463,-3.1575,-3.9919,-1.8186,-0.1116,-4.7222, 3.5529,-3.9308,-4.5632,-3.8934,-3.3708,-0.0995,-1.9691,-2.5045, 3.4915, 4.0111,-3.3283,-2.4162,-0.5588, 2.9676, 2.9817, 1.0990,-4.1504, 0.0246, 1.6454,-3.5198, 2.4707, 3.9546,-3.0767,-2.2648,-3.4681, 4.9935,-1.5276,-1.1898, 2.9173,-1.7984,-2.4118, 4.6715, 1.0041, 3.5232, 2.4066, 2.0730,-1.2927, 2.8603,-4.3731,-0.6495, 4.2793, 0.7989, 3.7469,-3.1587, 0.6585,-0.0801,-1.2295, 4.2860, 3.9389,-2.2560,-0.3407, 3.9649, 1.5671,-2.5386,-4.9218, 0.5639,-3.1000, 2.9519, 0.1235,-1.3509, 0.6542
-4.2905, 3.5705, 3.7814,-2.9876, 4.2102,-1.5254,-1.2492,-0.1255, 2.6103, 4.1828,-2.7384,-2.2574, 4.7411,-2.2729,-4.2910, 3.1567, 3.2959, 3.7746, 1.1709, 3.7082, 2.5757,-3.1184, 4.5216, 2.0176, 3.6247, 4.7686,-4.9352,-4.8117, 1.4944, 2.7764, 0.0607,-2.9426, 0.0459,-4.1038, 0.9131, 4.5546,-3.6765,-2.5580,-3.9548, 2.1210,-1.5332,-2.3065,-1.1949,-4.3299,-4.7539,-1.7032, 0.6201,-3.5315,-4.1374,-2.2669,-0.0912, 0.1765,-3.7018, 3.2290, 3.8083, 1.9301, 0.0718, 1.5737,-3.3556, 2.0268,-4.3833,-0.1911, 3.9049,-2.8475, 1.1499, 2.1851,-1.8394,-0.9762,-3.2924, 0.9398
-2.1398, 0.3225, 3.5005,-3.5600,-3.3659, 3.4776,-0.9837, 0.9741, 2.7267, 3.7601, 3.1913,-3.1356,-4.2625, 2.0619,-2.0889,-0.0187, 1.2939, 2.6422,-4.5222, 2.4103, 1.0315,-2.7211,-4.9461, 4.0773, 2.0078, 3.2893, 3.3798,-1.3499,-0.7687,-3.4806, 4.2226,-4.5832,-2.5643,-4.2645, 3.0653,-2.3253,-4.7307,-2.2588, 3.3183,-3.6180,-1.6919,-1.7852, 2.3423, 2.5930, 3.3279, 2.5447, 3.2277,-0.2679, 3.9695,-1.3009, 4.5352,-3.1550, 4.8367, 1.4500,-2.6534, 3.6796, 0.6285, 0.0989, 1.6454,-1.8287,-4.8857,-0.4969, 0.7022,-2.6977,-2.0597, 0.0388,-4.3640, 2.6248,-3.9313, 0.8798
-2.5078,-3.9581, 3.1974,-0.1893,-4.0917, 1.7774, 3.7861,-2.9794,-4.8051,-0.1488,-2.5296,-4.1039, 3.1596,-3.7731, 1.4127,-3.4038, 3.4055, 3.1008, 4.4554,-4.2769,-1.8935,-0.2713,-0.9860, 4.2942,-3.2108,-3.7413,-4.3818,-4.6322, 1.9465, 4.0795, 1.6849, 0.1393,-2.5909,-3.5293, 3.9007,-2.1387,-1.0650,-0.4777,-2.4521,-0.3661, 0.3978, 1.6967,-4.6991, 3.4455, 3.8786, 0.9791,-3.0648,-1.0280, 0.8138,-3.6418,-1.4453, 0.1499,-2.4949, 3.3067, 1.5059, 1.8490, 1.6696, 4.7622,-1.8046, 0.9600, 3.1472, 3.4492,-3.5110,-0.4839, 0.0915,-2.0160,-0.6216, 4.5419, 0.4626, 3.4360
