-0.1900,-3.1721, 1.6661, 3.6439, 3.3466,-3.0947, 2.4468, 0.9228, 2.1481,-2.5345, 3.0624,-2.9316,-1.9181,-2.2546,-4.0324,-0.2242, 1.7943, 2.2388, 1.8216, 3.1488,-4.6608,-2.7619, 2.0012,-0.6905,-0.2702,-3.6724, 2.8579, 0.8368,-2.1699, 1.6339, 3.5360,-4.6387,-3.0819,-3.8728, 3.2409,-0.5065, 1.9458, 2.3625,-3.7960,-0.3903, 4.1355,-0.3199,-0.3632,-2.2263,-3.9063, 2.3999, 3.4325,-4.7841, 0.2254, 0.7836, 0.1267, 0.4907,-4.3680, 1.1006, 0.6628, 2.1297, 3.5250,-0.5148, 3.2156, 3.4046, 0.0476,-4.4364, 4.6129, 2.4607,-0.1770,-3.4931,-3.8380,-4.5623, 0.2420,-4.5760
-0.3199,-3.9315,-2.3493, 0.7657, 2.7165, 0.7250,-2.5089,-1.5981,-2.6713,-0.9894, 4.1223, 1.3041,-0.9642,-1.6602, 2.6218,-0.7177, 1.5222, 4.9340, 0.3964, 3.9605, 4.7509,-2.0309, 4.0734, 3.8224, 4.3709, 2.6787,-2.7937, 1.1137,-1.7990,-0.6266, 4.6022, 2.7734,-4.2830, 3.9511,-2.5183, 2.4586,-4.3103,-2.4462,-1.9490, 4.3042, 1.6177, 4.4368,-0.7059, 0.1429, 0.3766,-0.3763, 0.9992,-4.8965,-3.8868, 3.3495,-0.0665, 4.8294,-3.6547, 0.5645, 2.2606,-0.4120,-2.1297, 1.8869, 1.9274, 0.9582,-0.8945,-3.4978, 2.6681,-3.4867, 3.3297,-0.7298,-3.7458, 0.5847, 3.4883,-2.0773
-3.9384,-3.1015, 1.2028, 2.3014,-4.3098,-1.0781,-1.9938, 4.7080, 4.1247, 1.5322,-2.3608,-2.3145,-1.1515, 4.8742,-0.5059, 1.4698,-0.0584,-4.7013, 2.6917,-3.1184, 3.2989,-1.0853, 4.6493, 1.8616, 3.3025, 3.3905,-4.4479, 1.7726, 4.9226, 2.3943,-1.0415,-2.1145,-0.3001, 2.0116,-2.3099,-4.3474, 4.8948, 4.1886,-3.3331, 3.9850, 4.2297, 1.7261,-2.0344, 1.8890,-2.7437,-1.2032,-2.0379,-3.3825,-2.7672, 3.1273, 2.9490,-4.5975,-3.4222, 2.7293, 2.2916,-0.6071, 0.2462, 0.7182,-1.0431, 1.3028,-3.6330,-2.7356, 4.4386,-2.2135,-0.8472, 0.7723,-1.8244,-4.0062, 2.2991, 0.3289
-1.2444, 2.0373,-2.6678, 4.8308,-2.7928, 3.6137,-4.2308, 4.1015,-4.2836,-3.5795, 2.4316,-0.3163,-4.7602, 1.5203, 3.2673,-1.1960, 0.8958,-2.3550, 0.9489,-2.4959, 4.5245,-3.9391, 0.7288, 0.7969, 1.2905,-4.9460, 2.0846, 2.0205, 4.9356,-1.4345, 4.8755, 4.5715,-2.8994, 4.3481, 4.5429,-1.4144, 0.1001,-2.6689, 4.4075,-4.6816,-4.1988, 4.8337, 1.7175,-4.8030, 2.1321, 4.6268, 0.5256,-1.1035,-2.6292, 3.2452, 1.7459, 3.8614, 1.9462, 0.2264,-1.4065,-0.9642,-1.5105,-2.5930,-0.6767,-2.1199, 2.2693,-4.0085, 3.9656, 1.2877,-2.3889,-0.1177, 4.3674, 0.0044, 2.0063, 1.0775
-3.4266,-3.8604,-0.7654, 1.4336,-0.0691,-4.4947, 2.6216,-2.9992,-3.5111,-0.2364, 3.9441, 1.1936,-1.4648,-3.4797,-0.8984,-3.9432,-1.2775, 0.3713,-0.8657,-3.1800, 3.8073, 2.3826, 4.4209, 4.2889, 0.2790, 1.4399, 1.2490,-3.9690,-4.7157, 2.3591,-3.9280,-0.3658,-0.5580,-3.9311,-4.8381,-2.1063,-1.0016, 0.5766, 3.0926,-1.5685, 1.2658, 2.5156,-3.4196, 1.1010,-1.5130, 4.0444, 0.7621, 4.2165, 0.6421, 2.6003,-2.9132,-4.5130, 3.0124,-4.0221,-3.1444, 0.3289, 2.0321,-2.2937, 2.6116,-0.6268, 0.3051, 1.9570,-4.1165,-1.3721, 0.7517,-4.4889,-0.8959, 3.3945,-3.5645, 2.0037
-4.2071,-4.5247,-1.9464,-4.6861,-2.5636, 3.9006,-3.4768,-3.4480,-1.3570,-2.8825, 1.2442, 3.7637, 0.7397, 3.0664, 2.8459, 0.2358,-1.0142,-4.9817,-1.1543,-0.7114,-4.7327, 3.9435,-1.2087,-2.8788, 2.6977, 1.5516, 4.8540, 3.4316, 4.6970, 3.6448,-1.9587, 4.3441, 2.4904,-1.2901, 4.4924,-1.5470, 2.3937, 2.9834, 4.8458, 1.2070, 1.2989,-3.3063, 2.5669, 2.3113,-3.8009,-3.5492, 4.3690,-4.7961,-0.2371, 0.3065,-4.8578,-4.0675, 0.3662,-2.8435,-4.6280, 4.1027,-2.2476,-3.7853, 2.6935, 1.6987,-0.1525, 4.6471, 1.1516,-1.9638,-2.3849, 3.9751,-1.9337,-0.1223, 3.7448, 1.0471
 2.2077, 4.7988,-1.3915, 4.7674,-4.1780, 1.4347,-2.7603,-0.3603, 4.0159, 4.2098,-0.9604, 0.3397, 3.3709, 2.7431,-2.3509,-3.5202, 4.2146,-4.7509,-2.7718,-3.0095, 0.1519, 0.4877, 4.5298, 3.1502,-2.1245,-1.2435, 4.3554,-2.5256, 3.5201,-0.9510, 3.6409, 4.9603, 0.1760,-1.2748,-2.1303, 0.8319, 2.4928,-2.7561,-2.2326,-4.5685, 0.9911, 3.1565, 1.2893, 0.0156, 2.4439,-4.2342,-3.5692,-3.3429,-4.2530, 1.7977,-0.5646, 0.8965, 0.0172, 0.6174, 2.6064,-1.2144,-2.3344, 0.3352,-1.6599, 3.1875, 3.9376, 0.2191, 1.6277, 1.7033, 3.9682,-2.7132,-3.3891,-1.0004,-0.6379,-4.4848
-4.1030, 2.2445,-1.5272, 2.0773, 3.7610, 2.2665, 2.4366, 4.8444, 2.4291, 1.3229,-0.2620, 4.8742,-1.9987, 4.7067,-2.8041, 0.6615,-0.2299,-4.3965,-2.3406,-2.6305,-0.6453, 1.9029,-2.3452,-3.9942, 4.9305, 0.4545,-4.8676,-0.6698, 4.3159, 3.3388,-1.4905,-3.7205,-4.8008, 0.9796, 4.2110,-4.1729,-0.7647,-0.7348,-3.9608,-3.1427,-1.3221, 3.3512,-4.6255, 4.7537,-1.6180,-4.8523,-2.0073, 0.4674,-4.9376,-0.0713, 3.0793, 1.3423,-0.1649, 4.9964,-2.5676, 4.4489,-4.1568, 2.5929,-4.9326, 1.2852,-1.8880, 1.9423, 3.7749,-4.6918,-2.4693,-3.1921, 3.7729,-0.9522, 2.7853,-1.4808
 0.3406, 0.8634,-2.9353, 1.5932, 2.4473, 3.8238, 2.3799, 3.5634,-2.2116, 1.7675,-1.9793,-2.2902,-4.5644, 3.3597, 4.1297,-2.9849, 4.6374, 1.1241, 0.7498, 2.2857, 2.8443, 2.7743, 0.3871, 1.4411, 2.7671,-4.1415, 2.7227,-3.6376,-1.1071, 0.2718,-1.6552,-2.4107, 1.2057, 1.9217,-4.3804,-1.1986, 3.1198,-1.9691, 0.6281, 1.7758,-1.1708, 1.1315, 4.6710, 1.2835, 2.7536,-3.6812,-1.0845, 1.3479,-2.8332,-3.0961, 3.4206,-0.2366,-0.0956, 2.8011, 2.4096,-1.3294, 3.2128, 3.6358, 3.2250,-3.0920, 2.7147, 2.3646, 3.6430,-0.0430, 1.0035,-1.8195, 0.1685,-3.7290, 3.5331,-2.9822
 2.7913, 2.8891,-0.5902,-3.4306, 4.9129,-3.3488,-1.4524,-4.5021, 2.4792,-3.0489,-2.2965,-3.8930, 0.9344,-2.2596,-2.6783,-1.6804,-4.3014, 1.0089, 1.9373, 3.5938, 0.2730, 4.2421,-4.0674,-1.8066, 3.9462,-4.9220, 0.2325,-1.0875, 2.2822,-1.4892, 2.9131, 4.3939,-2.6160, 3.0367,-3.2741, 2.8209,-0.1358, 1.6534,-1.1576, 3.7695, 2.9971, 4.7454, 0.7822,-1.1613, 2.4591, 1.4574, 0.8459,-3.0758,-3.9872, 4.3727, 1.1396,-4.2965, 0.4619,-2.7893, 1.2489, 0.9190, 2.9033, 2.8539, 1.5024,-3.8109,-0.0297, 0.4812,-3.7628,-2.8103,-2.8281, 1.2264, 3.8523,-1.6110, 4.1277,-0.8839
 3.8846, 1.5001,-0.9113, 4.7595,-3.5463, 3.1010, 4.9427,-4.6012,-2.7707, 4.6697, 0.8333, 2.0110, 3.1856,-4.3082,-2.7898,-2.8045,-1.7151,-4.1538,-2.3174,-0.9349, 4.6454,-1.9443,-4.7060,-2.5215, 3.6817, 1.6038, 1.1275,-3.0028,-4.7783, 1.3252,-3.5444,-0.3508,-0.6293,-2.0448,-3.3785, 4.6490, 0.7759,-4.0812, 0.9417,-0.3053, 4.4924, 1.0338,-1.2022,-2.9936,-1.6362, 1.7628,-0.4554,-2.8812,-4.8510,-3.9931,-0.2776,-2.7353, 4.1552,-3.2880,-1.4828, 1.8947,-3.4812,-0.8336, 1.7502, 4.5055,-2.8806,-3.4922, 1.1412, 0.1973,-1.1036,-2.9299, 1.4609,-1.0050, 3.2962,-0.1110
-3.7202, 2.0612, 0.3816, 4.9758, 4.7702, 2.1459,-2.3552,-1.6495,-0.6508,-2.7684, 4.0160,-1.3549, 1.1411,-3.0237, 4.9706,-2.5194, 0.1553, 3.7290,-3.4017,-3.3379, 0.4780,-3.3951, 3.4389,-0.0804, 4.5465,-0.2330,-0.0660, 3.8820,-3.6984, 4.3203, 4.5307,-3.8421, 2.3869, 1.3732, 0.6558,-1.4398,-0.6563, 3.8943, 2.8716, 2.0830,-2.7041,-2.5899, 1.0366, 3.7266, 4.9261, 1.9615, 4.4996,-3.5844,-2.2427,-1.7474, 2.3652,-1.2976,-3.6563, 2.9151, 1.8274, 1.3010, 3.3260,-4.8004, 0.9600, 1.2420, 4.6124,-4.4358,-3.5962,-2.5392,-0.5817, 0.5208,-4.1108, 4.6702, 2.1795,-3.5012
-0.3639, 0.1068,-1.9075, 3.5139,-1.1595,-2.1361,-3.4450, 4.5338, 3.7200,-2.0639,-4.3984, 1.7426,-4.6537,-1.7623,-1.7807,-2.2945, 2.5685,-3.3844, 1.7769, 1.5520, 1.0830,-0.7134, 0.1944, 1.2972,-1.2132, 0.1196,-4.5899,-4.2173,-4.4063, 0.2301,-3.0134, 4.7849,-3.4881, 2.2118,-3.4966,-0.6598, 4.0308,-3.2827,-0.4201,-3.2090, 3.5259, 3.6152,-1.1987, 4.3002, 0.9398, 4.9938, 1.6993,-0.1957, 1.9245,-2.4142, 0.9254, 2.7492, 3.7198, 3.1605,-2.4548,-3.4793, 0.4629, 0.2736, 2.6990,-4.6976,-4.1680, 0.2826,-0.5694,-2.2963,-2.0519,-0.6152, 4.7461, 3.4419,-2.1257, 2.3859
 1.1827,-3.4211, 2.5190,-2.5957, 0.3777,-3.8651,-2.4387,-2.5959, 4.4829,-4.3025, 3.6385, 0.2454,-0.4623, 1.0922,-2.8140, 3.6174, 3.6491, 3.5804,-1.8612,-3.8941, 3.0745, 2.8017,-0.0686, 1.3212,-0.2390,-3.3006, 3.8594, 0.7122, 4.1707,-2.6354, 1.0909,-1.5541, 4.4153,-1.2795, 3.6175,-1.1593,-2.5641, 4.1600,-1.4722,-4.0050, 4.9336, 3.9287, 1.7100,-1.6184, 3.4898,-0.6752, 2.7703,-0.0811,-1.3738, 2.4944,-2.9593, 0.2960,-4.2400, 0.7119,-3.5062, 4.3238, 0.8395,-1.5344,-1.8163,-2.9875, 0.0277,-1.3924,-0.7727, 0.2516, 0.2336, 4.4235, 0.3516, 2.5691,-3.9820, 1.2182
-4.7436,-4.6218, 4.9383,-4.3642,-2.7795,-3.5420, 0.7023, 3.9662, 0.2779,-2.5174, 0.0061,-3.5037, 2.1504, 3.9757, 3.4818,-0.0431,-2.8366,-1.5660,-2.5124, 1.4992, 2.0406,-1.3080,-4.3403,-4.8634, 3.3525,-2.0252,-3.3774, 3.0491,-3.3161,-4.9379,-4.6992, 2.0102,-4.1514, 0.1766,-0.3976,-3.0490,-0.8797, 0.2555,-3.7980, 2.2736, 4.9159,-4.1327, 2.2338,-1.5171, 4.8032, 1.8891, 3.0832,-2.3487, 3.7381, 0.5612, 1.0444, 3.0848,-2.8364, 2.7080, 3.4853,-3.3398, 3.2743, 2.2034,-3.8280, 1.4193,-4.5819,-1.3002, 4.0319, 4.9851, 3.8012, 1.3853, 3.4474, 2.0341, 2.6577,-3.7646
 4.0711,-3.0993, 4.4920,-0.1688,-4.8058,-3.1663,-3.3394, 4.6944,-2.8232, 4.4127, 1.7714,-2.2745, 3.3727, 3.9600, 2.7710, 2.3443,-2.3608, 0.7686,-0.7877,-3.1034,-1.5071,-2.5730, 3.3623,-4.3912, 3.6176, 2.3619,-1.8032, 2.0053, 1.8759, 0.6341,-0.3115, 3.1948,-2.7513,-0.4577, 1.2698, 1.3893, 1.3665,-4.5685, 1.1811,-1.0983, 1.9944,-2.8068, 2.5452,-4.1609,-2.5891, 4.9256,-4.5517, 3.5179,-4.9674,-3.5129, 3.1840, 3.9157, 3.2239, 3.8732,-3.1137,-4.5957,-1.1196, 2.9426,-0.7832, 0.6846, 1.9188, 0.0397, 4.9937, 3.2713, 2.4821,-0.6936,-2.0426,-1.5245,-4.4234, 1.1476
 4.8847, 3.1330,-4.9514, 3.7576, 2.0455, 2.0931, 0.8996,-2.9397,-3.2888,-2.6355, 4.0359, 2.4071,-1.5410,-2.1046,-3.9987,-4.1480, 4.1000,-2.5587,-0.5142, 1.2682,-4.4062, 2.5410,-3.6044,-3.6157,-0.3986,-4.7900,-1.1234,-1.4165,-2.5306, 1.9572, 4.0427, 1.8934, 4.8105, 1.1919,-4.9816, 4.5143,-1.0721,-4.0138, 1.2127, 1.5200, 0.8579,-2.8389,-3.6766,-2.1786,-4.4344, 4.7900,-4.7305, 2.4539,-0.2187,-4.7634, 0.1521, 4.0963, 3.2042, 4.6971,-2.0490,-2.0123,-0.5701,-2.9158,-1.8454, 2.4998,-1.1081, 3.0564,-2.4397, 4.6555, 4.0379,-2.1818, 2.2045, 2.9826, 1.5713, 2.7170
 1.8465, 3.2371, 1.3081,-0.0041,-2.1052, 3.1990,-4.4004,-4.5805, 1.9377,-1.0666, 3.6732,-2.3049, 1.4516,-2.1334,-0.8601, 4.5052, 4.0532, 2.7049, 1.2887,-4.6140, 3.6831,-4.4608,-1.6234, 4.9722, 0.7378, 2.0740,-0.8795, 1.2395, 2.6259,-2.0569, 3.6556, 3.9157, 0.8164, 4.6124, 1.8242,-1.8102,-4.6465, 0.1889,-2.8795,-0.4757,-3.8582, 0.8078, 4.3645,-2.3104,-4.1729,-2.3883,-1.1092,-3.8445,-3.5743, 2.0263, 2.2558, 3.3571,-3.0364,-3.5495,-3.6873, 0.5082,-0.1653, 0.0841, 0.7450, 2.4233,-1.0973, 1.6051, 3.0312, 0.7761, 1.0452,-1.4631,-0.3732,-0.2516, 3.4073,-3.8789
 4.0829,-4.0072,-1.8947,-0.2636,-3.3134, 4.3518, 0.5542,-2.1141, 0.1520, 1.2267, 1.6697, 2.9368, 3.4487,-1.2130,-4.3005, 1.8808,-3.5522, 2.1520, 2.2154,-0.2733,-4.2948, 1.1356,-3.7200,-1.7486,-1.4112,-4.4645, 2.9418, 4.4426, 4.6106,-2.7981, 2.7428, 0.6342, 1.8679,-1.2825,-3.1176, 2.3914, 4.1858, 2.6823, 3.0322,-2.1088, 0.6009,-2.9720, 3.0200,-1.9950,-0.5388,-3.3852,-3.7901,-0.7899,-4.6654, 3.6116, 3.7805,-2.0649, 2.1222,-0.3361, 1.7552,-2.0416, 1.2064, 4.4227, 1.0713, 1.4502,-0.7462,-2.1718,-2.9154, 0.9876, 2.0076,-4.5756,-4.0597,-4.0070, 4.4520,-2.8065
 2.0470,-2.6300, 2.2274,-3.5755,-3.8555, 4.5918,-1.7896, 1.7862, 3.8462,-1.8201, 4.7951, 4.8150,-2.6410, 2.3900,-0.1767, 2.8125, 1.3870, 2.7911,-3.0759, 3.1778, 2.2201, 2.7573,-0.3397, 2.4517,-4.3196, 4.3308,-3.0860, 2.2586, 4.6944, 1.3805,-4.0207,-4.7281, 3.9157, 2.9699,-2.9980, 1.3824, 2.6921, 0.8016, 4.3887, 2.6196,-2.0072, 3.0349,-4.2084,-2.1740,-1.2162, 2.2667, 2.7312, 2.3297,-3.0999,-1.5480,-0.1229, 1.5245, 1.6050,-1.3599, 1.5361, 4.6240, 2.2836,-0.0313,-3.0888, 3.9397,-4.2733, 2.0706,-4.2876, 4.8649,-3.6881,-4.1020, 2.5732, 1.2965, 3.0863,-2.9391
 3.5036,-2.5653,-3.1489, 4.6519,-2.1288, 4.5087, 1.2770,-4.2001,-2.5036,-4.1443, 0.2986, 0.8060,-1.3250,-2.3162,-1.4480,-2.7933, 1.8321, 4.2325,-0.7477,-1.2100, 1.8388,-2.3015, 0.4404,-2.0645, 0.4633,-3.1138,-2.6612, 3.1982, 2.3203, 4.3182, 1.6487,-2.8895, 2.1150,-2.2579,-0.5414, 4.4529,-1.7549, 1.6589,-1.3881, 3.9556, 0.8862,-2.4880,-0.9678, 0.9741, 0.7277,-1.1960, 4.6949, 3.5318,-1.8439,-2.5511, 1.1448, 3.6275,-0.1433, 0.4823,-3.4828,-0.1553, 0.7005,-2.0115, 1.1162,-3.1451,-0.4033,-2.1034, 1.0057,-1.5494,-2.1698, 1.2539, 4.8063,-0.7270, 4.9518,-0.2921
-4.2005,-2.5536, 4.7035,-4.9809,-4.6225, 4.8000,-0.0923, 4.6391, 0.4127,-2.1489,-0.8323,-2.1902,-4.2234,-4.0517, 0.1000,-4.6267,-2.7441,-3.1847,-3.5326,-4.1977,-0.1073,-2.1575,-2.4175, 1.7817,-1.6737, 4.9659,-3.5824, 0.4317, 1.1159, 3.6060, 0.4078, 3.1521,-0.8103,-3.1919,-0.1303, 3.1678,-2.2880,-0.5551, 3.3964,-3.4430,-3.6417,-2.5337,-2.0900, 3.9882, 0.1685,-4.2116, 0.7193, 1.8117, 1.2002,-0.3559, 0.2342,-4.5301,-2.2649,-0.4563,-4.9315,-2.1385, 4.5889, 1.1336, 1.4825, 2.4245, 3.7015, 1.6312, 2.8588,-3.8834, 0.5497, 3.7914, 3.7828,-2.2978, 4.0460, 0.3565
-1.4345,-3.5542, 0.2106, 2.0444,-4.3666,-1.0972, 0.5231, 4.8222, 0.8584, 1.7728,-3.9785, 2.2358, 4.6404,-2.2242, 2.3053, 1.1851, 3.6706, 2.3108,-3.2437,-4.8675, 2.0555,-1.1913,-3.8717, 3.9517, 1.3582,-1.5851, 4.8533, 1.0802, 4.5419,-2.1095,-2.8760, 1.6879,-1.4189,-4.8742, 4.8616, 1.4152, 1.6137, 4.8766, 0.6466,-4.2328, 1.0236,-4.3860,-1.6114,-2.4266, 0.0687,-0.3073,-1.9906,-3.0629, 4.9162,-1.9951,-3.5522,-1.6191, 3.3001,-4.0450,-0.0310, 1.3002, 0.4777,-1.0732,-2.8333,-3.3258, 3.1516,-2.0702, 3.6389, 4.7250, 1.6672, 3.3527, 0.1147,-3.6532,-1.4244, 0.6082
-4.9654, 2.6007,-0.9987, 0.8471,-4.2591, 0.7905,-0.8207, 0.3468,-4.9225,-0.2417,-2.9792, 3.1306, 3.7498,-2.3868,-3.4113, 2.7586, 4.7504,-2.7117,-1.9448,-1.6724, 4.2502,-4.1259, 2.4936,-3.5759, 2.0614, 2.8276,-1.3981,-4.6990, 1.3062,-4.6947,-2.6588, 1.5509, 1.4350, 1.0431, 2.6076,-3.6431,-3.5345,-4.2454,-4.0485,-4.4714,-0.0611,-3.1897,-1.5531, 1.5961, 4.8791,-4.2068,-4.6806, 2.1254,-2.3947, 1.0380, 3.2833,-3.0798,-4.9357, 2.0253, 1.7516,-0.1166,-2.1231,-3.3395, 0.1598, 3.2613,-2.8792, 3.8304, 1.3106,-3.6974, 1.1110,-2.6750, 0.8002, 3.9160,-3.6434,-2.6265
-2.0778,-3.1420, 1.0085, 4.4530,-4.4867,-4.2608, 0.3384,-4.7603,-3.6710,-0.1632, 4.5463, 2.5721, 4.4599, 2.1987,-1.2287, 0.5578, 1.4000,-4.8111, 2.7168, 2.8684,-1.3248,-2.5700, 3.7021,-4.9803, 4.5614, 3.4011,-2.3300,-1.4892,-3.4009,-1.3026,-0.8670,-3.1096,-1.0976, 1.5771,-2.8683, 3.9432, 1.0242, 3.3553, 2.2450,-1.2079, 1.0329, 2.5988, 0.4725,-0.3886,-3.9893, 3.4697, 0.3285,-2.2672, 1.7250, 4.4689, 3.9005,-4.6839,-4.5928,-0.6764, 4.7195,-3.5936, 4.7712, 1.0806,-1.9550,-1.6688,-1.4885,-4.5741,-1.2810, 4.6662, 1.5685,-4.9930,-4.0825,-4.8579, 2.6180,-3.3947
-0.9289,-2.9801, 0.5171, 3.6408,-4.8223,-1.5784, 2.6321,-2.8005,-4.3666, 4.7781,-1.8217, 1.3516, 1.7774,-0.9622,-3.0752,-3.1503,-4.9788,-4.6923,-1.5960, 0.3175,-2.0351, 4.2022, 1.4235,-3.8921,-1.6462, 3.8144, 2.9216, 4.0874, 1.4010,-1.2211, 4.3061, 2.3211, 4.0986, 0.9748, 1.4465,-1.1588,-2.0383, 0.5537, 0.2370,-4.1852,-1.4000, 0.9223, 2.9483,-2.8416,-4.3948, 0.0054,-4.7135,-4.8569,-4.8530,-1.0935, 4.7055,-4.9755, 0.7878,-1.8999, 2.4793,-0.9986, 2.1171, 4.4132, 3.0312,-4.3953, 0.5712, 0.1593,-4.1312,-3.2884,-1.6608,-0.8391,-3.2911, 3.6596,-3.8343,-2.9302
 0.9986,-2.0699,-0.3517,-1.5253,-4.7351, 4.8037,-2.0903,-2.6558,-1.8062, 1.2913,-4.9649, 0.7101,-3.5505,-3.4892,-3.3912,-3.8992, 4.6138,-0.9200, 2.4351, 0.2477, 1.1864,-4.5500,-1.8709, 0.9185,-0.4979,-2.8286,-2.5727,-4.2768,-0.5661,-2.4539, 1.8810, 1.1369, 4.8142, 0.8401, 3.3160,-2.2465,-1.0547, 3.2155,-2.7152, 1.5827,-3.8816,-2.4038,-3.8244, 4.0626,-0.8287, 3.9068,-1.5386,-2.8705, 3.9885, 3.9230, 1.0965,-3.9709, 0.7474,-3.9493,-2.7944,-4.2456,-0.0224,-1.7872,-4.3816,-3.3188,-1.4531,-4.5838, 3.0458,-3.3467, 1.8753,-3.6044,-2.8321,-2.6590,-0.2229, 2.8644
 3.7544,-3.0154,-2.0459,-3.6170, 0.9540, 2.8243,-1.9152, 0.2250, 3.1166, 4.8070,-0.5701, 0.2666,-2.7124,-3.5515, 4.4087,-3.5054,-0.2823, 0.8140,-1.8550,-3.4647, 1.3819, 1.9788, 2.4340,-4.5838, 2.9535, 4.1967,-2.1583, 3.4263,-0.9416, 2.5863, 1.5844, 2.4116,-1.2788, 2.5421,-0.3608, 2.8446,-3.5081,-4.6426,-0.8431,-1.1380, 0.3439,-3.8235,-0.0858,-0.7783, 0.0627,-4.3482, 0.4824,-2.5168,-0.2541, 3.2129,-4.0214,-1.9622,-3.6987, 3.7978, 2.3417, 3.3248,-0.7413,-2.0394,-0.0990, 4.3257,-2.8756, 1.3417,-1.6469, 0.3408,-1.5960, 4.6788,-2.2570, 4.2486,-4.8797,-4.2795
 4.1401, 0.6441, 3.7719, 4.5566, 0.4623, 1.6663,-0.5230, 1.7520,-4.0941,-1.7203,-4.3666, 2.9530,-0.6138,-4.0819, 2.7211, 1.8789, 0.8002, 0.5419, 2.1296,-4.4765, 4.0178,-2.2526, 2.4740, 0.1814, 3.2303,-4.2370, 1.0285, 1.7653, 1.9448,-1.4625,-1.8937, 0.8913,-2.3516,-2.2396, 4.6407,-4.2816,-4.7286, 2.6856,-4.7865,-2.5138, 4.1671,-0.9709,-2.1458, 4.0672, 0.3552, 0.3709, 2.2332,-3.1072,-4.2752,-0.1523,-4.1708,-4.5454,-4.7843,-2.9480,-4.9160, 2.1363,-0.9557,-4.1627,-2.2867, 0.4713, 1.9273,-0.2348, 2.0054,-4.5153, 2.4485,-2.9806, 2.7339, 1.8685, 4.4668, 2.7433
 2.3464,-1.2374,-0.1516, 3.7263,-1.8659,-2.5350,-4.7151, 3.5084,-4.8330, 1.8869,-1.9709,-3.9767, 2.7646,-2.7721, 1.3115, 1.1706, 0.5291,-4.2967,-4.1387,-1.2448,-4.3162,-0.2467,-3.3473,-0.4074, 3.2276, 0.7448, 1.1941,-0.5811, 4.1470,-0.2767, 2.0061,-0.7123,-3.8917,-1.1104, 1.1662,-1.1829, 4.9720,-0.2157, 4.6436, 1.2564, 2.3428, 0.2298,-1.9455, 1.7446,-4.7264,-2.1896, 2.5835, 2.8971,-0.6010, 3.2134, 0.1425,-1.4368, 4.0489, 4.5290,-2.5195, 0.1968, 1.3168,-0.3420,-2.5296,-1.4449,-3.3269, 0.8647,-1.1144,-3.3415,-2.3978, 0.6408, 3.5102, 2.9539,-0.4357, 0.0419
-2.4314,-0.8757, 1.4911,-4.5952, 4.3617,-0.0050, 2.3983,-4.6286, 0.5343, 2.2370, 0.9319, 2.9355,-0.8429, 2.6196,-0.8037, 4.9190,-4.2743, 2.1880,-2.8143,-4.7351,-2.6914, 1.5560, 0.8246,-0.6240,-2.3426,-1.4174,-1.4617,-0.9817, 3.3578, 0.8756,-3.5479, 2.3648, 4.3477,-2.2145,-4.6729,-1.9116,-4.4559,-3.8489,-0.9807, 2.1581, 1.7866,-1.9685, 2.3430, 1.3448,-1.6918,-1.5907, 1.5860, 2.7380, 3.2721,-3.8729,-4.7426,-0.7206, 3.0142, 4.2649, 3.8184, 3.0816, 4.1612,-0.0336,-0.2486, 1.7919, 2.4404, 1.6742,-1.6201,-3.8340,-2.2677, 2.6039, 2.9952, 4.0170, 1.4622,-0.9502
-1.7171,-0.7827, 4.6437,-2.6215, 2.5842, 4.3325,-2.8306, 2.4522,-3.6791,-4.4806, 2.7535,-3.0387,-3.1227,-4.7730,-0.2855,-4.0522, 2.2645,-2.8879,-0.5331, 3.7453,-4.7846,-4.5260, 0.0270,-3.1459, 1.2925,-0.2666, 2.7926, 3.0301, 3.1482, 2.7781, 4.9518, 3.7140,-2.7389, 0.8049, 2.2216, 0.4185, 3.4823,-3.1861, 3.8586,-0.1327, 4.8250, 2.6048, 3.5580,-3.2255, 4.4932, 2.7746,-0.2775, 1.6009, 1.8108, 4.7453, 3.5255,-1.6358,-4.8207, 3.5080, 4.5236, 2.3446, 4.3248,-3.9699, 1.0281,-0.6418,-1.9626, 0.4274,-3.0511, 4.5356, 3.4372,-4.4824, 2.5259, 3.9534,-0.5672,-4.2633
-2.9490,-1.6642, 4.1148,-3.1220,-4.0655, 1.4648,-3.7510,-3.3701,-0.0004,-4.3055, 3.2922,-3.9783, 3.4631, 0.0587,-3.9943, 1.4365,-0.7281, 0.4645,-0.4804, 4.8660,-2.0648,-1.6873, 1.6211, 4.4666,-3.9680, 4.0470, 4.7889, 4.7569, 0.2378, 3.7360,-4.6723, 0.9620,-2.4295,-3.8140,-3.7774,-3.4338,-3.3726,-4.1364, 1.9964, 2.3595,-3.8642, 4.2861,-0.1363, 4.1090, 4.4408,-0.8488,-3.9617,-2.9035, 0.5270,-2.1796,-2.5933, 0.7040,-1.8573, 1.2397, 2.8006,-0.4200,-3.4220, 2.3716,-1.2818,-2.3419,-3.0983, 2.5669, 2.0424, 2.3532, 4.2664,-1.8370, 2.8668, 1.7323, 2.3814,-3.6703
 3.6091,-0.9189, 4.5147, 0.4686,-1.1437,-4.5502, 4.0771, 3.5361,-1.3687,-2.1904, 4.9538, 4.8539,-3.3597, 4.9506, 3.2563,-1.7065,-2.0104,-3.2648,-3.0355, 0.4779, 2.4169, 4.7785,-2.5452,-1.5664,-0.5850, 3.3666,-4.8420, 4.4923, 1.9310, 4.3509,-4.5815, 1.6152,-4.7486,-0.2288, 2.4572,-0.0227, 4.2837, 3.7037,-0.7714,-1.8283, 0.2075,-4.3713, 2.4095, 4.7816,-2.2461,-3.2252, 3.9249, 2.9738,-0.9549, 1.3257,-1.6108, 1.7125, 0.3044,-2.3405,-3.0795, 2.1002,-2.6809, 3.5700, 4.3493,-1.5304,-4.0576,-0.6335, 1.1185,-3.1686, 1.3150,-4.9899,-4.7737,-0.1254,-2.1618,-4.4184
-4.4253,-2.3624, 4.3602,-1.3564,-3.8202, 3.7560,-4.6630,-0.3974,-1.3279,-4.9830,-3.6311,-1.1250,-2.5444,-3.4731,-1.8342, 0.7661, 3.1445,-3.2629,-4.1819,-4.5336,-0.1291,-2.4827,-3.1134, 3.5610,-1.3722,-2.0331, 0.3961, 4.5141,-2.3629,-2.8649, 4.9885, 0.4475, 4.2844,-0.7870, 4.1862, 4.7088, 4.2625, 1.1160, 3.5229, 4.3471,-3.0452, 1.3554, 2.0816,-2.6047, 3.3265, 1.9578,-4.0774,-4.1096,-1.3945, 4.1773, 3.9763,-2.4000, 0.5008,-4.2148,-0.7513, 3.7700, 0.7455,-1.3213, 1.5407, 0.4854,-2.1976,-0.2855, 0.7317,-4.1666, 2.7255, 2.5960,-0.9951,-2.6950,-2.2408, 4.1379
-0.9519,-1.0981,-1.2050,-2.2991, 3.9468, 2.8732, 1.2220,-3.5919,-1.0527,-4.9227,-4.3211, 0.9905, 0.5436, 1.0969,-0.2624,-2.9653, 2.1412,-1.6711, 2.9901, 3.1487, 1.1329,-0.4742, 0.4590,-4.9617, 2.4217, 3.3055, 4.8815, 0.2594,-2.1372, 2.4314,-2.2055,-2.8475,-3.4523,-0.6984,-1.0305,-3.3242, 4.7561,-3.3889,-2.2717, 0.3506,-3.5741,-1.0785,-4.2310,-4.2808, 0.5323,-3.3194,-4.2684, 4.7681, 1.8363,-0.4172, 4.8421, 4.2647, 2.7293,-2.4240,-1.9823, 0.0079,-3.3521, 4.8504,-2.2133,-4.9559, 4.8697, 0.3009,-2.0347, 1.5129, 3.8407,-1.8750,-3.8659, 4.6505, 4.2815,-4.7805
-4.9049,-3.2219, 2.3579, 1.5095,-4.1042,-0.8987,-1.8702, 1.5130, 0.8552, 0.2326,-1.2430,-2.1908,-4.8761, 4.2128, 0.0289,-2.1142, 1.7773,-3.3235,-4.8500, 2.5228, 1.1844,-1.5351,-3.3726, 0.2782, 0.6844, 1.2752, 3.3303,-1.6459,-4.6511, 2.4626, 4.5418, 0.4768, 0.7968,-3.8800, 3.9242,-4.6419,-1.9185,-3.9522, 0.3032, 4.8526, 3.4523,-0.6535, 0.0830, 3.0353, 4.1822, 4.7522, 1.3009,-1.2673,-0.6182, 4.2936, 2.2081, 4.4159, 0.7919,-3.2718, 1.0223,-3.9550,-0.1703,-2.0709, 3.7386,-2.8236, 3.8885, 2.3196,-1.2532, 2.7501, 1.6528, 1.9381, 1.2735,-2.8165, 0.8584,-3.2169
-2.4606,-4.3816,-1.6837,-0.8712, 0.6831,-1.5371,-1.2384, 4.6015, 0.2214,-0.2227,-2.8828,-2.0108,-1.0643, 1.6418, 1.2975,-4.9650,-4.1179, 0.9856,-2.6872, 2.4888, 0.5845, 3.2176, 2.0517,-2.2621, 3.0534,-2.6220, 2.8210,-0.3296,-0.0680, 3.5447,-0.3534,-1.6593,-1.6301,-3.4076,-0.0273, 2.5523, 2.7195,-0.0051,-3.5274, 2.9006, 4.2718, 3.5527,-2.4382, 4.3279, 1.9303,-1.2572, 3.0781, 1.2379, 4.7666,-1.7899, 1.6154,-0.3126,-2.0735,-0.8338, 3.5954,-0.1289,-2.9413, 3.6487,-2.5605,-3.2766,-4.4508, 0.1937, 3.5410,-2.1159,-2.8075, 1.5593, 2.3970,-0.9472,-3.4066, 4.1145
 2.2181, 1.7099,-3.1829, 3.3724, 0.5531, 0.2865, 2.3222, 2.7999, 1.9050, 3.7678,-4.4412, 4.7312,-1.6921,-0.9699, 4.2310,-1.3699,-4.7947, 0.9803, 2.4881, 4.0339,-3.3538,-2.6649,-4.8526, 3.0027,-4.5291, 3.5388, 3.3901,-2.5539, 4.0983, 0.9570,-1.0952,-2.0425,-0.8358,-2.8304,-2.3253, 4.5850, 4.9644, 2.6343, 0.0920,-0.4658,-4.8215,-3.4277,-0.1898, 4.8183,-1.7273,-0.0980, 3.8413,-3.4687, 0.2731,-1.5292, 1.8936,-1.7652,-1.0898,-4.3049, 3.9663, 1.4419,-3.5421,-0.2651,-2.9085, 4.4151, 4.5088, 2.3434, 3.4826, 1.6956,-1.4197, 3.4741, 1.8318,-2.6253, 1.7279,-0.0798
 0.2524,-1.6917, 2.7298,-1.1176,-2.8765, 1.0622,-0.4489,-1.8501, 2.0704,-0.2136, 0.9239,-3.3359, 0.9895,-4.0012, 4.7126, 2.3773,-0.6509,-4.4638, 3.7868, 3.1742, 3.0827, 3.0008, 0.0451, 3.0313,-0.6594, 2.1892, 1.0227,-1.6444, 0.6991, 4.1641, 2.4698, 1.1410, 2.5395, 1.9662, 3.2007, 0.2409,-3.6859, 1.4120,-0.0751, 3.5589, 0.6343,-3.6711,-4.1931,-2.3040,-4.3451, 4.5503, 3.6410,-2.3168,-1.1891, 0.9622,-2.9777, 2.7448, 2.3367, 3.6861, 0.2515,-3.7137,-1.7870, 4.7805,-2.0018,-4.6746, 0.8144, 4.6119,-3.3178, 2.3860, 4.3062, 0.2960,-4.3760, 2.9798, 2.0158,-2.6736
-3.5111,-3.8987,-0.9622, 4.6288,-0.9275, 3.9234, 3.3140, 2.1227, 4.4852,-2.8250,-1.6624,-0.2262, 3.2937, 3.8945, 0.2264, 4.2488, 2.2900,-0.6816,-2.1563,-0.5744,-0.2363,-4.8556,-2.1760, 2.3146, 2.3142, 4.2203, 4.3272, 3.3407, 3.5514,-2.1299,-0.5940, 1.5001, 3.5654, 3.8692, 2.5648, 1.4504,-1.4887,-1.9515,-2.5465, 4.4458, 3.9905,-3.6598,-0.2220,-4.6689,-4.0881,-2.3685,-4.3539, 2.0874, 4.5832, 4.0064, 1.5619, 1.6817, 3.3518, 4.1915,-1.0181,-0.8660,-2.1782, 2.4217, 0.5206, 1.5679, 4.2603, 3.5992,-0.3787, 0.9400, 0.7392, 1.9444, 4.2839, 4.4163, 4.3450, 1.4966
 4.7795,-0.1920, 3.5820, 0.2631,-0.9362,-2.8940,-0.7716,-0.0381, 2.1214, 0.2794,-2.1404, 3.4049, 1.0269,-2.5113, 1.6879, 0.0698,-4.3712,-1.1333,-1.2810,-2.0384,-1.5805, 4.8438,-3.1977,-3.2281, 2.1099, 4.5860, 2.0394,-1.3554, 4.3281, 2.3356, 0.8127,-4.7028, 0.9153, 2.6034, 1.7647,-4.0421, 2.0793,-4.7493,-0.7034, 2.6820, 3.3044, 0.4845, 1.0095, 2.0546,-1.8408, 2.8434,-4.4244, 1.5213, 3.9450,-4.9712, 0.2869, 4.9339,-2.1318,-3.7689,-2.5515, 1.7818,-1.6695, 1.6974,-0.2376, 2.7772,-2.4318,-0.1066,-1.6123,-2.2665, 2.9867, 0.2054,-3.7611, 2.5147,-2.1244, 1.3380
 1.4406, 1.3591, 1.2510, 2.9625, 4.0180,-0.5862,-3.2458, 1.0392, 2.0226,-4.0724, 4.3599,-4.9538, 4.6949, 4.1091,-0.6306,-2.9401,-0.0854,-2.6573, 2.0843, 4.7108,-1.3655, 1.5666,-0.1647, 0.2558, 3.9196,-2.8150,-2.5842, 1.9919, 2.1026, 1.0259, 0.9566, 2.7353, 0.3647,-0.7385, 0.8212, 0.2854,-1.5128,-3.6281, 4.5924, 3.7229, 1.8453, 0.0225, 0.9946, 0.4405, 2.0064,-2.0713,-0.9193, 3.2557, 2.1173,-3.8129, 1.3703,-0.8156, 1.9825,-4.0667,-2.5430, 0.6301, 1.8419,-2.1342, 4.4386,-4.3103,-3.9355,-2.6465, 1.0604, 3.5051, 1.9706, 0.8491,-0.0334,-2.8079, 2.8430, 0.6184
 3.9820, 4.1333, 4.7401, 3.3053, 1.3493,-4.9879, 1.0325, 1.5123,-0.0622, 3.2384,-3.2127,-2.0963,-3.5228, 3.4981, 2.8185, 4.0997, 4.5730, 3.0183,-0.0307, 2.9110,-2.8746,-2.9598, 0.3933,-0.7180, 3.0041, 2.2942,-2.0552,-4.7985, 1.1045,-2.5554, 1.7824,-0.0508, 4.7992, 4.1318,-1.2653,-0.6418,-2.2673, 4.3244,-2.2260,-0.8931, 1.5931,-2.3435, 0.5400,-4.2510, 1.9924, 4.3283,-0.9757, 2.7921,-3.3675,-0.1601,-2.4147,-2.7722, 1.4618, 2.6901, 1.8946,-1.3363,-2.6400,-4.0208, 1.9054,-0.0812, 3.5853, 4.9086, 0.0265,-1.1434, 3.5032,-1.2947, 1.0176,-2.4107,-2.8957, 0.5604
 0.2997,-3.4319, 4.4152,-0.8665, 0.1422, 3.3646, 1.5019, 4.9080, 1.2157, 1.3865,-3.6402, 2.9293,-4.5613, 2.1219, 0.5924,-2.8152, 2.4956, 1.8944, 4.3149,-1.7250,-2.1872, 2.7965,-4.8264,-3.6211,-3.2878,-0.6065,-3.1329, 1.2275,-1.1201,-3.4331, 4.4166,-2.0661,-1.8630, 4.1586, 2.7747,-0.3738, 2.3860,-0.8945, 4.9057, 4.1426,-2.8343,-3.9147,-2.6601, 2.9099, 2.9244,-1.6425, 1.2645,-2.9630, 4.4271,-0.0911, 1.3524, 0.3582,-1.0224,-1.9591,-0.5466, 0.0747, 1.8937,-0.6184, 2.2420,-4.3212, 1.2237,-4.4480, 0.2871,-3.9423,-3.0446,-2.5557, 3.8041,-0.8150,-0.1427,-4.5403
 4.8519, 2.2671, 0.2694,-3.6243, 0.8565, 0.2331,-3.8525,-4.6677,-1.6847,-2.5120,-2.3812,-4.7442,-3.9169,-0.6053, 1.1504,-4.2745,-3.4292,-3.7960,-4.9095,-4.1043,-1.7949,-4.2483, 4.3406, 2.9633, 1.1703,-0.2847, 2.3203,-1.3259,-1.9307,-1.5864,-3.4595, 2.8946,-1.4464, 2.4655,-0.7364,-2.9445, 0.7103, 2.9581, 3.9429, 4.2223,-1.3576,-0.8114,-2.2513,-2.0926,-3.0663,-1.0521,-4.8820, 3.7184,-0.9748, 2.1857,-2.3924, 3.5232,-1.5679,-3.1363,-1.9288, 4.5152,-3.3233, 3.9038,-1.3541, 0.9110,-2.2895, 2.0459,-4.4416,-2.5640, 4.9284,-4.1522,-2.0759,-0.8836,-4.0443,-0.0525
-3.9340, 1.8941,-1.5314,-2.9226,-4.2178,-2.5526,-0.2521, 0.4333, 4.0672, 0.6635,-4.6921,-3.3029, 2.8660, 1.8136, 4.4094, 2.0863, 0.8994, 4.0773, 1.7431,-3.4045, 4.7681, 4.3785,-3.0017, 3.3701,-1.7199, 1.1333,-3.8698,-0.2707, 1.4796, 2.0833,-1.1420,-0.9143,-1.7751,-2.1394,-1.0404, 3.3081, 1.9164, 3.5178, 2.1186, 0.8610,-4.0918, 1.9488, 4.9893,-3.9164, 2.7686,-2.8637,-2.8241, 2.7523, 0.9528,-3.5412,-1.2313, 1.3370,-4.6171,-1.2162, 0.8258,-1.6452, 3.9827, 1.2400, 3.0002, 4.1272,-1.5263, 3.3133, 1.3234,-3.9147, 4.0351,-4.2373,-1.3767, 3.1310,-2.1758,-4.7217
-4.2064,-4.4511, 2.2591,-2.4045, 4.4908, 0.3346,-1.9978, 0.7723, 4.0223, 4.7989, 1.9083,-3.3505,-1.8925, 3.8239, 2.2726, 2.4777,-0.7626, 4.0702, 0.8434,-2.6279, 2.9106, 2.6945,-2.1840,-4.4193, 1.0658, 1.4599, 1.6455, 1.0769, 3.7878,-3.0392, 0.6775,-2.9889, 3.2852, 2.7783,-3.7292,-2.1719, 2.8162, 4.3931,-4.6732, 1.0782,-3.6832,-4.5041, 4.2357,-0.2058,-0.1690, 1.4811, 3.5928,-3.8672, 1.7009,-1.7045,-0.2048, 1.0072,-3.3388, 0.9358,-1.2885, 2.9628, 1.8761, 1.0793,-3.0097,-2.5259, 2.8017, 3.9723, 4.7799,-1.3712, 0.5645,-4.8850,-1.5698,-2.0167,-2.6501,-1.3147
-4.5806, 1.9917,-2.2911, 1.2267,-4.3527, 1.4791,-4.1440, 1.6266, 3.4133,-1.4123, 0.8075, 4.7561,-0.6605, 1.6780,-1.5932,-1.7664,-3.4160,-2.4194, 4.1504, 2.4891, 3.4026,-3.9163,-3.1310,-3.0784,-2.7731, 1.9704, 1.3805,-2.7650, 4.0194, 3.4370, 4.1275,-2.5273, 4.8892,-3.8537, 4.9611,-0.7108, 0.4421, 4.9782,-3.7603, 1.6248, 4.8568,-4.5261, 0.2458,-1.9010,-4.2188, 1.0902,-1.5943,-1.5203, 3.1055, 3.5487, 4.5878, 1.3562, 1.6360,-2.5055, 2.7129,-4.6905,-0.1782,-2.8822,-1.0233, 1.1527, 0.1888,-3.8130, 0.5502, 2.3834,-2.2395,-4.6328, 0.5597,-0.1104, 3.2702, 3.7061
-2.2072,-4.2450,-0.5987,-3.5363,-3.4419, 0.6079, 1.8247,-0.9504,-1.2766,-2.4832,-4.9279,-0.4400,-0.1863,-3.9497, 1.6798,-4.4888, 3.2781,-0.2652, 2.4445, 4.3196,-3.1514, 4.1785,-3.0278,-1.4227, 0.9026,-1.6887,-4.4598, 2.9821,-4.0976, 4.2814,-4.0266, 1.0401,-0.5768,-3.8661,-2.6145, 2.6492, 0.1283,-3.4239, 0.7015, 4.8622, 2.3401, 2.7212, 2.0664,-3.4084, 1.4435, 3.9130,-3.9652,-0.7300, 3.8122, 2.7599,-1.0565,-4.7571, 3.6041,-3.4129, 3.0283,-4.7166,-0.7044, 3.2824, 0.5002,-4.2646,-1.3901,-2.1113, 2.7456,-1.9356,-3.9747, 2.2286,-3.5215, 4.2017, 4.9066, 3.2248
 3.8345,-4.0423, 4.4891,-0.1410, 0.4664,-2.3800, 0.8752, 3.5480,-2.7469,-4.4248, 3.4135,-0.9284, 3.3655, 4.9625,-3.6047,-2.3729, 4.4637, 0.8462,-2.5649,-3.3638,-4.2825,-4.2024, 1.4643, 2.4069, 0.8893,-2.5513, 4.1499,-0.7535, 2.4606,-4.4356,-1.3000, 0.7682, 2.8117,-3.5141,-0.4238,-3.8769,-4.1034,-0.2422, 4.1312,-4.8385,-3.3590, 0.3045, 3.7793, 0.4343, 2.1931, 0.5035,-2.1077,-2.8356, 2.9095,-4.4711,-1.0057, 0.2630, 3.8903, 4.9104,-0.3514,-2.4166,-1.8961, 1.1284, 0.6746,-2.0556, 0.3157, 3.4914, 3.0033, 2.9890, 4.1909,-0.3709, 2.5966,-2.8446,-0.0314, 3.1253
 2.7235, 0.9035, 0.5497, 0.6491,-3.8767,-2.8263,-1.7579,-4.8806, 2.4796, 1.6613,-4.9005, 3.9498,-4.9357, 1.6210,-1.8020,-1.6058, 4.0286,-2.6989, 3.5675,-0.8661, 2.5903,-4.2869,-0.9179,-4.9509,-2.1142, 4.0591,-0.9122, 1.6589,-3.7125, 4.5375, 2.0643, 1.1961,-4.3949,-4.5563, 4.4420, 0.9663,-4.2906, 3.1838, 0.2054,-1.3649, 3.4592, 0.7971,-4.4761, 0.9759, 2.8572, 1.6415,-0.8038, 1.2241, 3.0975, 4.6246, 0.2701, 1.1664,-2.3507, 3.7519,-1.3370,-2.9274, 2.2685,-2.8781,-4.3782,-2.3314,-0.7172, 0.9218,-3.6833, 4.3481, 1.9181,-2.2499, 4.6747,-1.2748, 4.8217,-4.6084
 1.8409,-0.3591,-2.2893, 4.4925,-0.7016, 4.4283,-0.9962, 2.0062,-4.5949, 2.3538,-1.4290, 1.9995,-2.6207,-2.8061, 1.7519, 2.3835, 3.2538, 4.2645,-4.8339,-2.4554, 0.2384,-3.2862,-4.9518, 0.1951,-2.0983,-4.1182, 0.6022, 0.0487, 1.1373, 3.4185,-4.9595,-1.7588,-0.8496,-4.3514,-4.4345,-3.4294,-1.0781, 1.3755, 0.9364,-1.9306, 2.1295, 1.3383,-3.2792,-1.5053,-2.0581,-3.2533,-4.7790, 4.9695, 4.2199, 0.8126,-1.2631,-1.8887, 2.7588,-1.6104,-2.4270, 3.7825, 1.3125, 4.1028,-0.5218,-1.1660, 3.0953, 3.1184,-2.7855, 0.3098, 3.7430, 3.1656,-3.0873,-4.9274,-3.8113, 4.9645
-3.5644, 1.9324, 3.0323,-2.4516,-2.6144,-4.7089, 2.1691,-0.3684, 2.1608, 1.0111, 2.2329,-1.5774, 0.9529,-4.7755,-4.2476,-4.3851,-2.3257, 4.6706, 1.5818, 4.2396,-1.8332, 2.9072,-0.3357,-1.8457,-2.3717, 4.2143, 2.1277, 4.2431, 4.1860,-1.7161, 0.2442, 3.3121,-3.7230, 1.4099, 2.4493, 4.8201,-4.4178, 0.0807, 1.4672, 2.8706, 2.7239,-3.5323,-4.1533,-0.3296,-3.3023,-3.8964,-1.9591, 2.3406,-4.8275, 2.2495,-1.2936, 2.3198,-1.9564, 3.1011, 3.7319,-2.0208,-1.9407, 3.8689, 0.3339, 3.4893,-2.6354, 1.0584, 0.1169, 1.5587, 4.8701,-2.0809,-0.1077,-0.5065, 2.3788, 0.6685
-1.3013, 3.4143,-0.3108, 3.3986, 3.1669, 4.8717, 1.0297,-2.2021, 0.9020,-4.4986,-1.0749, 4.4812,-3.8204,-2.0101, 3.3559,-0.4839,-0.4831,-0.9070, 4.0919, 2.3552, 3.9628, 4.2778, 1.9737, 0.6997,-1.5144, 4.2367, 0.0362, 2.5379, 2.3433,-3.9267,-4.0014,-2.2443, 4.3070, 2.6627, 4.0531,-1.0396,-4.4539, 1.7687,-3.3182, 0.1351, 4.1539,-3.5968,-2.6540, 1.9756,-4.6830,-4.5587, 1.5831, 2.8141, 1.1689,-4.3274,-1.6072, 0.6207, 4.4797, 1.1713,-3.6476, 2.0713, 0.1814, 1.0785, 0.4820, 4.4312,-1.3552,-1.5607, 0.9861, 2.6504,-4.7134, 3.9487,-0.4787, 4.1396,-2.4764,-1.3236
 1.4408, 0.5601, 3.6464, 0.7197,-2.9631, 1.9658, 1.7267, 0.7332,-3.5976, 3.1124, 2.9440, 1.4608, 3.1721,-2.1363,-4.9563,-0.7376, 4.8204,-0.8286,-0.5070, 1.9602, 0.6382, 1.3046, 4.8774,-1.4571,-2.2735,-0.7234,-1.9805, 1.6208, 1.8977,-3.0109,-3.2938, 2.1523,-0.2910,-2.6474,-4.5384, 0.2488,-0.2256, 3.0814,-1.0796, 0.6236, 1.2686, 0.8912,-4.9787,-3.9184,-4.7490, 1.7664, 3.4776,-4.1399, 2.1617, 2.8416,-4.3184, 3.9219, 0.1008,-2.1509, 4.8096, 2.6328,-3.7800,-0.8638,-2.1050, 4.0624,-1.0386, 2.6786,-3.3761, 2.0478, 1.2798, 2.0949,-2.9859,-3.3319, 4.6821, 4.8615
 1.2865, 4.6017,-4.7156,-2.9810, 1.8763,-0.5754, 4.4918, 3.2069, 1.5365,-2.4337, 4.8852,-1.4323, 2.1424, 4.6679, 3.6432, 0.7608,-0.8895, 4.1694, 0.2556, 3.0897, 3.4876, 1.5740, 1.7029, 0.3935, 2.3924, 0.0175, 1.1841, 3.7152, 2.0488, 1.4241, 2.1046,-2.6087, 4.3917, 3.7001,-1.8987,-1.0766, 4.4549, 1.1166,-2.7347, 3.9030,-0.3579,-2.5241, 1.9085,-0.8325,-0.5457,-1.3539, 2.5369,-3.7106, 1.8064,-0.4140, 0.4839,-0.5526,-3.7904,-2.5955,-0.6041, 4.9627, 0.3752, 4.1701, 3.7624, 4.0752,-3.0292, 1.0016, 1.6958,-3.5937,-1.1863,-4.6914, 1.1703, 1.1053, 3.5143, 2.3893
 3.9958, 3.7257, 1.1430, 1.5344,-3.7325,-2.9322,-4.4277,-2.5179, 4.8764,-2.9972, 4.7216,-2.7416, 4.8391, 1.5702,-2.7995,-2.9870, 0.1928,-1.5982, 4.9761,-4.9110, 3.3095, 4.6601,-4.2868, 3.2176, 0.1355, 3.8047, 3.2089, 4.3101,-0.2931,-1.6012,-0.6801, 0.7478, 4.8953, 4.5484, 0.6916,-1.0804,-4.1021,-2.3985,-3.8551,-0.3098, 4.0442,-1.7466, 2.7165,-2.3409, 3.4193,-0.3524,-2.3989,-2.8155,-3.5389,-4.0600,-0.3572,-2.6008,-0.3319, 0.1661, 1.2544, 1.8273,-2.1908,-0.7688, 2.8496,-0.0925, 0.5269,-2.0709,-0.9168,-4.2354, 2.9025, 4.3455,-0.0803,-2.7111, 1.9956,-0.7207
 3.4784, 3.6534, 4.1648,-4.4847, 2.0387,-2.4387, 2.2632,-1.0295,-1.2074,-4.6196, 0.0007,-1.1516,-3.4519,-0.0391,-4.7825,-2.8807,-2.1699, 1.1266,-1.2952,-4.9356,-1.5864,-4.6147,-0.8308, 1.4462,-3.7330,-4.0077,-0.8870,-2.2910,-4.9451,-1.2403,-2.7802, 2.6887,-3.1670,-2.7304, 4.4868,-1.0315,-1.3129,-3.6468, 0.6636,-2.6710,-4.7217, 2.4473, 1.4117, 4.1927,-3.7102, 1.2116,-2.9852, 0.2972,-3.7581,-4.0402,-2.4118, 4.6445, 3.2065, 1.8249, 1.5924, 2.6493, 3.9115,-3.4375,-4.2865, 4.6884, 2.9418, 2.6688,-4.8031,-0.7869, 3.8394, 2.0280,-3.1064, 3.9203, 1.5819, 3.6840
 2.0950, 0.0656, 4.1792,-1.5189, 0.3991,-1.1360,-3.4340,-4.3665, 4.0567, 0.2098, 4.5280,-0.5581,-4.6572,-2.0384, 3.5730, 4.3062, 2.4965, 1.4567, 3.1667, 2.3294,-0.9014, 0.8479, 0.5495,-3.2026, 3.2714, 4.9075, 1.9650,-2.1753, 0.0931, 4.1329, 4.7558, 3.1748, 0.4804, 2.5773, 3.4896, 1.0368,-0.9087, 4.0111,-0.0912,-3.5476, 0.9371,-1.3347,-3.2209,-3.5918, 4.7146, 0.6942,-1.1911, 1.0019,-1.0932, 4.0766,-1.0132, 0.2092,-0.4109, 1.1372, 1.8239, 0.0932, 2.2634, 3.5037, 3.5977, 0.7207, 3.5404,-4.1517,-3.9408,-0.3007, 4.8525, 1.1513, 1.6439, 3.9192, 2.4445,-1.1761
 0.7955,-4.1806, 4.6297, 3.4646, 1.3680, 1.1134,-1.7439, 3.4371,-2.5079, 2.8265,-1.2376, 1.7117, 0.6421,-2.7444,-1.6709, 3.9483, 3.1114,-3.6018, 2.9278, 0.8026,-2.8873, 0.5058,-1.1291, 4.8428,-4.3873,-0.7823, 1.0004,-1.4331, 0.4088, 0.8472,-4.6202,-4.2563, 2.9183,-0.9503,-4.5290, 2.0923,-0.3940,-3.6827, 4.3828,-0.9171, 3.1827, 0.7315, 2.7585,-3.5040, 2.3336,-2.2310, 0.2383,-0.6454, 4.0571,-3.3731,-0.1147,-2.9555,-0.3624, 1.2701, 1.5696, 2.7160, 0.8384, 3.8269,-1.6104,-0.1214,-1.1577, 2.8068, 3.9888, 2.7833,-2.5036,-1.4026, 1.4694,-1.0824,-4.2947,-4.8011
 2.6542,-3.6252, 0.8708, 3.2376, 3.1831,-0.1456,-4.6013, 2.8341,-1.5332,-0.3376, 0.6694, 1.2454,-2.0328,-3.1231,-1.8987,-2.8475,-4.7086,-2.1288, 2.8813, 0.9519, 4.1695,-2.6015,-1.6749, 4.7514,-4.0249, 4.9995, 1.0919, 1.2495,-1.5034,-1.8783,-4.2101, 4.8449,-3.1941, 4.6874, 0.9717, 4.2834,-2.6377,-2.8032, 2.5278, 2.2110,-4.4035,-4.5295, 2.7030, 3.3826, 0.1647,-4.4009, 1.8940,-2.2684, 0.9551,-0.1376, 1.1301,-1.2188, 1.8445, 4.8600,-1.0396,-1.2521, 1.0327, 4.3709, 4.2592,-1.0364, 0.3933,-3.6988, 2.2889,-2.6132,-0.7533,-2.1187,-1.9440, 2.4960, 2.7017,-2.6275
-2.3265,-4.3096, 2.1216,-1.1577,-2.8482, 1.0245,-0.3921,-1.1829,-2.5865,-0.6462,-1.3463, 2.3739, 2.5520,-0.7660, 0.7993,-4.6624,-0.4320, 0.7087,-1.9216,-4.9780, 0.0776,-4.1525,-2.8317, 0.5270,-1.0417, 4.2423,-2.6084, 2.0885,-2.9732, 2.4224, 2.9867, 1.0960,-4.4455,-0.8007, 0.3327, 3.3636,-1.5486, 2.3758,-4.8833,-4.8320, 4.5331,-4.5258, 3.0209,-3.7094, 2.4331, 1.8437, 0.6530,-0.8011,-3.7343,-0.1952, 1.6589,-3.9063, 1.0355, 1.4688,-1.9637, 1.4394, 0.8291,-2.8704,-0.6994, 0.6136, 2.0291,-0.1247, 3.1146, 3.2826,-2.9547, 3.7163,-2.6227,-0.5502, 1.8388, 0.3664
 1.9584, 2.3811, 0.4963,-1.1964,-0.8978,-3.6411,-2.5274, 0.9736,-1.6922,-1.2453,-0.0309, 0.1887,-0.4652, 2.5129,-0.7727, 3.6055, 2.2144,-2.3391,-2.3378,-3.5726, 2.9474, 0.2958, 4.0929,-3.2352, 2.4432, 1.8396,-2.1443, 4.4742,-3.8065,-2.2861,-1.2818, 1.1324,-3.6043, 2.0901, 4.9478,-0.3761,-0.3925, 1.3476,-2.9967,-4.5233, 2.7839,-2.7140, 1.7708,-0.1733,-3.9207, 3.1528,-2.0585, 3.5168, 2.6150, 3.8388,-4.4929,-1.1544, 1.7127,-1.5433,-2.0590, 0.3918, 2.9015, 1.6318,-4.9003,-0.6226,-3.7728, 1.9048,-3.6360, 0.1715,-3.0938,-1.9608, 4.4415,-0.3375,-4.5570, 1.0246
-4.6847,-3.2188,-1.8141,-0.2138, 4.0818,-3.8233, 3.9580,-4.9536,-3.9378,-4.0204,-3.5709, 0.3310,-3.9625, 3.2418,-3.8221, 1.5526,-3.8169, 2.3198,-4.1784,-0.8650, 3.5419,-1.4175,-0.9498,-0.2180, 4.0721,-1.7277, 4.6504,-4.5369, 0.8048,-4.2484, 3.7207,-3.2090, 3.6544, 4.6297, 2.4521, 3.5064, 0.4273, 2.5297,-1.6106, 1.8829,-1.4692, 3.7326,-1.0339, 3.4902, 4.6973, 1.6562, 2.0795,-2.1017, 0.4795, 1.4917, 1.7709, 1.3363,-1.0835,-2.2680,-0.4876,-4.3907,-4.0066, 3.5979,-2.3618, 1.5001, 3.2289, 3.6858,-2.9510, 0.1670,-4.9045,-0.1614, 4.3319, 1.3777,-3.3055,-2.9463
 2.9073, 3.1168, 3.0849,-1.5414, 0.4802, 3.0154, 0.4293, 3.1807,-4.1402, 0.2778, 3.8174, 0.2248,-4.2632, 4.5757,-0.1911,-2.7909,-2.6046, 0.6505, 3.1614,-2.2421, 4.5927, 0.0495, 3.9550,-2.7172,-4.1589, 4.4145,-1.2040, 0.2241, 4.0247, 3.0255, 4.0730,-0.9100,-0.6499, 0.7088,-4.4997,-1.9012,-4.9702, 3.8534, 2.5873, 4.8662,-0.3281, 3.7699,-4.2154,-3.1560,-3.6899, 3.2187,-3.7436, 3.2695, 3.3859,-2.8645,-3.8428, 2.7802, 3.6605, 3.1779, 3.0445,-1.0247,-3.7829,-3.1626,-4.2152,-3.9608,-3.3224, 4.0563, 4.4508,-2.3226,-1.8763, 3.2816,-0.5254,-3.9928,-0.3129,-0.8580
 1.7421, 1.2530,-2.4839,-1.9533,-0.2584,-4.1855,-2.2681, 4.7636, 0.4919,-0.6995, 4.8726,-4.3998, 4.8933, 4.4406, 3.9920, 1.4281, 0.1548,-2.1752, 2.2375,-2.8545, 1.5716,-2.1302,-1.2237, 0.4926,-4.6620,-2.7100,-4.9359, 4.3685, 2.2780,-2.0492,-2.1278, 3.5741, 0.8757,-4.3945, 0.3141,-1.9455,-2.2408, 3.8332, 4.5070,-2.4223,-1.1909, 4.7800, 2.6291,-1.1283,-1.6075,-3.1896, 0.3860, 4.4484,-3.4309, 2.7926,-2.1610, 0.5483,-4.4340, 1.8828, 2.3498,-1.2779,-4.1938, 4.9155,-3.0842, 0.2817,-2.1777,-1.6106,-4.7940, 3.3380, 1.8942,-3.0104, 3.0301, 4.4465,-1.8328, 0.2388
 4.0076,-3.0200,-0.9922, 0.4162, 0.9852, 1.0615, 0.8521, 0.5862, 0.1164, 2.2747, 2.6525, 4.8433, 0.2876,-2.5723,-2.8970,-1.5230,-2.1370,-0.2191, 1.6200, 1.1687, 4.0615,-2.6126, 4.6672, 0.2750,-2.3106,-1.6036, 0.5086,-0.2054,-4.2403,-0.5823, 3.8976,-3.3962,-3.8881, 3.4497,-4.4890, 4.8303,-2.3002, 3.7795,-2.8359,-2.2476, 4.9220, 2.8047, 0.1339,-0.5892,-2.5818, 2.7923,-3.0218,-4.4122,-4.2137,-3.6606, 0.3234, 4.3720,-2.0468,-4.7686, 2.9193,-3.2876, 2.5555,-2.5930,-3.2435,-3.9970, 0.1018,-4.4873, 0.6769, 3.0599, 3.6648, 0.5411,-1.4561, 1.7658, 2.7547,-1.1049
-1.3029,-0.7024,-0.4671,-0.1766, 4.8306,-2.0508,-3.4197, 3.8301,-2.8626,-2.1304, 4.4672,-3.0584,-2.8678,-0.7878,-3.6471, 3.0632, 1.3336,-0.9864, 3.1494, 0.7708, 0.2672, 3.0485, 0.1367,-0.9059, 2.4937, 1.2665,-4.8439,-2.4129, 0.8322,-0.0930,-4.5939,-4.2456, 1.0927, 4.7639,-0.8078, 4.4624, 1.9581,-0.8454, 4.6339,-2.8265,-2.4638,-0.8336,-4.0606,-1.3991,-0.5868, 1.7543,-3.1803,-4.7982,-3.1511,-3.0826,-0.5553,-0.2864, 3.0901, 4.4742, 4.2263, 2.2631, 2.4026,-4.0394,-4.3487, 1.4911, 4.0883,-0.3144,-1.6568,-4.7880, 2.1611,-0.0243, 1.9839,-4.0835,-1.9497,-4.8142
-4.6473,-3.5409,-3.8191, 0.9498, 0.7472, 2.3636,-4.7337, 1.6985,-1.6192, 1.5184, 3.2713, 1.9305, 3.4459,-2.3342, 4.0332,-1.7456, 2.5929,-1.9938,-1.2704, 2.7894, 3.8967, 0.9784, 1.2819,-4.3028,-4.5138, 0.6463, 2.1934,-3.9223, 4.9428,-1.2700,-3.2026, 1.5196,-1.6751, 3.7261, 0.2160, 0.6011, 1.8791,-1.0658,-4.6507, 3.3324,-2.3162, 4.8924, 0.8891,-3.6193,-3.1217,-4.5258,-2.3476, 1.1695,-2.6437, 1.2507,-4.9202, 2.3460, 0.3680,-1.5507, 4.7000, 3.9296,-2.7733,-1.4148, 0.1918,-0.6521,-0.5361,-3.7933, 1.0190, 2.3195, 0.9976,-2.9516, 2.8517, 1.8922, 3.0597,-4.8755
 4.5506,-2.4577, 1.0399,-3.4806,-2.3080,-4.1883, 0.4051,-4.2357, 2.5819, 0.3999, 3.9155,-1.8184,-0.5854,-1.9621, 3.9617, 3.1127, 3.7900, 1.5553, 4.8935,-4.2697, 0.7500,-1.7664, 3.9204, 4.0474, 4.7989, 3.8588, 0.1992,-3.2814, 2.2478, 2.3863, 1.1558,-4.8262, 2.5052, 0.1113, 3.3630, 3.1615, 1.1155, 1.8655, 4.6339,-2.9135, 3.2474,-0.0227,-0.1809, 0.6913,-3.9975, 0.3595,-2.9867, 4.3893,-1.8328, 0.5840,-1.2041,-3.3677,-1.7319,-3.9777,-0.3228, 1.9420, 4.1544,-2.1797, 0.6845,-2.9725, 4.0310, 2.6206,-3.4570,-1.9211, 4.3676,-1.8360,-4.8790,-1.9358, 4.1867, 4.7528
-2.2568, 1.7541, 3.4399, 3.1255,-2.5283, 0.5609, 0.9858, 2.3792, 4.3870, 3.6166, 2.4058, 2.1488,-3.1642,-3.8187, 1.0779,-2.5536, 3.7678,-1.5815, 4.2424, 0.8239,-3.8281, 1.5749, 0.3337,-2.4848,-3.0608,-0.1637,-1.9521,-0.1884, 4.2629,-1.4391,-3.8454,-2.6321, 3.1964,-3.1590, 1.1726, 0.8373, 1.3192, 0.5365,-1.8764,-2.2024, 1.6434,-2.5426,-1.0506, 1.3584,-4.8439,-4.9264, 0.7070, 0.6785, 0.6090, 3.0064, 0.2971,-1.4302, 4.4703, 2.4431, 1.5925, 4.2670,-3.8493, 0.4396, 3.5411,-4.9453, 0.9450, 2.2460,-2.2478, 1.4839, 0.0577,-1.0009,-4.8128,-4.7387, 4.1105,-3.1069
-0.1859, 0.2751, 4.4389,-1.4864, 1.1565,-4.8702,-0.8221,-0.6399, 1.4139, 4.6799,-2.1094, 3.6785, 3.7948,-3.4760,-2.7280, 1.1047,-0.5395,-1.0777, 4.7404,-4.0760,-1.9267,-3.4946, 1.3180,-1.4196, 3.7907, 1.3852, 1.0974,-2.7492, 3.6059,-1.4400, 0.5950,-4.9687, 2.4996, 3.1858,-1.8417,-2.0555, 4.0170,-1.3582,-1.5371,-4.9084,-2.9173,-3.1692,-3.0442, 3.3228, 2.5778, 0.3651,-2.0858,-3.4307, 4.5028, 3.5620, 1.4756,-4.9884, 1.3198, 1.1529, 1.1365,-4.0370,-1.1668, 4.3298,-4.4354, 4.8352,-3.7040, 0.7758,-1.2783, 2.1846, 1.6070,-1.6733,-4.5847, 3.2509,-2.9998,-0.2495
 3.0235, 4.2480,-0.3389, 4.7154, 1.3072,-0.7776,-4.0971, 4.7492, 1.0350,-3.4937,-2.4831, 0.9486,-0.1320,-3.2154,-1.1197,-3.6333,-4.5631, 0.2447,-4.1169,-4.2782, 1.9543, 2.9638,-3.9468, 0.7913, 1.3825,-3.2313, 4.5946,-4.5225, 0.8279, 3.6181,-4.4862,-3.8379,-0.7043, 0.7091,-2.0294,-3.0163,-1.9021, 3.3110, 4.5054,-1.5710,-0.3517,-0.9300,-0.8933,-3.7060, 2.2662,-0.2895,-1.2600,-0.6065,-1.1636,-0.5077,-2.0302,-1.0325,-0.9572, 0.6123, 0.3490,-4.5748,-3.1513,-1.5538, 2.5587, 4.3530, 2.6869, 1.8801,-3.3921,-2.2096, 0.0518, 2.5435, 4.9902,-2.4841, 3.6090, 2.0955
 1.5881,-0.6223, 3.5753,-3.6302,-4.7199,-0.4776,-2.0841,-1.4475, 3.4908, 2.5969,-4.1983,-2.9645,-0.6675, 2.8254,-1.1122,-1.2615,-4.8142, 2.5369,-2.5072,-1.7568, 1.0195, 1.9699,-0.1630,-4.1712,-2.8028,-2.4184,-4.5862, 2.7697,-3.8838,-2.3677, 3.8406, 2.3757,-1.7515,-0.7524,-4.0971,-2.0717,-2.0181, 2.5105,-2.7058, 4.0014,-0.5399, 2.1206,-4.4504, 0.0866, 2.8183, 4.3980, 2.8374, 1.7335, 4.1575,-3.9885,-3.1842,-4.5112, 2.6628,-2.0016,-0.0522,-3.1056,-4.3781, 3.9709, 2.1476, 0.5711,-3.9602,-2.6972, 0.1752, 0.7494, 3.9702,-4.3816,-4.1250, 3.2531,-1.5020, 0.8826
 1.2482,-1.7483,-3.3139,-4.0513, 4.5586,-4.2669,-2.0600, 1.2375, 1.3651,-4.3844,-0.5822,-4.7358, 4.5399,-1.7163,-3.0567,-1.2878, 3.9590,-0.8956, 3.0477,-2.9197,-0.4846,-2.1898,-4.1715, 0.0538,-0.3991, 1.5891,-4.3960, 0.9902,-3.8259,-2.7652, 0.4253,-3.1713, 3.2615,-2.0764, 0.1123, 4.6683, 1.0067,-2.1608, 3.0776, 0.3244,-4.6551, 4.5409,-0.3670,-0.6451, 0.2603,-4.1763,-2.5792,-4.6819, 0.6762, 1.9143,-1.2677,-4.0947, 2.5573,-3.2650,-3.4462, 0.5329, 2.2269, 0.7961,-1.1936,-4.1414, 0.5322,-4.9185,-1.2850,-1.0898, 1.0873, 1.5161,-1.1674,-1.2245, 3.6767,-4.1633
 1.0124, 2.9672, 4.0856, 2.9292, 3.5620, 1.7567,-2.2399,-1.4110,-3.0327, 1.4626, 0.9828,-4.6737,-3.3457,-3.1554, 1.7604, 4.0010,-1.8243, 3.2846, 1.2395,-4.0326,-2.0341, 1.0892, 1.9762,-3.1567, 3.8958, 1.0643,-4.7606,-1.5054, 2.8208,-1.6354, 3.8437,-2.9580,-1.7641,-2.9716, 3.6162, 3.0150,-2.9779, 1.4399,-4.4499, 3.3877,-3.5838, 2.3321, 2.4152,-0.7611,-3.7590,-4.0161,-2.7301, 1.0360, 0.5274,-4.8031, 3.3240,-2.0418,-4.9606, 2.0690,-0.9703,-0.0090, 4.7843,-0.8332, 2.1834,-3.8217,-2.4630,-0.1200,-3.2617, 1.3871,-0.1615,-2.4739,-1.7246, 1.8404, 0.6679, 3.5199
-0.2205,-1.6008, 2.5520,-1.0796, 3.5304, 0.0277, 2.6514,-1.8510, 4.2516, 4.1434,-4.6668,-2.4319,-0.3428,-1.2432, 4.9410,-0.3729,-1.1200, 1.5713,-2.7742,-2.9936, 0.1745,-4.0808, 0.0033,-4.4760,-2.1999, 1.0234, 3.2433, 1.3364, 3.6327,-2.5251, 4.9915, 1.1093,-1.5827, 0.9410,-2.7983, 0.3649, 4.4485, 0.3767,-3.1436, 2.7437,-1.3119,-0.9218,-0.5758, 3.5698, 1.4157,-3.0467, 0.1442, 3.1654,-3.2810,-2.4862, 4.5717,-0.8334,-4.2260, 2.4824, 0.8136, 4.2996,-1.2550, 1.1235,-2.2870,-1.3895, 4.1362,-0.2810,-3.5804,-1.9805, 0.7544, 4.5582, 3.5014, 3.3515,-1.9539,-2.7408
 0.3854, 3.2271, 0.1479, 2.1040,-4.8990, 0.6386,-0.2494,-0.1601, 4.9931, 1.7000, 2.4888,-0.3165, 1.8093, 1.6230, 1.6541, 2.4254,-1.0987, 1.2523, 0.9395, 1.2011, 3.1119,-2.1445,-1.9824,-4.7688,-1.7664, 4.7284,-4.1811, 2.8183,-0.6082,-2.6471, 2.5849, 0.6393, 1.5365,-1.6409, 1.3130, 1.6866,-1.1095,-0.9249,-3.1390,-4.0643,-3.2332, 1.1435, 2.6128,-0.0751,-4.6877,-3.2275, 4.9054,-4.3699,-1.0206, 1.0924, 1.2564,-2.7187, 1.5795, 4.9592,-4.2338, 4.0316, 0.5447,-2.3272,-3.9467,-2.9202, 1.9134, 1.8757,-2.0648,-3.1730,-4.0460, 1.5898, 2.0790,-3.2261,-4.7887,-0.9082
 3.4915,-2.2634,-0.9477,-0.2944,-3.2479, 0.7620, 2.2467,-0.8444,-4.1034,-4.9666,-2.0704, 1.1867,-3.0832,-3.2987, 4.9597, 4.6231,-3.3093,-3.7332,-3.1074, 3.2766,-4.7413,-4.4945, 4.7125, 0.2884,-2.9852,-0.5188, 4.5741,-4.5254,-3.6277, 0.6306,-0.6828, 0.1051, 3.0920, 0.2400,-3.2540,-3.6294,-3.9580, 0.4981,-2.2380, 4.1055,-1.7633,-0.1553,-2.0971, 3.0490, 3.9012,-3.8882,-2.1632,-2.6112, 2.1615,-2.2850,-2.6141,-0.1965,-0.0009, 0.1442, 3.3630, 1.4249, 0.1007,-4.3381,-4.7256,-3.5251,-4.3841, 4.0384, 1.6238, 0.7932, 0.4243, 0.8926,-4.0137, 2.9372,-1.1703,-3.3420
 1.0686,-2.1671, 1.1835, 0.1743,-1.6161, 2.1678, 3.7688, 4.8801,-2.2114,-4.0246, 2.2599, 4.5406, 1.5957, 3.0485,-4.6367, 1.4834,-0.4470, 3.8427, 2.8780, 0.9009,-4.4779,-3.1130,-1.4298, 3.9016,-1.8336,-4.3435,-1.1397, 0.7613, 2.1182,-2.5658,-4.9152,-2.7105,-3.0390,-4.3489, 0.4305, 3.5327, 4.1240, 3.2810,-4.8820,-3.8653, 1.0420, 3.1708, 3.0658, 0.1816,-1.3721,-1.1626, 0.5275,-1.6056, 3.8578, 2.2039, 3.8683,-2.2408, 3.0417,-4.1839, 1.0442,-1.8131,-1.4263,-3.7831,-3.1301,-1.8149,-3.2128,-3.5643,-3.4539, 0.0539,-3.6806, 0.8403, 4.3621,-3.2690, 0.5713,-0.8794
 4.0250, 3.2722, 0.2487,-0.7291, 1.6957,-4.0160, 2.4452,-0.7577, 3.2167, 3.3179,-4.9354, 4.8051,-1.3552, 4.3263,-2.4720, 2.6357,-0.9795,-0.7939, 1.2621,-2.1006,-0.8269, 4.3991,-3.1160,-1.7086,-3.7916, 3.1862,-0.4648,-2.3470,-3.7247,-1.5034,-2.9211, 3.2044,-4.6001,-3.0808, 4.6660, 0.7056,-2.5981, 3.8313,-4.6440,-2.0023, 4.5261, 0.6971,-3.9679, 0.0358,-1.9074,-4.3563, 0.4569, 0.0440, 2.1041, 0.9508, 4.3641, 0.3519, 2.9241,-2.8399, 2.3776,-4.8603,-0.6495,-4.6121,-4.5338,-2.1214,-0.3044, 2.8644, 4.9804,-3.9551,-3.6444, 1.0241, 2.5193, 4.4615,-1.4769, 3.5802
-3.4067, 4.4626,-1.5258,-4.4241,-0.6606, 0.5195, 4.8526, 0.3504,-0.0612, 2.4465, 2.9955,-1.2823,-2.6418,-1.4470, 1.6360,-1.0824, 4.3923, 4.7986,-1.6909, 0.9040,-2.1689, 0.7539,-4.8973, 4.7042, 1.6768,-2.0674,-2.7439, 3.5199, 3.5431, 4.0067,-0.1546, 2.1122, 3.7174, 4.6097,-4.6853, 1.9750,-0.7219,-2.9143, 2.6347, 3.9593,-4.1852,-1.6788,-3.3170, 3.9684,-4.8189, 1.5605, 3.4519, 0.3572,-1.9039, 0.3750, 1.5338, 3.3561,-2.0670, 1.0417, 0.6753,-1.0386,-4.7888,-0.9773, 4.4898,-3.1912, 1.0304,-1.3168,-1.5618, 1.7301, 1.0536, 4.4426,-3.9198,-2.1956, 0.0326, 3.3422
-3.5551,-0.3586,-0.5966,-0.0628, 4.6850, 2.3165,-1.7317,-3.7290, 1.7822,-2.2409,-3.3958, 3.1029,-0.4369,-2.0971,-1.8473, 1.5212,-3.4845, 2.0046,-2.5680,-2.4225, 0.4405, 3.0321,-3.3395,-4.5089, 4.2575,-1.8582,-0.2489,-0.4394,-0.6727, 0.8559, 2.8875, 0.2399,-0.2551, 0.1359,-0.3151, 0.7513, 2.2421,-1.2350, 0.8330, 1.2678, 1.4826,-0.1151,-2.4304, 4.4162, 0.7022, 1.0515,-0.3833,-3.9687, 4.7563,-4.6669,-4.1067, 4.2466, 3.1217, 2.6430,-1.4163,-4.9506, 2.6015, 3.2339,-0.3797, 0.5938,-2.3276, 2.9984, 4.9574, 4.0773,-2.0760, 0.3485,-0.7643,-3.8423, 3.4555, 4.9848
 2.8097,-4.2680,-4.1069, 1.3914,-0.0672,-4.1022, 0.9469,-4.6492,-2.4251, 2.9715, 0.0387,-4.7691,-2.0885, 4.7263,-4.0352, 4.2209, 2.1046,-4.0638,-1.1484,-3.1636,-2.8906, 3.6280,-2.2130,-2.9330, 2.0448,-0.2369, 4.9587, 4.0198, 3.9650,-1.8609, 0.8630,-0.8092, 4.1261, 0.8214, 3.6073,-3.4306,-3.6052,-2.4898,-0.6473,-3.1233,-2.2743, 4.8410,-4.0480,-4.8935, 2.8608, 2.1295, 1.6826, 1.9005,-4.2753,-2.1932, 4.5274, 4.6542, 2.3186, 4.1585,-0.8874,-2.3575, 3.5848,-1.3949,-2.1840,-4.2509, 2.6979,-1.1232,-0.6278,-4.5961, 1.9836, 3.5089,-3.8535,-0.9141, 0.3691, 2.7315
