-2.9639, 2.9269,-3.6151, 4.4700, 4.1579, 2.5955, 2.1755,-3.0276, 1.8299,-2.5498, 2.4212,-0.5888, 0.1248,-2.9402, 4.6732, 4.6989, 0.8334,-4.0283, 2.3402,-3.4188, 0.3717,-2.9439,-4.8461, 0.1279,-4.0785, 4.5529,-2.1434,-4.7483, 1.5323,-3.2979,-1.3296, 1.6663,-4.0150,-2.8097,-0.7529,-3.4982,-3.5919,-2.7711,-3.4398, 2.9615, 0.4897, 3.9585, 3.3572,-4.6459, 0.2869,-1.6739, 3.6037,-4.0164, 1.1130, 3.8447, 1.0537,-1.7758,-0.3334,-3.8230, 3.0024, 1.4283,-3.3183, 4.0498,-1.6937,-2.2406,-0.8155,-1.2324, 2.7912, 2.5647, 3.7625, 1.8987, 0.0078,-0.2686,-0.5194, 3.3287,-4.3991, 0.6145,-3.3749,-3.4149, 2.9591
-2.8603, 4.6585,-3.1495,-0.5866, 2.5006, 2.2899, 3.0546,-4.8890,-1.6932,-1.5700, 3.3901,-3.3392, 3.8675, 0.7884,-4.1194,-3.4706,-0.7181,-2.1387, 1.5829,-1.3028, 2.4129, 1.7041, 1.4900,-4.9332,-2.1519,-1.0006,-3.7191,-1.7861, 0.8763, 0.1562, 1.5099, 3.1436,-1.8401,-4.6190, 4.9066,-3.9130, 0.9865, 4.6606, 1.2088,-0.0297, 0.8745,-1.3549,-0.1300, 4.4775,-2.4492, 2.0416, 3.4715,-2.8766,-2.2918,-2.2321,-0.8167, 1.6861,-4.1778, 2.6376, 4.8260,-2.7883, 2.1353, 4.7988, 0.1403,-2.3081, 1.2481, 4.9661,-2.2058, 0.8251,-3.0895,-1.8005,-1.8998, 3.8851,-4.6807,-4.9715, 0.8604, 4.0277,-1.3197,-1.1836,-1.7932
 2.7366, 2.9292, 1.8469, 1.6622, 2.7447,-1.6676,-3.4859, 3.4981, 0.1436, 4.2153,-1.1562,-1.8833,-2.8230,-0.8227,-4.7693,-4.4412,-4.5813,-3.3189, 0.5650, 0.0077, 1.2583, 2.9955,-0.9182,-0.6076, 2.1341, 4.2999,-2.0049,-2.3487,-1.2844, 4.0450,-3.4004, 3.3996,-0.8638, 2.6513, 2.0369,-4.7008,-2.4067, 2.6656,-0.8394,-4.4235, 0.7492, 0.7284, 4.5392, 1.9534,-3.5938,-3.3702, 3.8592, 0.5221, 0.0254, 1.1325, 3.7937, 2.7132,-3.1263,-2.2447,-3.1974,-2.3145,-2.0593,-4.5953,-1.9463, 2.0757, 1.9925,-1.1882, 4.0689,-0.7485, 0.0867,-2.4082, 3.9836,-0.0525,-3.7276, 1.4959, 4.6017,-1.3702, 4.8073, 4.8002, 4.8667
 1.1632,-4.4413,-3.3841, 0.1284, 2.9301, 0.4079,-0.3529,-4.3438, 0.6060, 0.3915,-2.3953,-2.2294, 3.2814, 1.5275,-0.3892,-4.1341, 3.2769,-2.1372, 2.2450,-3.7716, 1.6788,-2.6084,-1.9121, 1.9607,-2.0064, 1.6612, 2.2152, 2.1243,-0.3803,-4.8168,-2.8270, 3.5665, 2.1721,-3.0244,-3.0555, 3.1149,-2.9165,-2.2148, 0.2270, 1.6653, 2.4721, 2.0119, 0.4717, 3.2997,-2.3955,-4.4565,-4.8372,-4.1160, 1.4711,-0.3149, 0.5940, 2.6624,-3.9964, 4.4475,-1.4120,-3.6707,-1.6957, 2.8529, 1.2870,-2.7918,-4.7916, 1.3925,-0.2581, 2.2220, 3.3897, 1.7575, 1.3093,-4.7612, 3.9924, 3.5405,-3.0443,-4.8419, 3.5623,-2.4486,-2.3048
-4.1972, 4.9554, 4.9844, 1.4839,-1.8168,-4.3201, 1.4298, 2.9094,-2.0749, 3.5196, 1.3817,-1.4105, 1.8376,-3.4156,-2.5142, 4.0715, 1.4071,-2.7089, 2.7981, 3.1011, 0.4159, 1.0451,-0.7937, 2.3858, 0.0560,-0.4504,-4.9680,-0.5371,-1.1959,-2.6946,-3.4811, 0.8986, 4.1412, 4.5538,-2.0188,-2.3490, 3.3821,-1.1424,-0.0790,-4.8513,-0.0728, 3.3663,-4.5019,-0.7914, 3.5716,-4.6984, 1.3355, 2.7865,-0.5631, 1.2154,-3.2355,-1.3921,-2.3667,-2.4217, 4.3646,-0.0308,-1.8522,-1.9841, 0.3740,-0.6243, 4.1115, 1.7090,-1.0470, 4.6101,-0.8886, 3.7013, 1.0187, 3.0346,-3.3269, 3.3414, 2.0056,-3.6688,-1.0607,-3.3377,-4.3598
-4.5981, 2.0666, 3.0418, 3.2550,-4.1902,-2.8378,-3.7448,-1.6699,-4.2336,-4.9861, 3.0054,-4.9287, 2.5832, 1.4906, 4.8463, 3.3364, 2.4576, 3.5250,-4.6525, 2.0751, 2.6194, 4.0856, 1.8726,-2.2384, 3.4610,-0.1313, 2.5133,-1.9118, 1.8899, 3.4216,-0.4415,-4.3429, 0.4200, 3.7921, 0.5460,-3.5005,-4.9126,-2.6409,-2.6880, 1.3485,-3.9374, 0.2996, 3.1211,-3.4804, 0.9746, 1.8741,-3.0233, 4.2933,-3.2320,-1.2828,-1.0136,-4.1115, 3.2996, 2.9927,-2.9192, 3.7328, 0.3996,-2.1716,-0.4334, 1.6269, 3.3992, 1.2240,-4.4189,-3.1189, 1.7506, 3.1373,-1.1174, 1.9490,-0.2945,-0.6209,-2.1615,-4.7689, 1.1611,-3.7544,-1.3120
 4.9944,-3.7904,-3.1805,-2.3691,-1.8375,-4.0395, 3.8987, 2.1089,-3.5267,-2.8558, 1.1945,-3.4938, 3.5932, 4.7311,-3.6378,-4.6992,-0.4230,-1.8350,-3.3384,-4.7670, 1.3143,-1.2291,-1.8434,-2.4213, 4.0535,-2.7013, 0.2946, 3.0884,-3.0478,-3.6557, 0.8070,-4.0589,-3.8506, 2.3462, 4.4574,-0.9423,-1.2969, 1.2473, 2.2787, 3.1013, 0.8821, 3.9636,-1.3921,-0.7383,-4.4508,-3.4264, 1.4368, 3.7021, 3.1298, 3.2446,-1.2877, 3.3466, 1.0360, 0.9886,-3.3869, 2.1666,-1.3086, 0.8020,-2.9869, 1.8911,-3.1678,-0.2134, 3.0393, 2.9808,-0.5831,-0.9076, 0.6991, 1.2149,-4.9005,-3.5616,-1.8482, 2.8604,-2.2113, 2.8784,-1.9058
 2.8812, 3.3084, 3.4997, 3.0786,-1.3301, 3.7375,-3.7065,-0.1653,-3.6756, 1.1811, 2.8366,-0.5723, 0.2051,-3.9105, 4.8473, 4.7894,-3.4826,-0.7440, 1.7812, 3.2324,-0.0271,-4.9415, 2.2087,-2.7597,-0.5711,-2.4267, 0.0083, 3.7461, 3.8472,-4.2507,-2.7340, 2.2747,-0.0894,-2.5565, 4.9702,-2.1609, 0.7822,-1.5790, 2.5850, 1.7811,-2.6545,-4.0147, 1.1355,-4.9040, 0.3875,-3.9478,-1.4669, 2.1313, 4.6784,-0.7208, 4.9379, 4.2574,-0.3871,-3.6703, 3.5468, 4.4332, 4.4165,-2.9286,-2.7351, 2.3260,-1.7484,-0.6268,-4.2761, 4.2170,-3.8731,-1.0436, 0.2879, 1.7011,-0.2998, 2.9823, 1.8782,-0.4895, 1.0232,-3.6169, 2.1835
 0.0730, 0.3349,-4.4026,-4.7978,-3.5922, 0.1366,-4.7538, 1.9755, 3.4672,-4.6562, 3.8209, 0.8353,-0.4671,-0.3506,-2.9547, 4.9753,-0.8085, 4.0823,-0.1198, 2.5418,-0.0278, 4.0187,-1.5983, 2.8278, 1.9942,-3.1607,-3.2742, 0.1680,-0.0382,-4.3497, 2.9012, 0.9055, 4.9637,-1.1563, 3.6158,-1.3846, 2.4512,-2.1857, 0.9470,-1.7293,-3.9299, 3.1293, 2.2921,-2.1699,-0.6647, 2.0769, 3.3411, 4.4798, 1.3580, 4.4379,-4.0737, 2.4013,-1.6558,-3.8508,-3.5974,-1.8211, 1.0470, 1.8955, 4.5830, 4.3915,-4.1365,-2.5199,-0.2699,-2.7410, 4.9880,-0.3549,-4.6967, 0.8425,-2.3383,-0.3791,-4.5431, 0.5629,-4.9057, 2.8210, 1.4846
-4.4800, 4.9042,-4.7639,-4.9326,-0.8736, 2.1555,-0.9375,-0.3612,-0.0563,-1.9255, 4.4080,-4.8957,-1.9967,-3.8077,-2.6031, 4.6856, 3.1612, 3.9987, 3.0300,-1.0878,-1.9357,-1.1610, 4.0008,-2.1854, 0.2230, 3.3918, 0.2766, 0.7282,-4.0075,-0.2741,-4.3707, 2.6718,-3.1706,-3.3905,-4.1154,-1.6174, 3.6201, 2.3322, 0.5109,-4.0291,-3.1994,-4.7390, 4.1127,-2.4216,-1.6425, 1.9274,-1.3072,-4.3556, 2.1314, 1.6745, 4.6427,-1.4781,-1.0755, 3.2508,-2.3048, 0.5429, 4.9721,-1.2909,-4.4396,-3.6945,-2.9562,-1.0190, 3.4350, 4.3275, 3.6151, 3.0898, 4.7006,-1.7790, 2.8125, 0.8009, 2.2611, 1.6611,-2.2505, 0.0524,-0.2096
 2.3705, 3.9909,-2.2938, 0.4727,-4.0839,-3.9288, 3.9320, 4.7332,-3.5987, 2.3912,-2.7301, 0.1435, 3.9041,-4.6330,-0.3895, 0.4245,-3.5839,-2.5849, 4.5013,-2.1876,-4.4240, 2.9437,-0.8865,-1.9175,-1.5876, 0.4693, 1.7538,-2.7345,-3.4353, 2.2637, 1.8833,-4.6057, 4.5335,-2.0061,-3.0024, 3.2006,-0.1644,-0.3824,-0.1585, 0.3390,-2.6457,-4.3816, 2.7231,-4.4702,-1.3582,-4.6395,-1.1274, 3.4155,-0.6775,-2.5605,-4.1041,-2.1229, 0.1146, 1.7493, 2.2085,-3.5846,-0.0611, 4.5375, 3.7412,-1.7426, 1.8861, 3.8203,-0.0333, 3.6472, 0.3449, 1.7924,-1.8312,-3.7024,-0.1582,-4.7880, 4.3754, 4.3857,-0.4547,-0.9810, 0.3314
-1.6082, 0.9133,-0.5018, 3.9897, 1.3180, 4.7212, 0.1374,-2.5746, 3.2858,-2.3381,-1.9254, 4.2428, 2.6686,-2.7599, 0.6215,-4.9332, 1.2520, 3.2221,-4.0820, 3.4816, 4.0488,-0.5061,-2.7219,-0.9340, 4.5782, 2.1150, 2.6188, 2.5643,-3.9242, 0.0732,-1.0422,-1.9945,-1.8624, 2.2049, 0.8798,-2.2397, 1.8130,-0.7485,-4.8110, 3.3446,-3.2934,-3.7481, 3.9240,-2.0727, 0.8611, 2.8801,-2.9754,-2.3561, 1.7396,-0.9731,-0.9068,-4.0487,-1.6917, 1.3994,-2.2675, 1.3493, 2.3554, 3.7881,-3.9938, 2.8125, 4.1817, 0.1280,-3.2284,-3.2313,-3.5660, 0.8273,-4.1882,-3.6806,-3.6668,-2.9399,-4.8925,-4.3283,-2.2621, 2.2817, 1.9113
-2.5989, 4.1424,-3.8155, 1.9687,-3.8055,-3.3771, 2.0612, 4.5347,-3.1912,-1.5457, 0.1327,-4.9468, 1.4697,-2.2709,-4.1530,-0.6202,-3.6395, 4.4904, 1.0220,-4.8298, 0.4381, 0.7396,-4.5218, 2.9139, 4.0624, 0.8470,-2.9472,-4.0373,-0.4112, 0.9933, 3.9394, 1.2338,-2.4529, 3.3789, 3.6319,-0.4164,-1.2013, 3.9607,-3.1844,-0.5377,-2.0533,-2.5491,-2.8314,-1.6890,-0.2822, 2.6354,-0.5313,-2.8929,-2.2157, 3.0539, 1.4405,-0.9016,-0.9333,-3.5302, 4.4775,-2.0675, 3.2620,-2.7140, 3.7224,-0.9794, 4.7924,-4.3608,-2.7048,-1.0999,-3.8140,-1.3469,-2.2299, 3.3594, 4.6745,-0.2171,-0.9015,-3.2858, 2.7622, 4.3584, 1.6738
 3.2789,-4.1962,-0.1090, 1.5121, 2.1211, 2.2987, 4.3662, 2.4882, 3.1290, 2.0026, 2.4931, 2.7759, 3.0913, 1.4850, 0.5979, 4.8054,-4.7963, 3.4658,-0.9671, 0.1783, 2.2404, 2.7074, 4.8826,-0.1778, 2.8942,-3.4877, 2.9791, 2.9298,-0.7043, 1.6081, 0.8391, 0.6665, 1.2116, 0.4780,-0.2750,-4.8158, 2.7624, 1.5185,-1.3959, 2.7459, 4.8380, 2.0446,-2.1345, 0.6517, 0.8226, 3.7285, 0.3656, 0.3493,-2.2578, 2.3672,-2.0686,-1.9424, 1.8160, 4.5566, 0.4918,-4.6334, 1.8051, 2.0399,-1.5860, 4.0751,-1.6146, 0.8680, 0.6584, 0.8910,-2.7961,-4.2953,-1.4599,-0.4163,-3.4471, 1.5800,-2.5563, 1.2174, 1.8542,-3.5409, 2.7661
-4.9021, 3.6654,-1.3302,-1.4373,-4.9213, 3.1400, 3.1246,-0.0963,-3.2967,-2.1388, 0.0874, 3.3872, 4.4432, 1.9250, 2.8496,-1.8317, 0.8176,-2.3670, 0.2166, 0.0527, 3.5252,-2.8858, 4.5529, 1.2452,-2.6925, 3.2665, 3.2514, 2.9579, 3.6846,-4.1656,-4.1210,-0.6857, 1.2606, 1.5580,-1.6201, 2.6382, 4.3136, 1.3376,-4.8593,-0.2673, 2.1862,-4.7975, 4.2027,-2.8974,-2.4504,-2.6381,-1.7918,-3.9832, 0.1330, 3.0738, 3.0915, 1.4515,-0.6418,-1.8309,-3.1640, 2.7230,-0.9848,-2.8111,-0.3659, 1.6945, 0.3566,-3.5058,-3.0825,-0.1905, 1.4925, 1.6659,-4.5427, 0.5299,-4.2775, 3.7835, 3.8339,-0.7711,-0.7929,-0.8726, 3.0421
 1.5021,-0.0644, 2.3361,-3.8721,-0.7626, 1.8733,-4.9378, 3.4548,-4.3179,-1.3383,-4.6570, 3.1574,-2.4677,-1.4965,-0.0633, 1.3710,-1.1458, 2.9915, 4.3270, 0.4157,-4.5748,-3.3283,-1.1026, 3.2634,-2.0576, 3.9514,-3.6969, 3.9313,-4.9152, 0.6693,-2.0812,-0.7300,-1.1191,-0.8499, 4.4111,-2.5029, 3.8047,-3.9027,-3.1787, 1.0471, 4.2202, 4.9597, 0.6865,-0.9963, 0.9245,-4.1555,-1.8246,-1.4610,-1.6385, 4.1426,-2.7211,-0.1177, 1.1859,-4.1341,-1.2080, 4.2206,-0.9604, 0.1785, 1.4907,-3.2957, 4.7854, 4.2961,-0.0933,-0.8021,-4.0234,-4.2651, 0.6599, 2.3550, 2.6428, 3.3129,-1.7482,-4.9088,-1.9239,-3.3074, 4.2032
-1.2538,-3.4425,-3.8560, 2.0118, 4.7918,-0.5984, 1.6919, 1.0547, 2.1725,-2.8928,-4.9816, 4.4187, 1.9942,-0.7232, 2.6401, 1.1730, 1.5542, 0.5052, 1.0768, 2.9207, 0.8966,-2.0138,-0.6284, 4.3066,-3.7512, 1.6989, 2.8172, 2.6434,-2.9688, 1.8421,-0.3574, 1.2915,-3.5175,-3.5851, 3.0385, 4.7082,-2.5664, 3.6213,-1.2105, 1.3783, 4.6505,-1.1385,-4.5459, 3.3890,-0.9429,-1.3452,-0.7590,-2.3605,-1.5508, 1.9517, 2.9214,-2.0795,-0.8881,-3.1173,-0.0604, 4.9809,-2.1476,-2.8435, 1.5107, 2.3284,-2.6975,-0.0789, 1.6925,-4.2097, 1.8873,-3.4538, 3.9969,-3.7367, 1.7030, 4.2141, 1.1038, 4.3936, 4.2708, 0.8672, 3.0725
 0.7076,-0.0958, 2.4666,-0.5755,-0.3162,-4.3564,-0.8976, 2.9853,-1.4475, 2.3583,-3.4687, 1.6908, 0.4002,-0.5062,-1.0355, 0.4442, 1.5151, 0.5795,-4.9407,-3.7698,-0.3034,-3.7367,-3.3233, 3.7125,-4.2445,-0.1942, 0.9990,-3.1851,-4.3541,-2.6249,-4.3428, 0.8800,-3.6030,-2.7616,-1.9337,-3.7141,-0.8713, 3.7933,-4.4681, 3.5618,-3.3174, 2.6903,-3.1844, 1.9833, 4.7475,-2.2603, 1.3526,-4.5038,-4.2089,-4.6223, 1.0932, 1.6059,-3.4762, 0.6949,-1.8695, 2.2964,-2.9340, 1.3913,-1.3529,-2.0486,-0.6479, 2.8296, 0.8484,-4.2787,-3.0081,-0.8096,-1.8079, 3.2367, 2.4087, 0.9144, 1.8562,-0.2208, 2.6992,-0.3838, 2.2145
-2.7162,-0.4024,-3.2365, 3.6896, 0.2792, 1.3285, 1.5712,-3.2307,-0.3299,-1.9282,-1.0902,-3.4023, 0.3059, 1.9954, 4.9605,-2.7356, 2.9272,-0.1702,-4.9770,-0.1751, 2.6441, 3.2510,-4.8569, 2.3766,-4.6429,-4.0156,-2.3812, 4.7606,-1.3706, 3.7983,-3.9448, 2.1216, 2.4721,-4.1077, 1.9025, 3.7790,-3.1511, 4.3737, 1.5248,-0.9965, 3.3590,-0.6096, 1.0514,-3.4279, 0.8580,-2.2939, 1.8861,-3.2408, 3.1742,-3.1391, 1.2075,-4.3963, 2.5813,-1.5036, 1.7760, 1.1381, 2.4221,-4.6793, 4.1748,-3.1128, 0.0537,-2.1913, 1.3993,-3.4388,-4.4739, 1.3491, 2.1856, 1.2458, 4.0105, 4.3500,-2.6586,-0.7262, 2.3910, 3.7975,-4.4203
 0.7963, 4.0735,-2.2743, 3.3020, 0.7249, 2.2922, 1.1284, 0.6094, 2.3378, 2.7307, 2.5555,-1.4248,-3.6152,-1.9972, 0.6893,-0.6919,-4.5616, 1.2170, 4.6223, 4.7682,-3.3098,-2.8697,-1.7922, 4.8582, 2.5485,-0.8297, 2.0894,-3.9190,-3.4834, 2.2831, 3.8139, 1.7112, 0.9258,-2.6548, 1.4845, 4.1230, 3.9965,-1.4684,-0.9223, 0.5181, 1.9162,-1.4908, 2.9870, 3.0805, 1.1149,-4.8312, 1.9797, 4.4079,-4.7370, 2.1874, 4.0476,-0.4104,-1.8067, 2.1057,-0.8294,-2.3699, 4.5006,-4.2529,-2.1721,-4.9261,-3.3733,-4.3727,-0.6258,-1.8520,-4.9228, 0.5738, 2.1225,-1.4778, 3.9482,-2.2447,-3.2538, 4.3961,-3.3888,-3.7244, 3.5632
 1.3702,-0.6308,-1.8086,-3.5342, 4.1250,-0.7954, 0.4571, 4.4325,-0.8032,-3.0381,-2.9299, 2.4029,-2.4686,-2.6596,-1.4455, 3.3935,-3.2539,-2.0684,-0.5312, 0.6908,-4.9257, 0.7943, 0.6729,-2.6270,-0.0205,-3.0736, 3.8975,-4.7084,-4.9473, 2.1924,-3.9345,-4.9896, 0.3782, 3.3402,-1.2503, 0.0167,-3.9037,-4.2475,-1.5676, 3.7397,-0.3149, 1.8170, 3.3027, 2.3900, 1.0873,-4.3861,-2.2468, 1.3808,-0.4291,-2.5321, 4.1443,-1.9602, 0.0796, 4.4238,-3.0857, 2.3719, 4.0147, 0.7887, 4.9873,-2.0802, 2.4039, 3.9904,-2.2540, 0.0389, 4.9348, 2.7357, 0.0127, 2.6864,-3.7593, 4.5899, 3.7602,-4.7799,-4.5248,-2.1031, 4.9951
 2.2771,-1.7306,-0.1552,-4.1963,-1.1773, 1.2527, 1.9891, 4.8850,-1.9868,-3.1724,-0.4563,-3.7299, 3.9401, 3.5948,-3.1388,-2.7385,-1.9471, 1.8384, 4.7165, 4.1453, 3.1817,-0.7393, 3.2277,-3.7979, 2.3914,-2.9115, 4.9796, 2.4367, 1.3860, 3.0963, 2.7443,-0.0520,-2.7551, 4.1774, 4.5703, 4.5346, 1.3548,-1.9176, 3.5469, 3.2472, 3.4600,-2.4605,-3.0287, 1.6857,-1.3320, 0.7549,-2.4560,-4.0484, 1.0218,-2.0289,-2.0761, 2.2885, 3.4614, 2.8086, 4.4279, 3.9968,-3.0662,-3.2820,-4.8200,-4.7800,-3.7776,-1.5295, 0.4803, 2.6600,-2.5994, 0.0768,-2.2402, 0.4382, 1.6753,-1.2633, 0.9092,-2.2460,-1.5931, 1.3503, 1.1229
 2.5903,-2.2827,-3.7665,-4.4529, 1.4928,-2.8284,-2.9480, 1.5764,-3.5464, 4.9555,-1.6734,-4.5231, 3.5310,-0.5877, 2.6562,-3.5227, 4.0636,-1.1221,-4.9564, 3.3297, 1.5950, 0.0272, 2.6158,-1.2863, 3.2170,-4.3011, 2.3836, 0.9979,-1.6997,-4.0179,-3.6307, 1.9117, 4.3807,-1.8874,-4.5014, 1.4014,-4.6119, 3.9200,-4.3763,-2.0943,-4.8654, 4.4040,-3.4048,-2.4642, 2.8489, 1.9656,-1.0703,-4.1111, 1.2754, 2.0302,-2.7760, 4.1127, 3.0490, 4.5159,-3.3889, 0.9916, 3.4133, 2.1026, 2.0305, 3.7709, 3.0210,-1.6336,-2.5705, 4.7028, 0.2834, 4.7550,-3.6565,-1.4465, 0.0464, 4.2292, 3.4478, 3.9817,-2.2503, 0.0103,-1.8221
-4.1672, 0.1515,-2.8736,-1.3532, 0.1478,-0.3625, 0.8778, 0.9290,-3.3029, 2.1400, 1.1095,-3.2865,-3.5188, 1.3735,-3.0351,-2.6199, 4.5655, 2.8897, 0.7560, 0.4335,-4.9824, 3.4017,-1.5658, 1.9542, 4.3807,-4.5163, 4.7004,-3.4345,-0.9864,-1.4528, 1.8166,-0.8929,-0.0660,-2.1552, 1.5410,-4.8040,-4.8238, 0.3923,-1.9665,-3.3430,-3.0636, 3.0713,-3.0620,-0.9168,-3.3480,-3.4896, 4.3807, 3.1084, 2.0222,-1.8589,-4.4234,-1.6164,-0.1661, 0.0105,-0.2327, 3.3598,-1.5319,-2.8282, 0.5243, 4.1432, 1.3019, 2.9889,-1.3907, 1.3261, 1.4739, 3.8064, 3.8408,-2.9227,-3.9481,-3.3068,-1.7744, 4.7265, 2.6543, 3.8558,-2.6227
-4.6809,-1.9249, 3.9068,-2.0411,-2.1047, 4.3571, 1.9345,-2.6381, 2.7373, 0.2994, 1.7909, 1.0934, 1.4935, 3.9768,-1.2321,-1.6537,-1.6120,-3.2891, 0.8628,-0.1659,-4.1578,-3.2174,-1.2493, 2.8991, 4.6520, 2.7535,-2.7424,-3.5876,-0.2872, 0.6650,-2.9944,-4.3295,-3.2801, 1.3126,-1.1866,-2.3156, 3.5534,-0.7496,-3.0351,-4.1888, 2.2276,-4.1347,-4.7987,-1.3789, 3.0438, 4.9443,-2.0772,-3.4827, 0.9722,-0.4344, 3.1578, 3.5780,-0.0042, 4.4462, 3.8951,-2.7192,-2.9718,-2.6750, 2.9312,-1.3761, 3.6915,-4.2358,-3.6796,-3.7162, 4.5753, 2.3932, 3.3860,-0.8994, 4.5268,-0.2186, 3.3524,-4.0184,-1.9725,-1.3478,-3.7688
 4.7827, 3.1525,-0.2042, 3.7342,-2.9227,-3.9555,-2.5208, 2.3463,-1.8219, 4.8358,-2.1843, 4.0159,-1.2592, 2.6506, 1.8920, 4.5873,-0.8546,-3.1855, 0.3026, 4.9958,-0.2687,-0.1705,-0.3988, 1.7646,-0.5398, 1.5973, 4.9167, 4.6216, 3.5753, 2.5935,-4.1322, 4.9903,-4.1362, 0.4958,-1.8475,-0.7838,-1.4122, 3.8375, 1.1480,-0.0739, 2.3575,-3.4261, 1.7940,-0.2592, 0.5616, 3.0329,-3.3965, 4.4460, 2.9628,-2.9919,-2.2619, 1.2077,-3.2138, 4.6628, 4.7379, 4.4583, 1.7598, 0.7948,-0.4055, 3.3362,-0.6713, 2.3673, 1.3283, 2.2277, 0.3349,-1.7751, 0.6973, 3.8180,-1.2913, 4.7759, 0.8459,-1.6071,-1.2547, 4.9936, 2.7371
 0.8473,-2.0157, 4.6322, 2.0007, 2.8191, 2.5667, 0.0931, 0.6380, 2.5988, 4.4252,-4.1242, 0.9694, 3.3128, 4.6273, 0.9696,-3.9567, 4.0571, 2.9213,-4.1655,-1.0856, 0.6683,-4.0417, 4.2624, 3.7289,-4.7231,-3.7625, 4.9116,-0.4658, 4.1037,-2.2091, 1.2708,-0.9098, 4.6613, 0.1818, 3.0544, 4.6098,-3.0743, 4.5292,-1.7628,-4.0375,-2.6386,-0.9534, 4.9000,-0.1251, 4.5827, 2.9013,-4.5712,-1.6747,-2.8265, 2.9833, 2.4230, 4.7896, 1.4361,-0.4216,-3.2851,-4.8599,-2.8065,-2.1180, 3.6516,-1.6138, 0.3310, 1.1001,-0.3409, 0.5880, 2.7942,-4.1473,-3.9899, 2.9852, 4.3563, 3.4077,-0.0454, 1.1323,-3.5721, 4.8663,-0.9364
-1.5311, 3.9037, 4.1042, 1.4947,-1.2926, 4.4485,-1.3897, 2.3080, 1.4379,-1.5049, 0.3594,-4.6811, 3.0173,-4.1703,-0.8643, 3.4342, 4.2270, 3.6638, 2.5590,-3.6747, 1.6061, 3.6024, 2.7645, 3.8036, 1.9325,-2.7686,-3.4977,-1.9412, 0.5154,-3.9313, 4.6898,-3.0626, 4.2393, 1.6684, 1.5080, 0.2606,-1.6556, 3.6625,-1.1254, 4.6571,-0.1440, 4.2104, 2.8360,-1.2820, 4.7523,-0.3855, 1.4075, 3.0592, 3.4723, 2.4800,-1.4673, 1.1677,-3.9766,-0.4836, 3.1758,-1.1882,-3.6816, 4.3962, 0.1398, 4.9733, 0.1938,-0.4081, 3.4584, 0.2363,-2.1964,-4.6412, 2.6085,-3.1343,-1.9456,-2.5368,-0.5482,-3.2355, 4.3532,-2.9779, 0.4235
-3.4703,-2.0658, 3.1289,-3.9588, 2.0077,-1.3151, 4.9732,-0.1245, 4.0939,-1.8729, 3.4790,-1.8843, 1.8680,-4.1095,-2.1306,-0.3129, 4.2642, 1.4806, 4.2874, 4.9124,-0.8615,-0.9995,-1.6049, 1.6531, 0.3486,-1.0507,-2.2122,-4.3195, 0.4320,-4.6421, 2.6868,-1.1146, 3.8774,-4.8827,-3.3759,-4.9639, 1.9496, 4.7317, 3.5148,-4.9004, 0.5668, 1.4683, 4.8870,-1.8979,-3.4160,-3.9526,-1.6679,-1.8503,-0.5124,-1.8443,-3.9708, 4.7259,-0.5613, 4.7075, 0.2513, 4.1424, 2.0737, 3.8537,-4.7773, 4.6763, 1.8473, 3.5338,-4.9930,-1.4642, 1.5636,-4.8930, 2.3704, 3.4808, 1.8183,-1.7495,-2.1764,-2.4978,-3.8170, 3.4557, 2.7571
 2.4994, 1.3683,-4.0491, 1.8860,-4.5654, 4.1945,-3.5866,-2.9105,-3.8470,-1.4227,-1.6292,-0.0267,-4.1664,-4.8180, 3.9671, 4.3980, 1.8820,-3.0473, 0.7094, 4.7859, 2.0055, 4.5839,-0.5109,-0.7579, 3.3566,-1.7384,-4.1997,-0.5797,-2.2367, 2.3133,-4.6850, 3.1375, 2.4718,-1.2780,-3.5399,-3.3971,-1.9696, 2.8970, 3.5995,-1.2427,-2.8418, 4.2219, 2.7780, 4.1019, 4.2308, 3.1426,-0.5176,-0.7432, 4.9179, 2.9934,-2.4663, 3.1483,-1.6963,-0.4437, 0.7225, 1.9207,-0.6238,-2.1150,-2.3316, 1.7138,-3.8435, 1.2478,-3.5937, 0.4502,-3.0403, 3.6114, 3.6037, 2.7873,-3.7440, 2.4379,-4.9971, 3.0880,-4.3747, 2.4733, 1.7736
-2.5560,-0.6574, 2.3122,-4.8112, 3.4919, 3.5323, 1.0061,-1.6493,-2.2608, 3.3459, 1.8499,-0.9084, 3.9926,-3.6779, 4.0583,-1.0466, 1.7787,-2.9036, 0.6417,-3.4545, 2.3133,-1.4929, 3.9081, 1.8915,-4.8520, 4.8845, 4.1906,-2.6900, 0.9568, 2.4703, 4.3086, 3.3292,-4.6216,-0.0439,-2.4478,-1.2448, 3.7187,-1.1221, 3.6066,-2.4634, 1.4362,-4.9571, 1.4844,-4.0011,-0.4881,-0.4612, 3.8769,-4.9454,-2.3563,-0.7252, 1.6704, 2.2633, 2.9363, 0.6038, 1.7596,-3.7602,-1.3139,-1.8067,-4.7675, 1.6192, 4.7400, 1.5713,-1.6278, 0.5545,-4.3385, 0.8232,-3.2481, 3.3681, 2.7125, 1.0092,-0.1434,-0.4483,-1.5203, 4.2080, 1.8988
-0.6081,-4.6975, 3.3677,-4.8274, 0.2178, 0.8415, 4.8943,-2.8239, 0.2063,-1.6590, 4.3393, 3.0862,-1.9600, 2.4000,-2.4965, 2.1193, 3.8244, 0.6742,-3.8965,-1.0070,-4.6225, 2.1092,-2.4892, 4.1102, 3.0261, 0.7908, 0.6819, 4.1949,-1.2505, 1.9937, 2.5075, 4.1778,-0.8928, 1.9509,-4.1908,-2.7576, 0.7206,-1.2024, 4.1575,-0.4770,-0.2507, 2.5744, 0.2098, 2.3350,-3.8674,-4.8250, 0.3446, 3.3912, 0.7877, 2.3932,-0.1933, 4.9192,-4.6801,-4.9970,-1.3370,-3.4192,-2.4694, 3.3164,-0.4070,-1.1162,-2.6349,-1.4627,-1.1748, 3.6106, 3.1253,-0.9756, 2.5398, 3.1801, 1.9192, 2.5910,-3.0927, 2.0530, 1.2021, 1.2563, 1.5745
-2.6118, 2.9605, 2.3060, 0.3943,-3.0934,-3.2750, 4.0583,-4.6583, 4.0221,-0.9672, 4.0123, 1.9999, 1.0360, 4.0688, 4.0949, 0.3226, 4.1297, 3.3266,-3.1656, 0.2741, 4.5958, 3.9756,-3.1133,-2.4615,-4.3645,-1.6821, 4.0146,-4.3792,-0.6504, 4.9078, 3.8675, 0.7283, 1.5447, 0.5454,-3.8264,-1.6286,-0.4062,-4.8825,-0.8845, 1.3015,-2.9581,-1.0508,-0.2439,-2.3463,-4.3742,-1.8052,-4.8103,-1.9686, 3.2209,-0.5868,-4.8222,-2.1046,-4.0507,-2.9135, 4.3827,-3.5109,-3.0218,-4.0870, 3.5249, 4.3969, 2.9153, 2.3656,-1.8747,-2.6734, 4.9843,-3.4384, 0.8308, 3.4131,-1.0924,-3.2013,-0.2136,-2.5424,-1.0293,-3.8423,-3.7233
 4.6665, 0.7391,-3.9825,-4.6017,-2.1289, 4.3756, 1.6899, 3.4620,-2.1885, 4.9889,-1.9149, 1.9824, 0.1887,-4.8211,-3.1392,-2.9873, 3.3641, 2.6281, 0.6341,-1.4120, 4.7882, 1.2029, 1.4660,-2.0071,-1.8297, 2.9639,-2.4741, 0.3943, 0.1347,-3.2384,-2.1276, 0.4087, 2.5901, 2.1470,-4.3675, 3.5991, 0.7598,-2.2764, 3.1064,-3.3234,-1.0325,-1.2891,-0.8000,-3.3313,-2.4322, 3.0764, 3.7125,-0.5077, 3.1692,-0.1698, 0.5687, 1.0713, 2.1892, 3.4755,-2.9468,-4.4942, 4.8591,-1.6729,-1.6033,-4.4225,-0.5058, 2.8886, 2.2519,-2.3502, 3.6315, 3.3620,-1.7000,-1.9136, 3.0952, 1.4328,-1.1075, 0.2844, 1.7353, 4.4154,-0.0214
 1.4780,-0.0838,-3.1972,-3.9565,-2.9920,-3.9174,-1.3969, 0.5542,-3.9616,-0.4523, 4.1520,-2.5138,-1.7379,-3.0036,-1.1517,-3.5796, 3.6770,-2.1669,-1.4564, 1.1018, 0.0961, 3.0059, 4.3714, 0.5972,-1.1608, 2.6464,-1.8789,-3.8461,-0.1343,-0.8917,-0.1418,-1.5381, 2.5648, 3.6509,-1.9865,-3.3876, 2.7457, 0.5914,-1.5457,-1.1327,-4.6575,-3.6906, 0.4791,-0.5152,-1.1008,-0.1095, 4.7731, 0.2389,-0.6696,-3.3372, 0.7157,-2.7269, 0.7029,-4.6436,-2.3167, 1.6399, 2.4816,-0.9039,-4.2498,-1.4777,-3.8871,-4.3056,-2.1474,-2.3777,-3.0387,-3.3744, 2.7567,-3.9185, 0.8809,-4.8532, 2.0221, 0.3932, 1.9918, 3.4366,-1.5382
 2.9312,-1.1941, 1.2992, 3.7939, 0.0363, 4.5519,-2.5654, 4.4672, 1.0680, 0.7678,-3.3417, 1.3016,-4.4372, 2.6599,-3.8313,-4.5202,-3.8417,-2.0589, 3.9779, 3.9862, 2.5515, 4.4967, 3.7591, 0.6267, 1.2373,-4.7194, 2.2331,-3.8218,-0.2323, 0.7953,-1.9515, 0.0213, 3.8727, 4.9847, 3.3421, 4.6057, 0.2485,-3.4682, 1.5162, 2.2268, 0.9548, 2.1463, 0.8622,-1.8962, 1.5372, 1.7919,-0.4739, 2.0843,-1.6635,-4.2836,-3.7034, 1.8666, 3.0209,-1.7101, 0.2410, 1.7683, 4.9560,-0.6049,-0.2071,-1.0159, 2.3278, 1.6274,-0.7886, 3.0510,-4.3776,-1.9766, 4.7994, 4.3545, 4.2792,-0.8736,-1.9141,-1.3569,-3.2135,-1.9910, 3.1270
-0.6682,-2.4965, 0.9277, 3.9842,-4.9706, 1.0115, 0.7169,-0.2144,-3.0830,-1.1716,-3.4734,-1.6894, 1.4476, 0.0478, 0.3469,-0.2065, 4.8697, 3.1863,-1.2199,-1.0503,-2.2051, 0.9210,-3.2424,-3.5286, 4.9455,-3.0356,-0.4626, 4.0955,-0.5468, 1.3806, 2.2096,-0.2034, 1.3031, 3.4045, 3.3109,-4.0896,-2.7623,-1.5833, 4.5678,-1.2658,-0.6031,-2.5445,-3.6758,-3.0973, 4.7102,-4.9783,-2.6037, 4.3621, 3.0110, 2.0141, 4.1493,-2.5514, 0.1848,-4.4331, 3.3074, 3.2755, 0.9959,-1.5171, 4.9233,-3.2939, 3.7846,-2.1122, 2.6568, 3.4279,-0.3031, 4.2997, 1.9893, 3.9123,-3.5315, 4.4903,-1.9141,-2.8728,-1.6929, 4.7686, 2.3072
 2.6845, 4.9220,-0.7405, 3.4126, 3.7207,-3.1878, 0.7083, 1.6750,-4.9093,-0.0883,-2.5837,-3.6750, 1.3235,-0.4836, 2.6007,-2.8522, 2.3406,-0.1449, 4.7042, 1.3179, 4.1732, 0.0898,-3.7374, 2.7126, 2.2311, 0.3141, 1.1293,-1.2404, 3.1003,-3.3714, 3.4056, 3.1965,-0.6956,-2.8886, 0.3121,-1.8640,-1.6426, 1.8597, 3.9139, 2.3622, 0.1391,-4.1837,-2.1955,-2.9111,-4.1778,-2.2819, 0.1770,-2.3720, 2.9961,-4.0175, 0.3295, 0.6658, 3.8834, 2.3531,-0.1318, 0.5523, 0.1848, 1.5939, 0.9472, 2.8365,-3.2350, 2.1169, 1.4453, 4.0973, 2.8653, 0.0641,-1.8115,-2.1035,-3.4591, 4.8072,-4.0361, 4.6375, 0.3509, 1.3092,-0.0770
-3.9484,-3.3480,-1.2418, 2.6404,-3.6829, 0.5143,-1.6348,-3.8620,-3.8060,-3.5406,-1.3601, 0.6322, 4.0564, 0.2471, 1.9570, 1.8174, 0.5007, 1.4227,-3.5939,-0.9022,-0.2337, 4.3474, 2.6431, 3.4453,-2.0859,-1.5428,-0.7806,-0.9858, 1.4631, 0.8151,-0.9107,-2.6588,-4.4525, 0.3177,-2.0406, 1.5890,-0.7513, 2.2561,-0.5272,-2.0660,-0.8561,-2.5472,-3.5618,-0.5705,-1.6167, 1.4193,-4.2623,-1.5590, 4.3114,-3.8919, 1.5563, 0.9119,-1.5533,-3.6227, 2.0805,-2.4567,-0.8433, 0.7167, 4.5541, 3.6810,-4.8877, 3.0815,-4.0088,-1.8239,-1.7028,-2.4038,-1.0419,-4.9348,-2.2572, 2.7138,-3.0583, 2.4129, 4.3507,-0.7284, 4.8830
 2.5514,-0.4234, 0.9463, 2.1621,-1.0620,-1.0617, 0.2443,-4.2569, 1.6399,-2.2396,-0.1451,-2.2363,-0.3525,-2.1058,-4.9485,-4.1622, 4.4515,-0.6313, 1.3579, 2.7555,-2.3923, 1.4708,-1.5410,-0.8516,-3.5642, 4.2567,-0.4390, 1.7761,-4.3209,-4.2888, 1.2867, 1.4884, 2.5505, 1.8244,-0.5483,-0.0754, 0.4743,-4.5717,-3.0254,-4.0247,-0.7685,-3.7798,-1.3037, 2.1444, 2.9354,-4.7135, 4.6092, 4.1446, 4.4651, 4.3367, 2.7125, 3.8987,-3.9159, 4.0117, 1.3201,-2.4929, 3.2896,-2.8426, 2.3736,-2.5513, 4.4398,-3.7098,-0.4545, 3.1243,-1.4136,-4.6442, 3.7822,-3.0565, 2.3123, 0.1779, 1.2218, 1.0654,-3.2225, 1.4117,-2.6406
-0.3802,-3.7190,-0.7998, 0.6273, 4.3840, 3.4271,-2.5618,-3.5631, 0.6279, 4.0829, 0.9565,-3.0125,-3.5497,-2.4048,-1.4704, 3.9448, 1.0785, 3.5858,-4.3905, 4.8666,-4.2729,-3.6119,-1.5686, 3.4642,-1.9038,-4.1982,-4.0187,-0.6601,-4.8242,-1.6584, 4.4338, 2.3795, 4.0774,-3.2151, 2.4172,-3.6598,-3.3520, 3.0973,-2.4581, 2.1269, 2.5420, 0.0086,-0.0688, 2.7909, 3.6531, 1.0251, 3.3703, 1.3312, 0.9552, 2.9365, 1.1274, 1.4324, 3.4252, 0.1355, 3.0561, 0.2178,-3.5815, 2.9708,-4.8800, 0.2832, 4.9555, 1.2930,-1.7616, 0.1576,-2.7168,-1.2344,-2.2846,-4.3115,-4.7313, 0.3225, 3.3397, 3.4501, 3.8494,-1.2074, 1.7330
 3.3314, 4.2229,-1.8494,-3.3217, 1.6778, 1.7841, 4.0374, 3.7614,-2.5147, 2.5586,-4.1975, 2.3902,-1.6251, 2.3196, 2.1422,-1.3323,-3.5886, 4.0754, 4.6318, 0.8718,-0.7347, 4.6770, 0.8995,-4.8094,-0.8364,-2.8554,-0.8655,-3.4432, 4.9545, 3.3883,-4.0408, 4.8996,-4.6097,-0.4597,-4.3145, 1.8841, 0.6920, 4.4246, 0.3219, 2.7240, 0.4524,-1.7470, 2.0228, 1.7421, 0.9227, 2.6782,-0.3783,-2.6590, 0.0901, 3.5935,-0.8316,-1.0048,-4.8421,-3.4163, 3.8059,-2.2015, 1.4438,-4.5546, 3.2173,-0.2333,-3.2415,-2.6438, 1.9542, 3.8053, 3.0992,-0.5140, 1.6372,-2.5765,-1.3468,-2.2643,-0.9471, 0.0483,-1.8773,-2.2233,-3.3731
-3.9105, 0.1893, 1.3352,-3.0899, 3.5765,-2.4575, 1.7990,-4.3070, 4.9191,-0.0348, 3.5896, 3.5285,-1.5821,-2.0905, 1.9623,-1.9385,-3.9534,-1.3387,-2.5744, 0.4423, 0.7161,-1.5520,-3.6487,-2.7426,-0.8792, 2.1656, 3.2676, 2.9857,-1.2749,-1.7528, 2.2937,-4.9875,-0.4038, 3.7345,-2.5488, 3.2735, 3.7448, 2.1882,-2.4200, 2.1309, 3.0160, 4.8534,-3.2135, 1.0482, 4.5297, 4.5014,-4.5946, 3.4463, 2.3802,-3.2537, 1.4307, 0.9239,-3.4845, 4.8781, 0.6073, 1.1445,-4.6008,-3.3748,-3.3803, 4.9854, 1.8705, 4.2051,-1.4585,-2.7840, 2.8169, 0.3602, 1.6088,-4.4134,-2.6285,-1.1249,-4.0597,-1.6272,-0.7934, 1.9612,-3.3806
 2.1299, 3.0524,-0.8225, 3.8307, 2.9571, 1.1629, 2.2777, 1.3127, 1.8777,-4.6351, 3.5357, 3.6144, 0.3975, 1.3667,-4.2605, 1.9419, 3.6113,-4.3479,-1.7399,-0.4748, 3.0830,-0.9332,-3.5558,-4.8873, 1.4702, 1.4322,-1.8630, 1.4718, 3.6531, 0.8047,-3.2660,-3.5043,-2.5645,-2.4744, 1.9600,-3.1318, 1.6211,-0.3352,-2.0622, 0.2872,-1.8879,-2.8089,-1.0186, 2.7969, 4.4858, 2.9225,-1.6084,-4.1931,-1.2331, 1.9601,-4.1894, 1.4177,-2.8032,-3.1796, 2.5444,-1.1327, 4.8209, 1.5119, 0.5610, 0.1312,-4.4777,-0.2237, 0.4504,-0.8203,-1.9864, 4.1987, 2.1243, 2.1812, 3.5717,-0.4314,-0.8032, 3.7685,-0.5280, 1.3807, 1.8019
 4.6981, 4.8184,-0.0748,-4.6873, 3.8961, 3.0527, 2.8483,-3.2729, 2.3384,-1.8036,-3.2322,-1.4525,-1.9551, 4.3912, 4.4362, 2.3226,-4.0352, 3.3895, 4.9742,-2.2258,-2.4596, 0.6629,-0.4980, 4.2969,-0.0846,-3.9416,-3.2847,-4.8762, 3.5445,-4.5058, 2.5519,-2.8268, 4.0197, 3.9909,-1.5340,-4.8623, 4.1106,-4.3038,-4.7301,-3.0786, 0.7089,-1.9749, 2.5381,-4.0481, 3.0309,-2.2039, 0.7294,-1.4320,-1.7138, 1.0784, 4.0218, 2.4374,-4.6670, 1.7483, 2.2463, 4.2323,-4.1204,-4.5766,-4.9464,-1.4767,-1.6910, 3.1457, 3.7218,-3.0969, 2.6105,-3.3038, 4.0987,-1.8114,-1.5984,-4.5817,-1.8293, 0.6692,-2.1137, 4.2276,-0.5831
