-1.2815
 3.3425
 2.8476
 3.7545
 1.4350
-3.2190
 4.7541
-3.7105
 4.0155
-1.1105
-1.4292
 2.4394
-3.5656
 4.3740
 4.1428
-4.0016
 1.0551
 3.9115
-0.8979
-1.8570
-4.1155
-4.1012
-3.2327
-0.2995
 0.3981
 2.0642
 2.9064
-3.2147
 3.6957
-2.5330
-2.3035
-3.5867
-4.5438
-4.0648
 2.2004
 0.1109
 1.3392
-0.2779
-1.2261
-4.0989
-1.3220
-2.6178
-4.5869
-4.5054
-2.1994
 2.7967
-4.8467
 4.9847
 3.4627
 1.4417
 4.0587
 4.5240
 4.2168
-4.2855
 1.7575
-2.1809
 0.9159
 2.4829
-0.4533
-3.5163
 2.7832
 0.4434
-1.0018
-0.2987
-3.4035
-0.8346
 4.3138
-3.9381
-4.9680
 3.1528
 0.2263
-4.5869
 1.7758
 2.2715
 4.1537
 0.5838
-2.2595
