-2.0095
-1.8566
-4.9993
-4.7002
-2.6405
-2.2139
-1.2728
 0.1979
-1.7404
-4.3782
 0.0298
-2.1278
 3.6571
-1.2106
 4.8434
 2.1998
 4.5575
-4.6405
 4.5339
-0.2158
 1.6483
-1.8155
 1.8049
 3.1250
-0.4115
-4.1130
 1.5588
-0.8377
 2.3968
 1.8953
-3.9247
 0.2677
 1.7510
-1.2703
-1.1611
-1.0105
 2.1953
 2.9213
 2.7551
 3.5133
-2.8621
-3.1416
 3.7775
 0.5410
-1.6113
 2.9776
-1.2997
-1.0856
-4.9589
-1.2977
-1.0842
-1.3460
-0.4827
-2.4526
-1.3662
 3.6515
-4.7518
-4.6997
 0.8413
-4.1955
-3.8825
-3.2346
-2.4388
 3.9695
-0.9518
 0.5306
-2.6142
-1.6897
-0.3778
-3.4865
 4.5850
 0.8367
-2.3991
-0.8931
 0.0642
-4.9314
-2.6099
-2.6981
 3.8561
-2.2209
-3.7746
 0.7803
-3.5778
-0.6287
-0.2553
