-0.8675
-4.5964
-1.2634
 0.7122
-4.9646
 3.7241
-0.6779
 1.4520
 1.3780
-3.3769
-1.2345
 3.0607
-4.0048
 4.9206
-4.9219
-0.3569
 4.8306
-0.5119
 4.0644
 4.9884
-3.2739
 1.9681
-2.1974
 1.7948
-2.5819
-3.8834
 1.4099
-1.3013
-4.3094
 1.1012
-1.3813
-2.0660
 2.5392
 3.0865
-3.2401
 3.5395
 1.4170
-1.4623
 4.5781
 1.7208
 0.5474
 2.5573
-2.8597
-4.6154
-1.7593
 2.9619
 2.3571
-1.2711
-4.0436
 3.8167
-3.4420
-3.1989
-4.4866
-0.2649
 0.6551
-4.8862
 0.0463
 4.7169
 1.6231
-2.6726
-3.4470
 2.2892
 3.5449
-2.3542
 0.9364
-3.0560
 3.4416
 0.6957
 1.6790
 1.5289
 4.2500
 4.3512
 1.6810
 0.5365
 1.4052
-3.2311
-0.8803
 1.0829
 0.4207
-1.9831
-2.5534
 4.6439
-2.3894
 0.2713
-3.9155
 3.5567
-3.2543
-1.6594
-4.4665
 3.9047
 4.4995
 0.3959
-3.6387
-0.6553
 2.5898
 4.1614
 3.0731
 1.9728
-0.3940
-1.1336
 1.0054
