-3.5137
-3.7264
-2.3057
-0.4605
 3.9696
 0.0933
 3.2764
-0.9439
 2.9386
-0.4236
-1.9401
 4.4268
 1.0692
-4.5378
-2.4211
 3.5839
 4.1918
 3.1658
 1.0323
 3.8543
 1.6272
 1.2196
 4.8900
 1.4892
-3.3408
 0.5124
 0.5142
 0.3219
-2.6955
-1.4997
 2.3420
-1.1425
-2.2799
-3.0249
 2.5697
-0.4064
 0.2243
-1.6938
-1.8896
 0.9876
 1.1836
-0.0506
 3.6129
-0.8744
-1.5392
 4.2252
-4.3314
-1.3779
 1.9806
-3.1351
-0.3110
-1.8225
-0.6990
-2.4359
 2.8568
 4.8891
-4.1682
-2.1108
-3.2995
-4.7341
-4.9813
-4.9752
-3.0984
 3.8871
-3.8922
-4.2082
 3.6835
-0.9278
-3.4421
 1.8151
-3.7383
 1.0655
-1.3223
 2.1130
 4.6930
-3.1760
-2.4506
 4.2194
 4.1140
 1.1717
-3.7621
-0.8659
-4.3340
 1.4358
-2.7801
-0.9356
 1.0276
 3.9808
-1.2598
-3.6815
-2.3602
-3.4058
 0.5953
