 0.1090
-2.3857
-1.1457
-0.7597
-1.1120
-4.5287
 1.7981
 2.8233
-1.8205
-1.2288
-1.1234
-4.9505
-4.4932
 0.5131
-1.7223
 1.5949
-0.2074
 3.7486
-2.9286
 1.7161
-1.7820
 2.0623
-3.9670
-0.5968
 4.6960
 0.8409
-3.5164
-2.8141
-0.9114
 0.4129
 3.6172
-3.7573
 3.9986
 2.5543
-4.7760
-2.9311
 2.5127
-3.0031
 4.4424
 4.1042
 1.1955
 4.9476
-1.8755
 3.3345
-4.0739
-2.5230
-1.1179
-2.3375
-2.6663
-1.8899
-1.3786
 1.6135
-4.8218
 4.3009
-2.5150
-2.2461
-3.6067
-4.6917
-3.9314
 0.5856
-1.8195
-2.3943
-3.1310
-0.6085
-1.5644
-3.0031
 2.9993
-0.3972
-1.3812
