-2.1258
 1.7527
-0.4784
 1.7207
-1.1115
-4.5220
-0.5309
-0.6899
-4.4920
-1.4220
-0.9054
-0.5165
 3.9155
 0.1890
 1.2225
 0.2143
-2.7204
 2.1384
 1.3705
-1.3348
 2.2390
 4.6248
 0.7265
 0.1128
-4.6432
-3.0194
 2.5202
-0.7682
-4.3284
-0.8683
 0.1741
-2.9987
-4.6777
-0.0808
 1.5904
-0.3336
-4.5220
-3.0487
 2.9066
 3.3199
-0.5748
-2.3228
 4.5463
 2.4256
 3.1094
 2.2306
-0.4263
-3.3457
-2.0028
 3.4194
 1.2083
 0.2065
-3.7599
-4.4460
-3.1775
 2.7114
-2.6346
 3.3966
 0.8538
 0.2235
-0.0875
 0.9105
-2.7603
-0.7099
-2.4204
-4.2041
-1.4977
-1.9113
-0.0651
-0.7055
 2.1531
 1.6874
-3.3602
 3.9003
-4.3297
-1.2369
 0.0374
 2.6477
-3.4919
 3.5382
-0.4214
-2.1971
 4.6164
-1.0688
-3.8104
