 3.9666
-0.6673
 4.4568
 0.3891
-3.0611
 4.9462
-1.9499
 2.9397
 1.2897
 4.0055
 4.0001
 2.2752
-1.1346
 2.0978
-1.1324
 4.5599
 4.6438
 4.8154
-3.2839
 3.4529
 2.3780
 1.7883
 2.1333
-4.3220
-1.6732
-4.6282
-4.9778
-3.1265
-4.5751
-4.2759
-3.0099
 0.6947
-4.3764
 2.7132
 4.2633
-4.5378
-3.9779
 0.6144
-1.6678
 3.7220
-0.9350
 4.9700
-2.1257
 3.0040
-3.7784
 0.2783
 4.9573
-3.0337
-4.5362
-0.8418
-1.9448
 0.0787
-2.2708
 4.6924
 1.9333
-3.9349
 2.5145
-3.2695
-3.1598
 0.7145
 4.4667
-4.2067
-3.3068
-0.2822
-3.5588
-1.5655
-4.7628
-4.5974
 4.0928
