-2.3588
 2.7702
-2.1249
 2.5587
 4.4166
-4.2003
 2.9298
 2.8539
-0.5167
-0.3671
 3.2752
 3.7000
-3.5908
 1.2761
 2.1993
-0.7392
 0.9373
 4.4823
-3.7521
 0.8765
 3.0515
-3.2404
 3.9535
 0.8814
-4.2032
-4.9641
-2.8159
 0.9068
 3.6309
 0.6843
 4.3363
 3.4331
 0.5588
-0.7106
 4.9840
 0.8000
 2.5148
 3.5590
 3.3782
-3.9042
 2.9078
 3.6456
 2.0998
-0.6793
-1.3380
-0.0032
-2.5423
 2.4733
-3.0295
 0.8055
 0.4864
-1.4032
 2.5883
-0.6624
-3.0593
-1.0764
-3.1578
-0.5670
 0.5652
-4.7610
-3.2468
-1.0100
 4.8529
-4.8688
-1.0005
-4.1044
 0.2086
 1.5632
-3.0902
 0.3120
-3.7674
-0.1788
-0.8543
 3.4470
 3.5322
 0.4345
-1.9774
