-4.0657
-3.2713
-3.3970
 1.7591
-4.9526
 4.1730
 4.6291
 0.4884
 1.4923
 3.1359
-4.9245
-1.9115
-3.3971
 3.1286
-2.3236
-3.6962
 4.5622
 1.5001
-2.7983
-1.3186
 3.9011
 3.1695
 3.4088
-4.2011
-4.0743
 0.7451
-4.8202
-2.6618
-0.2574
-2.7862
 1.0943
-4.5967
 4.0465
 2.8350
 4.4339
-3.0929
 0.7989
-0.2738
-1.9615
 0.5727
-2.4099
 4.5115
-4.3558
-3.0186
-1.9913
 2.6234
-0.9929
 0.7028
-3.3856
 4.3152
 4.2480
 2.8996
 1.6137
 1.9522
-1.8970
-3.0886
-0.1460
 2.1762
 1.4677
 4.8138
-3.1387
-4.0104
 3.1922
-4.6593
-1.1922
 1.1447
-3.2035
 4.4515
-2.7472
-0.8819
-4.8997
 4.8748
 2.0035
-1.2001
 4.1968
-2.3658
 1.1537
 2.8769
-4.2727
-0.8001
-2.5035
-0.6110
-3.0570
-1.1204
 2.8570
-2.4739
 0.7114
-2.4236
-0.6745
 2.5228
-2.1734
-1.8916
-2.2429
