-2.2071
 1.2986
-2.3919
 0.6916
 4.5648
 2.8584
 2.1033
-1.6917
-3.0954
 0.7879
 4.4172
-0.6231
 4.9941
 2.7310
 2.5280
 1.8856
-2.1659
 4.9278
 1.1141
 0.9183
-0.8501
 4.5264
-4.9083
-0.4755
-4.6594
 0.5661
 0.9809
 2.8890
 1.8090
-2.7183
 4.3813
-1.1954
 3.9814
-3.1954
 2.0374
 1.2233
-2.5892
 1.3530
 1.6436
-0.2255
 4.8560
-0.6580
-0.4595
 1.1712
 4.6320
-2.5944
-4.9367
-1.4546
 3.0801
 0.1216
-4.9176
-1.2634
-4.7988
-4.6695
 1.2169
 2.7439
-3.7943
-4.8729
 4.2901
-2.2483
-0.0044
-4.3430
-2.9552
-1.0232
 4.6650
 1.9857
-2.7734
-1.1443
-2.7257
-1.9775
-4.1657
-4.8030
-0.8998
 3.0354
 2.5553
 1.0184
-1.2918
 2.6916
-4.5640
-2.1357
 4.1594
-2.4483
 3.4106
 4.4894
 2.4754
-3.2499
-1.9883
 0.6161
-4.6507
-1.0218
 1.8402
 4.4930
-0.1137
 1.4826
 4.0914
-4.7659
-1.0426
-3.2086
-4.5931
-0.9244
-0.7599
