 3.0454
 3.9154
-1.5629
 2.1017
 3.1352
-4.5824
-3.4881
-1.3928
 1.4786
-4.7984
-1.2688
-0.5620
 3.5896
-3.7562
 1.1264
 1.9934
-1.1019
 2.8390
 2.0746
 1.5764
-0.0207
-1.1409
 0.5079
 1.4499
-4.4176
-3.6853
 0.4781
 0.6368
 1.5842
 1.3248
-3.6259
-0.6090
-0.9232
-4.3535
-4.1391
-3.2528
 0.2355
-4.1393
-1.4352
-2.2434
 0.8177
 0.1485
 4.7975
-4.6149
 0.7681
-4.3558
 3.8803
 1.1620
-1.6425
-0.3240
 0.8307
-0.7631
-0.5244
 3.7867
-4.5692
 1.5481
-2.2116
 3.4225
-2.0339
-3.6001
 1.8981
-4.6571
 1.9396
 3.3584
 3.6949
-4.1423
-0.5373
-2.5897
-0.8659
 3.6255
-1.5251
-3.9499
-0.2221
 3.2374
 0.2475
 0.9485
 2.9936
-3.2931
 0.4788
 4.3401
-3.0038
-4.9132
 0.1618
 1.1414
 4.6346
