 3.2865
-4.1359
-0.7891
 0.1163
-4.8134
 1.9586
-4.0238
-2.2627
 0.1151
-4.0235
 3.4973
 3.3576
 3.1048
-3.0934
-4.6129
 1.4768
 1.3249
-1.7448
 0.7234
 2.6864
-2.6806
 4.7017
-1.3962
-3.5872
-1.4935
-3.4525
 3.0677
 3.1954
-1.4557
-1.7700
 3.2610
-1.6709
-4.5162
-1.7177
-1.2292
-1.1733
 0.9430
 0.7079
-4.5730
 4.3963
-0.1836
 1.5311
-1.6052
-2.9475
-4.1899
 4.1506
 2.8566
 4.8873
 1.3606
 4.2814
-0.1816
-3.6289
 2.3127
 4.1526
-0.3109
 3.0192
-0.1098
-1.4411
 1.7106
 0.8721
-2.9175
-1.7614
 2.3322
 0.1099
-2.7990
-0.1574
 0.8750
-3.0023
 2.9503
 0.4140
-1.9493
 1.8067
-2.5346
-0.2901
 3.0208
 0.5327
-4.7943
 0.7885
 1.5786
-0.3908
 1.2704
-2.5067
 1.4196
 3.6180
 0.0187
-3.3097
-0.3720
-0.9165
-0.8535
-1.5234
-3.0341
-1.1542
 2.7647
 3.1030
-4.1056
-3.8918
-3.3795
-4.8432
 3.5924
-0.2988
-2.2206
