 3.2681
 2.8517
 4.7895
 1.0175
-3.7280
-0.1980
 4.9665
 1.7556
 4.3920
 3.9219
-2.1743
-2.5559
-1.1287
 1.6013
 3.2005
 2.2825
 0.3362
 1.6964
-2.5702
 0.3768
-4.5220
-3.6001
 4.5873
 2.6891
 0.0351
-3.5414
 0.5946
-2.1031
 2.4178
-2.3624
 0.4905
-0.1159
-3.5885
 3.2664
-0.0982
 2.2507
-4.4087
-3.7255
 3.6748
-4.4803
-0.2232
-4.0925
 4.2930
-0.1241
 0.3760
 2.3096
-3.4404
 3.8725
-0.5101
-1.5463
-0.4663
 3.2335
 0.1166
-1.3697
 3.5885
 1.0035
 0.8148
 0.8478
-1.5645
-3.4802
 1.3762
 0.5374
-2.3560
 4.5831
-2.9607
 2.8105
-2.1453
 4.6036
-2.0555
 2.1814
-0.2961
 0.6405
 0.1751
-4.9927
 2.4116
-2.3935
-0.6352
