 0.0059
 3.7394
 3.2024
-0.1239
-4.7555
-0.1423
-0.2320
-3.0539
-3.0660
 4.0675
 1.0943
 0.7650
-2.4061
 2.1218
-3.3185
 3.3102
-0.7729
 4.9558
-2.9779
 1.6593
 1.5702
 0.3043
 4.2106
-2.0918
 1.5545
-3.2021
 4.5143
-1.0198
 0.4817
 3.4856
 4.7847
-3.9525
 1.5059
-0.8667
 0.0251
 4.0622
-2.5420
 1.0777
-3.1362
 1.6031
-2.9284
-3.6454
 4.2021
-4.7473
-3.7058
 0.9467
 4.6611
 2.3075
-0.2462
 4.9736
 1.4365
-2.4747
 3.3895
-0.3333
-1.4228
 3.7021
-4.0754
 1.8365
-1.4591
 3.6649
-3.2494
 1.5644
-3.4419
 3.5224
 3.6723
-4.3860
 1.9353
 0.5535
-3.8188
