 2.9997
 0.7915
 3.2410
-4.0352
-4.8873
 0.9195
-3.5822
-3.1551
 3.9554
 2.1832
-0.2218
-2.8368
-3.5430
 0.2769
 1.6186
-0.3488
-1.7728
 1.7403
 0.1694
 0.2596
-4.1125
-2.3597
 0.8231
-3.6563
 1.4265
 1.3304
-3.0993
 4.1202
-1.8363
-1.9460
 0.4834
 4.6350
-0.8020
 0.5249
-2.4057
 0.7561
 2.7746
 1.3331
-1.1310
-1.2850
-1.3973
-1.7590
 1.1469
-2.9558
-0.9198
-0.2524
-4.7730
 4.2289
-3.8562
 0.4423
-3.2809
 1.3326
 0.6731
 1.2661
-1.6024
-1.3532
-2.7925
 3.3611
 2.2648
 3.1970
-0.3961
 1.9390
-3.2565
-4.0761
 3.0121
-3.0250
 4.6733
-3.3403
 3.9821
-1.1050
-4.4804
-2.8078
 4.3423
 3.3333
-1.9720
-2.4813
 4.0982
-1.1029
-0.4969
 4.5594
 1.7487
-3.7321
 1.4273
 4.1928
-3.1045
 4.5705
-0.0259
-0.6798
 0.2171
-2.5584
 2.1081
-0.3660
-2.6067
