2.7345
-4.8614
-2.3284
4.3208
3.3831
-4.7712
4.6561
-1.0209
0.15229
2.3166
0.53231
4.8324
0.34354
1.4131
-1.6337
4.8233
3.8603
-3.9329
1.2032
3.7112
0.88828
2.6559
2.4779
-3.7375
1.3674
4.0357
-1.6624
-0.09112
-2.7462
2.6401
-0.95208
4.6011
1.1239
-1.4642
-2.9154
-4.2328
0.85291
-2.3624
0.83717
-4.6309
3.9651
-3.2473
2.2094
-3.814
-0.23209
2.427
0.33551
1.351
4.574
-2.5696
1.2884
2.4615
3.5253
1.7086
4.6878
-4.9713
-4.2004
0.67705
-1.6259
1.07
-3.7557
0.81614
3.68
-3.693
-1.363
-4.1094
-3.1726
1.127
4.266
2.3821
-4.9475
-0.46534
0.52925
-1.3935
-4.7493
1.7212
1.7736
-1.2152
-0.65558
0.32949
-4.4807
-2.6859
-0.73928
-3.5722
4.8812
3.4809
4.2807
3.7247
-1.054
-1.2299
-4.7426
2.7474
-1.4781
-3.0194
1.8938
-2.8796
-3.8851
4.4247
3.5516
3.6278
