-2.4287
 2.3915
 3.6741
-1.9242
 1.3245
-2.9307
 4.6002
 4.8371
 2.6906
-3.4308
-1.1932
-4.0270
-2.0771
 4.1635
-1.6270
 2.3100
 4.9569
 1.5084
 1.4264
-3.3113
-2.2747
-1.5079
 4.8959
-1.5898
 3.3080
-0.2772
-2.4746
-0.2989
-0.0472
-1.3611
-2.1501
 1.0012
 3.3503
-4.5847
 4.6298
-1.7260
 0.2964
 4.1816
-2.0043
 2.4165
 1.2249
 3.2479
-3.9324
-1.1904
-0.1841
-3.6061
 2.2125
-1.4718
-3.6430
-1.4518
 2.9125
-3.0174
-4.7545
-0.2056
-0.2265
 0.9096
 4.4779
-2.7213
-0.1692
-3.2128
-1.7985
-0.8965
 0.2618
-3.3023
 2.7860
 1.8324
 2.7881
 3.6173
-4.9733
 0.6332
 4.4220
 1.1169
 2.5684
-1.9571
-0.2876
-3.5193
-0.7456
 2.2923
 1.0437
 3.9251
-0.7187
-0.2650
-4.3206
 4.3531
-4.5250
 2.5927
 3.2699
-1.8232
 0.8094
-1.6417
-1.3716
-0.8659
 3.1658
 4.9697
 1.1929
-4.5052
 3.3745
 0.6307
 0.8932
 2.7257
-2.8848
