-2.6801
-2.5147
 4.5405
 4.1650
 3.2801
 4.8589
 4.1827
 2.7053
-1.1904
 3.3951
 4.5840
-0.7543
 4.9017
-0.7490
 0.5978
-4.4296
 0.7197
-3.0855
 1.0202
 1.9569
 4.4304
 4.2866
 1.4731
 1.5207
 3.0072
-3.0146
-3.5171
 4.3227
-3.0799
 3.7487
-4.7164
 2.3518
 4.0818
-1.3571
-0.2276
 1.9396
-1.4333
-0.5197
-2.5489
-2.3238
-0.4082
 0.2673
-2.7653
 2.5130
-2.7789
 2.0025
-4.1482
 0.5727
-4.4888
-1.2790
 3.2812
-1.1415
-2.3885
 2.9841
 3.0011
-1.9916
-4.0218
 1.6860
-3.6479
-3.1960
-0.6159
-0.0240
-3.9116
 0.5336
 0.9333
 3.5040
 3.4608
-2.0650
-1.8664
