-0.9498
-1.8252
 2.2528
-4.2826
 0.4150
-2.4376
 2.7277
-3.7276
-0.9249
-2.8020
 0.1129
 3.6362
-0.1976
-2.2052
 2.6809
-1.1942
 2.9986
 1.8589
 0.0495
-0.5975
-0.9519
 0.6135
-4.7217
 2.3088
 3.4018
 3.7007
 2.4606
 1.5313
-4.5958
-4.5088
 3.2934
 2.9984
-4.8950
-3.9706
 2.8909
-3.9938
 0.4983
 0.2028
-0.9302
-1.5248
-2.3051
-0.3157
-1.0815
 3.7696
 0.8391
 1.5478
-2.3656
 3.4388
 0.8545
 1.2778
 3.8913
 0.8395
 2.7245
-4.3674
-4.5941
 2.0549
-0.7368
-2.9420
 4.7779
-2.2191
-3.9911
 0.2420
-2.5643
 1.6196
 4.3892
-3.0231
 3.0801
 2.1281
-0.4540
 1.0758
 3.3426
 2.0471
-0.9073
 0.3940
 2.5402
 0.1771
-3.1526
-1.4436
-2.7461
 4.0170
-2.6226
 2.6194
-2.3982
-3.9621
-1.3853
-1.7064
 0.1778
 3.4527
-0.5050
-1.2087
-1.5028
-0.7885
 1.0955
