 4.7700
 0.8350
 4.4512
-3.3242
-3.2179
-1.9122
-4.8776
 1.2878
 2.2091
 2.1864
 3.8505
-1.3801
 0.0305
 2.9824
-4.6486
-0.1420
 3.9525
 1.9122
 1.6152
-2.5015
 4.5374
-4.8149
 0.0525
-0.3483
 1.5066
 2.9992
-1.6092
 0.3903
 3.5638
 4.2685
-0.8076
-1.4536
 1.6054
-3.6446
-4.3235
 0.3270
-2.3143
-3.3338
-3.7849
 0.7425
 1.4249
-3.8525
 2.7605
-1.1539
-3.9357
 2.8900
-0.3339
-3.2944
-1.1349
 1.1588
-1.9908
-1.4867
 0.3707
 3.0161
 2.7370
 2.6880
-0.2679
-2.1794
 2.0627
-3.0137
 3.9579
-2.9015
 3.1852
 1.4707
 2.4280
-1.2434
 4.5047
-0.6433
-0.2596
-0.6804
-0.0623
 0.1793
 1.5409
-3.0155
 1.2525
 0.0955
 0.3745
