 1.4872
 1.4587
 3.8990
-2.6842
 4.0366
-1.9997
 1.5051
-1.0607
-2.8029
 2.7962
 1.9540
-4.2847
-4.8893
 3.3340
 2.0742
-0.6834
 1.3494
-0.2311
-3.6834
 0.2805
 2.3728
-4.0425
 0.3524
-3.4149
 2.2750
-1.9658
-1.3542
-0.3194
 4.8125
 1.0052
 4.7601
 4.5758
-0.1731
-1.9291
 4.7836
 1.0951
 1.3410
 3.0145
 1.8857
-2.7092
-4.5294
 3.7753
 4.0833
 0.0914
-4.9435
 2.6679
-1.9178
-0.7912
 0.3751
 3.1499
-2.9718
 0.7585
 1.1307
 0.2507
-3.8830
 1.6968
 0.0669
-2.9209
 3.5042
 0.7499
 4.7391
-1.3754
 4.8167
 1.9687
 1.5260
-2.3911
-2.7652
-1.8644
-3.9212
-4.0713
-1.9761
 2.3249
 3.7696
 0.5137
 2.7217
-3.9632
-2.1505
-4.1346
-0.8353
 0.3279
-4.9104
-4.0316
-2.4585
 1.7790
-4.3899
