-2.5548
 4.8470
-4.7452
-0.7352
-3.8439
 2.6034
-0.9908
 1.4033
-0.4409
 2.3005
 3.2559
 2.1305
-4.3971
 4.3109
 1.4866
-4.0158
 4.7219
 4.4341
 4.7039
-3.8888
 3.4948
 0.7309
-4.3880
 4.2401
 0.6985
-4.5810
-2.6319
-3.3818
 2.7959
-3.6343
 4.2482
-2.6152
 3.2388
 0.9935
 1.2062
-1.0686
-1.9306
-4.6506
 4.5688
-1.7535
-0.4562
-0.2863
-3.8123
-0.7963
 1.4308
-4.8369
 4.1224
-0.3718
 0.8385
-3.0534
 2.8753
-4.7595
 3.5661
 3.9810
-2.0002
-0.0415
 1.4000
-3.4849
 4.6801
 1.4598
 2.4170
 0.0926
 2.0448
-0.5611
-3.5280
-0.6305
 0.4091
 3.9200
-1.3870
-1.8014
 2.0029
-0.0606
 4.2644
 4.7114
 2.2015
 2.6001
-1.9527
