-2.9198
 0.9181
-4.2530
-2.1660
-0.9330
-4.6222
-0.7733
-0.2811
-0.1112
 1.4976
-2.3227
-0.2548
-2.5766
-3.4545
 1.7733
 3.4069
 1.6746
 4.3417
 4.9280
-1.2800
-1.7796
-4.3161
-0.1934
 0.8760
 0.5295
-2.4196
-2.4680
 1.7295
-4.2419
-0.0982
 0.0999
 4.7922
-3.4323
-0.2844
 4.8411
-1.6065
 4.5660
-4.7304
-3.2578
 1.1620
 0.4917
-0.5342
 0.3510
 1.8379
 4.4861
-2.8311
-4.3179
 2.9909
 2.8015
 0.1048
 2.0302
-0.9670
-3.1794
-1.9195
-3.1154
 2.0662
 1.0094
-4.4692
-0.3048
-3.4371
-1.4830
-0.0947
 3.1974
-4.3300
 1.5613
 1.6117
-1.3130
 0.4754
-0.5925
