-0.2708
-2.5958
 3.1212
 0.3910
 0.2695
 1.4941
-3.6914
 4.8488
 2.3985
 4.6809
 4.0020
-2.9686
 0.4093
 2.7586
-2.3504
-2.0156
 3.6593
 2.2155
 2.6563
 1.5059
-1.4180
 4.1764
-4.2429
-0.7623
 2.2340
 3.4333
 1.6210
-0.0423
 4.8106
-2.9212
 0.9594
-3.4773
-2.6132
-0.4675
 4.4264
-4.3234
 3.9144
 4.6407
 0.5449
-1.6088
 0.5787
-0.4442
-1.7467
-0.0602
 3.0818
-0.2848
-0.6963
-4.2033
-0.2896
 0.5500
-2.8618
-2.8658
 1.8885
-4.4875
-3.5022
-0.4411
-0.9550
 2.6919
-1.9058
-2.2013
-2.2440
 3.7824
-1.3672
-2.4381
-2.9833
 2.4269
 3.1350
-4.7857
-0.8237
-1.6845
 2.9111
 3.8386
 0.0051
 4.4771
 2.5240
-3.7396
 4.3352
 3.9107
 2.9055
 0.4112
-0.5043
 0.7413
-4.2032
 1.1264
-3.0690
