-1.1617
 0.7498
 3.1004
-2.3764
 0.5719
-3.8938
 1.1244
 2.3244
 2.7584
-0.3804
 4.8847
 1.1248
 4.5943
 3.8779
-1.7387
-2.6025
-0.7925
 3.2029
 4.4796
 4.0427
 0.3368
 0.2024
 2.4089
-1.6089
-3.3385
-2.1341
-0.9686
-4.5528
 1.0771
-1.7173
 1.5527
-0.5957
-1.1858
-2.0798
 4.8289
 2.0969
 1.7942
 3.6608
-4.4324
-3.6385
 1.1215
 0.7817
 4.3569
-3.1597
-4.0150
 1.7527
 3.4979
 3.7250
-2.7766
 3.7511
-4.2654
-0.9840
-0.5200
-3.6073
 2.1752
-2.8518
-0.1810
-4.1548
-2.6999
 2.1229
-4.2156
-2.3289
 3.1848
-3.2508
-1.9019
-0.5084
 0.5927
 4.2593
 3.0714
-0.3691
 1.9992
 0.7623
 3.0058
 0.5503
-0.8923
 1.2184
 2.5221
-2.1545
-4.0115
 3.8416
-0.9909
-2.0461
 4.3477
 3.3715
-4.9220
-2.9292
-0.4842
 3.8033
 4.6168
-0.8950
-0.3738
-4.5627
-1.9399
 3.4297
-3.2560
-0.1007
 1.8149
 2.3753
-2.2059
-0.4133
-3.9642
