-1.2530
-2.2792
 4.0266
-2.9615
-4.1148
-4.7316
 0.5109
-3.6519
-3.8552
-2.8285
 4.1020
-1.9268
 2.4979
 1.9139
 3.4696
-4.3842
-0.1083
-4.0572
-0.2405
 0.8299
-3.3938
-4.2580
-1.9841
 3.4744
 0.4918
 4.4751
-0.8240
 2.2893
-4.2759
 4.4619
-4.2020
-1.2083
-0.0638
-3.3190
 0.0864
-1.5396
-3.6910
-4.5894
 2.7795
-3.3587
-4.4221
 2.9968
 3.8172
-3.4581
-0.0694
 3.4034
-4.3156
 2.6368
 0.9896
-3.8551
 2.5132
-0.1336
 4.8504
 1.9037
 4.8829
-0.2862
 4.0087
-1.1253
 1.2586
-4.6110
-3.9410
-3.8507
 4.7572
-2.8005
-3.2725
 1.5332
 0.1883
-1.0772
-0.3839
 2.8834
 4.1231
 3.0737
-2.7821
 2.0573
 0.1330
 3.7516
 3.5738
-3.2655
-4.8671
-3.5040
-1.6098
 2.5317
-0.6494
 4.5874
-0.8065
 1.2814
-0.7684
-0.3927
-1.9203
-4.6527
 3.6401
 0.9954
 3.9706
