 0.1573
 1.3058
 2.8351
 1.0348
-4.8108
 1.2570
 0.8216
 3.0357
 3.9839
 4.4683
 3.8798
 1.6125
-4.6524
 1.3174
 0.7909
-2.4947
-2.4507
-3.8036
 0.4751
 2.3068
-1.7589
-2.9802
-0.3637
 1.2315
-0.5305
-1.3748
 4.9888
-0.9485
 1.3928
 3.3855
-3.2785
-3.2628
 3.1954
 0.6998
 0.4147
-4.9354
-0.6779
-4.5982
-2.6928
 1.9286
-3.2109
 0.2374
 1.7085
-0.0539
-2.5124
 1.4855
 3.2847
 1.5244
-1.7431
-0.0790
 2.3189
 2.3322
-1.1152
-3.3631
-1.8867
-0.0745
-1.8752
-2.7365
 0.6413
-0.8149
-4.4647
 0.1797
-4.9182
-1.1254
-0.0997
-1.9794
 0.4550
-0.1256
 3.2910
 0.2543
 0.2919
-1.4454
 2.7986
 1.5059
 0.7455
 4.8908
 1.8455
-4.5945
 0.7286
 0.4507
-3.6048
 2.9539
-2.9505
 0.3735
 4.7693
 4.8149
 1.7267
 1.1927
 2.9192
 2.0319
 4.8524
-4.2056
-0.6488
 0.7710
-1.2374
 3.0209
 1.5963
 4.2216
-0.1219
 2.1180
 4.0778
