-0.3715
-1.9131
 2.4642
 0.4096
 3.9341
 1.6769
-4.1440
 0.3115
 3.5061
-4.6070
 4.4874
 2.2974
 3.3159
 2.6480
 2.0432
-1.6176
 1.3733
-0.2051
 3.3336
 1.5780
 3.6059
 1.1443
 2.9479
 0.6694
-0.2775
 2.2934
 4.9330
 4.1027
 0.3200
-4.1935
 3.6840
-2.5095
 0.9141
 3.4227
-3.9870
 1.7059
 2.0300
 1.0719
 4.8093
-2.6888
-0.3484
 4.6928
-0.2188
-3.1195
 1.5006
-0.6592
 4.6149
-4.2352
 3.1113
-2.5286
 1.8829
-0.8798
 4.9090
-1.6396
-1.0499
-2.3284
 0.0328
-1.5233
-3.5782
 1.7695
 1.2280
-0.2027
-4.1420
 1.4321
-3.1626
-3.0514
-4.4650
-2.4963
-2.6787
 4.3128
-4.1464
 2.8628
-2.6934
 1.7762
-2.8726
-0.0849
-3.4212
