-3.9909
-3.6567
-3.6774
 2.8666
 4.4927
 0.6119
-2.6856
 1.6100
 2.0887
-4.2235
 2.4993
 4.2701
 3.5534
 1.1994
-2.5716
 4.3035
 4.9309
-0.1240
-0.6725
-0.5627
 0.6798
-2.5169
 0.2817
 0.0341
 2.4741
 2.1599
-1.5582
-1.5309
-0.8061
 0.2784
-3.8566
 0.2412
 0.7311
-1.3480
 4.7160
 4.7958
-0.7747
-2.4917
-1.4305
 1.1431
 1.3329
-4.0447
-3.6142
 3.5269
-4.2593
-2.4248
 2.7548
 1.7035
 3.5993
-2.2511
-0.8321
 3.7023
-0.1952
 2.9906
-4.4946
 4.6476
-0.9032
 3.8374
-2.7846
-3.6372
-4.6639
-1.1124
 0.1512
 4.5914
-3.3691
-3.7619
-0.9699
-1.2234
-0.0561
-0.7479
-2.4467
-1.1255
 4.8964
 4.3682
 3.1572
 0.4779
-4.7797
-2.2748
 4.9720
 4.3594
-3.9672
-1.9628
-2.2998
 2.0906
-1.1679
