 2.9753
-1.3223
-2.7791
-4.6150
 4.9846
 2.2873
 0.1738
 3.8793
-1.6424
 3.2859
-0.8170
 2.4343
-4.4205
-1.5872
 4.1300
 4.7992
-2.0262
-3.4363
-3.7918
-4.3947
 2.5204
 0.6884
 1.5627
-4.8152
 2.3564
 4.5474
-3.3304
-0.5829
-1.2420
 2.9002
-3.5614
 3.1027
 1.0080
-1.4414
-4.3992
-1.8489
-0.1850
-1.9292
-2.0181
-1.1854
-1.8859
 3.3203
 0.6753
-4.2520
 0.3566
-1.5215
 1.6466
 4.7665
 2.1359
-1.0707
-1.5751
-2.0506
 3.3482
 3.6739
-2.5788
-0.0044
 3.6709
 1.1164
-1.2146
-4.9954
-3.9450
 4.7026
-1.6210
-4.1594
 3.9216
-4.7989
 0.4316
 0.6147
-3.8647
 0.6264
-1.5399
 3.4766
 4.9673
 3.8767
-1.7764
-0.8881
 2.4998
-1.9633
-2.2378
-3.4143
 3.8275
-4.9047
-4.1773
-0.1937
-1.1944
-2.5406
-3.1351
-2.0472
-0.2443
 3.4526
 3.3349
-4.7205
-1.1059
