-3.7542
 1.5890
 2.9296
 2.3759
-1.8230
 2.0716
-1.1082
-3.4927
-3.8800
 1.9603
 0.2248
 3.7703
-3.3801
 1.2767
 1.5246
 4.7264
 0.4178
 4.8356
-3.4408
 1.5733
 4.9261
 1.2716
-1.1570
-4.0326
-4.2030
-0.3271
-0.3660
-1.3309
 1.9664
 3.0388
-3.9131
 3.0726
 0.2382
-2.9686
-4.1265
 2.7500
-0.8066
-4.5655
-2.5551
-3.9319
 0.0785
-3.6883
-3.2769
 0.7303
-1.8147
-3.1942
 3.4263
 2.0443
 2.0713
-3.6643
 2.3486
 4.7033
 2.7134
-0.8931
-2.6351
-4.4181
-1.2164
-3.7402
 3.5678
 0.9666
 1.4317
-1.1902
 4.8436
-4.5486
-1.6535
-2.2412
 3.5524
 3.0142
-3.5169
