 4.8274
-0.0717
 0.0473
 2.5794
 3.0541
-2.7113
 4.9333
 2.7721
-1.3096
-0.7215
-2.4761
 0.4654
-4.1171
 1.8495
 2.4667
 1.5639
-3.7795
-3.7032
-2.6111
-4.1723
-2.2944
 3.0100
-3.2526
-1.8238
 3.2096
 0.1114
 4.0446
 4.4015
 3.6802
-4.9994
-2.4729
 1.1078
 1.7312
-2.3903
-0.5250
-2.0491
 4.8171
 2.6446
-4.7691
-3.5799
-1.7075
-4.2650
-4.9277
 1.0686
-2.3980
-3.9587
-0.8126
 3.1484
 1.9864
 3.1159
 1.9564
-2.2012
 2.7691
 3.4973
-4.3273
 2.2399
 0.7812
 0.3871
 2.2390
 2.0587
 2.7543
-0.1936
 2.9967
-3.4650
-4.2319
 2.5465
 2.4276
-0.2971
-0.0564
-4.5353
 2.0105
-2.7200
-1.8509
 3.6506
-3.9419
 4.1665
-0.9115
 1.1056
 0.4152
 3.7974
 4.5423
 3.2912
-2.0405
-0.2392
-3.8409
-3.1704
-3.1016
 1.5325
 0.5086
 4.4798
 3.9575
-2.2124
 3.3996
