-1.7965
-0.6244
-1.5023
-3.7781
 2.0723
 2.9952
-4.0421
-2.9879
-0.6925
 0.9343
-3.0688
-1.4411
 1.4162
-0.8478
-0.3910
-2.5055
-3.9952
-3.3576
-0.6568
-4.7700
 4.1301
 1.3012
-3.2258
 4.9461
 3.0182
-3.9540
-1.1535
 0.5068
-2.8011
-2.9131
-1.6747
 3.1973
 0.9093
 0.2772
 4.7387
 1.8187
 4.5966
 1.7254
-1.3030
-1.2609
 1.1640
 0.5900
 0.5216
 3.0535
 3.6669
 3.3356
 3.9194
-0.1675
 1.8586
-1.4292
 4.6828
-0.6243
 1.6774
 3.5654
-0.9666
-1.0969
 4.4908
 2.7853
 2.3341
 2.9075
-2.7140
 4.5648
-2.2676
 4.5743
 2.0805
-3.1761
-0.4646
 1.4502
 4.8588
 2.9038
-2.3017
-2.0515
 0.8574
-1.0750
-4.3084
 0.9905
 2.2830
 0.0486
-1.9445
-1.6022
-3.8952
 2.8808
-0.2451
-4.7027
 4.0988
