 2.4598
-4.0059
-4.0416
 1.8193
 4.8342
-1.7927
 0.6443
-0.8601
-1.0677
 4.2187
 0.7759
-3.5629
-3.5762
 0.0283
-3.3560
 3.6459
-1.9313
 1.5521
-3.3393
-0.6861
-4.2076
 1.6972
-3.5153
-1.5733
 1.2754
 0.3785
-1.6849
 1.6313
 4.5929
-3.3119
-2.0204
 1.1919
 1.0542
-1.0856
-2.6139
-4.1232
 4.0030
 1.7431
-2.3676
-3.7891
 0.6938
-4.6801
-2.3377
 2.7294
 0.3384
-2.1169
 2.9454
-0.7761
 0.1693
 0.7912
-1.2875
-1.4224
-3.7542
-1.4566
 1.4991
-1.5432
-2.7070
 0.1320
-2.9659
-2.9308
-4.3375
-4.8990
-2.0010
 1.8407
-4.4420
 1.6423
 4.5488
 1.8568
 4.1804
 3.9072
 3.2171
-3.8563
-3.0491
-1.4923
-2.8580
-2.3021
 0.1731
 3.3807
-4.6202
-4.6305
 3.1001
 2.6033
-4.5913
 0.1424
 0.0452
-2.6474
-1.0059
-3.0117
 1.6040
-2.4956
 4.5124
 3.5989
-3.3757
-2.1164
-2.8162
-1.7423
 0.1179
-0.8961
-1.8027
-3.2166
 3.5998
