 2.9324
 1.5319
-2.0747
 0.6711
 1.5780
 3.2718
 4.6954
-1.4438
 2.8673
-4.4480
-3.1602
-3.2197
 1.3771
 0.2043
-4.9172
 1.5682
-2.3257
 1.0707
 0.4559
 4.3473
-4.9080
-4.6218
 3.9489
-2.3975
 3.0417
 3.5523
-3.6014
-4.0483
-3.3262
 1.6315
 1.6833
-2.7116
-2.1780
 3.0350
 3.7198
-0.5334
 0.4071
 4.4050
 2.0829
-0.8850
-0.8033
-3.0017
-0.1661
 1.5398
-3.9072
 2.7175
-0.7913
 0.1173
 3.3381
-0.3011
-3.4537
 0.5323
-2.2416
-3.8811
-0.5957
-3.9983
-2.7249
 3.9865
 4.7965
-0.8081
 3.5243
 0.6989
-2.0597
-0.0125
-0.2555
-0.0931
-0.7957
 3.0072
-1.0134
