-3.7507
-3.0152
-2.8329
-2.5983
 4.2575
 2.5488
-3.2330
 3.1403
 0.9248
 2.6357
-0.6060
-4.9727
 4.5024
-0.9743
-2.4634
-0.9845
 4.7953
 4.9871
 0.0022
-0.6497
 3.0487
-2.7435
 0.7834
 3.6761
 0.1035
-4.7403
 4.6737
 3.6133
-4.9033
 0.8126
 3.1933
 4.9403
-2.2847
 3.4827
 0.6093
 0.7469
 2.5072
-3.8384
 2.7541
-0.6622
 3.6307
 1.3978
-0.8032
-1.6532
 3.1051
-2.9549
 1.6606
 1.1417
 4.5404
 3.4424
 3.2004
 3.3352
 3.2559
 1.6494
-2.0457
-3.8956
-1.5644
 4.6616
 1.9617
-0.4988
 4.9803
 2.6444
-2.0406
 1.2576
 4.1630
-1.9909
-2.8713
 2.9667
-1.1735
 0.9686
 3.8487
-1.9384
-1.4970
 3.9661
 3.6634
-4.8413
 1.6634
