-3.6582
-0.9193
-4.4035
 2.7333
 2.7554
 4.7718
-2.2793
-1.7097
-3.3140
 0.7516
 3.7188
 1.2967
 2.3305
-4.8354
 4.4738
 3.0370
 4.3958
-3.1698
-3.9198
 2.5473
 2.9754
 3.9782
-4.1016
-1.3940
-2.6383
 1.7843
-4.2410
-0.9660
 1.3652
-2.9344
-0.7327
 1.2485
-2.5194
 3.5955
 0.1170
 2.9506
 3.3370
-2.4249
 1.3883
-3.2149
 3.4023
 3.9800
-4.0026
-3.2927
 3.1205
-4.9932
 0.9387
 3.7745
 0.0322
 1.9503
 0.0763
 1.1152
 1.9435
-2.0984
 1.0595
-4.1687
-4.9736
 2.8579
-4.3642
 0.9875
 2.3161
-3.4139
-2.8835
-1.0210
-3.3342
 2.1069
-1.1868
 4.6359
-0.4550
-1.3226
 3.0857
-1.2485
-4.4520
 3.2974
 2.2571
 1.4879
-4.3598
-1.9284
 0.1212
 4.7501
-1.1301
 4.1338
-2.7740
-4.7149
 4.8482
 2.5690
 2.4758
-4.4168
-3.5731
 3.4246
-3.8551
-3.0631
-4.9695
-0.8039
 2.1046
-2.6478
 4.9277
 3.0992
 2.7423
-4.8996
 1.3706
