-3.2157
-3.6337
 0.2974
-4.8873
-3.4347
 2.5238
 4.9956
 2.3289
-4.2110
-2.5430
 4.8583
 0.5078
 4.3610
 1.1342
-1.3071
-3.9419
-1.3669
-1.5990
 0.1642
-0.8391
 4.8436
-3.6421
-4.5856
-0.8536
 0.6347
-4.0430
-0.7236
 3.6947
-4.3842
-1.7010
-0.7004
 2.4915
-2.2149
-1.7426
-3.4543
 2.8218
-3.5375
-3.6389
-2.9496
 3.8793
-2.8500
-1.7722
-4.1753
-1.0752
-3.0920
-4.3147
 1.5918
-3.0407
-4.9588
 3.9262
 1.1845
-3.4895
 3.3244
-0.3944
 1.6302
-4.6960
-4.9536
-3.2694
-0.6670
 1.8273
 3.7057
-4.4168
 3.3404
 4.9492
-4.6014
-2.3620
-1.1255
-0.6182
-2.7426
