 3.1600
 3.7724
-0.0171
 3.7040
-0.7547
 4.1732
 4.3077
 0.5624
 4.2150
 1.1801
-2.0335
-2.4612
 1.7522
 1.0172
-3.4351
-0.5861
-2.0225
 1.8635
 1.5622
-3.4003
 4.5614
 4.6959
 1.1001
 2.9313
-1.1190
 2.0152
-3.5679
-3.6885
 1.0076
 0.9590
-1.1928
 1.1290
-2.8794
 2.4050
 2.3450
-4.2067
 4.0067
-3.9766
 3.3226
 1.1037
-4.5261
-4.0479
 3.3942
-3.2203
-2.1094
-2.8590
-1.6840
-4.3384
 0.8760
 4.1632
-4.1568
 4.4005
 0.0509
-4.5779
-2.4386
-4.2474
-4.2312
-1.0494
-2.1398
 1.4362
 0.6178
 4.4585
 4.4608
 3.5652
-1.2791
-2.2569
 2.5243
 4.1983
-4.3915
 4.4298
 2.3696
-0.5967
-4.9290
-1.2651
-3.2070
-2.5608
-0.2011
 2.3322
-2.3142
-3.2528
 1.6880
-1.8431
-0.6094
 3.6781
-3.4408
