-0.0809
-0.8329
-1.4031
-3.3174
-3.9151
 2.6077
 3.0878
-0.0529
-0.1262
 4.2145
-3.6130
 0.5302
-0.7018
 2.8063
 1.5788
-4.1047
-1.1939
 3.7289
-0.9356
-3.5315
-0.0075
 4.2707
 4.6713
-1.0980
 0.1768
 1.5606
-4.1797
-0.4273
 4.3708
-1.9147
 4.1179
 4.4552
 2.0027
 3.5920
-4.7728
 0.3983
 0.9649
 1.2270
-0.8815
 3.7534
-4.8813
 4.1424
-2.9949
-2.4988
-2.2292
-0.4323
 1.7320
 2.5287
 4.6323
 4.5512
 1.0431
 1.0324
-3.7263
-3.2437
 2.3886
-1.7855
 2.7996
 1.7403
 2.5898
-4.6614
 3.2729
-2.6780
-2.1642
-2.0307
-3.6276
 0.6445
-4.3978
-3.0453
-0.3589
 4.2869
-4.8248
-1.1055
 1.5407
 4.2826
 2.7669
-2.0453
 4.9339
