 3.4596
-0.9601
-1.4621
 3.3028
-0.5946
-0.7748
-3.4994
-0.3990
 3.9469
 1.8736
-1.6832
 1.4934
 1.8430
 3.7151
 2.6354
 2.1021
 4.8406
 0.3385
 4.6467
 4.6707
 1.1302
-2.1745
 2.1907
 2.3105
-4.0220
-3.2510
 2.5860
-0.0281
 2.9649
-2.0511
 2.1963
 1.6975
-3.3505
-1.7660
 2.5668
-3.6484
 1.7650
-3.1012
-0.8110
 3.8095
 1.4392
-2.0405
 2.9367
-3.6610
 3.1327
 1.4808
-1.1675
-4.8294
-0.7065
-2.8999
 1.7945
 2.1335
 1.4796
-4.1407
 1.6954
 3.8524
-3.4092
 2.9985
 1.7893
-2.9479
 3.6266
-4.0557
-2.2439
 2.3003
 0.0046
 1.3279
-2.4583
 1.4790
-4.1533
-1.5787
-2.1662
 0.6328
-2.0358
 4.1540
 3.9994
-1.8218
-3.4942
 2.2818
-2.8447
-4.9039
 4.1040
-4.4464
 2.1070
-0.4177
 1.1489
-1.6538
 0.8833
 4.7409
 3.9551
 1.9046
-2.8191
-1.7485
 0.2976
