 3.7769
 3.3095
 2.9058
-3.2616
 4.0550
 3.5230
 4.9659
-3.1724
-4.3288
 1.2784
 1.6064
-1.2017
-4.7409
 0.2008
-1.2369
-3.1538
 2.6200
-3.2863
-1.2553
-1.5046
 2.0487
-1.5878
-1.6904
-0.6600
-1.1806
 1.9055
-4.3699
 0.6591
 1.9068
-0.8065
-2.6394
 1.9379
 0.0972
 2.8991
-4.2538
 0.4022
 1.1407
 2.4978
 0.6234
 2.0484
 0.5810
 4.0701
 0.3570
-2.7525
 0.5319
 0.8206
-0.3835
 1.3596
-4.3795
-1.2983
-1.2799
 4.5991
-0.9891
 4.7163
-1.2247
-3.1450
 4.6539
 3.6481
-2.3230
-1.3814
-3.9693
-2.2779
 0.5537
 1.4829
 3.8232
 3.6146
 2.8968
 2.7290
-2.4643
 4.4575
-3.1742
 2.0699
-2.9462
-2.4364
-4.1832
-0.4482
-0.1481
 3.1667
 2.5625
-4.5587
-3.8480
 0.3496
-2.4732
-0.4483
 2.6287
-1.6294
-0.3520
-2.1819
 0.2005
 2.5697
-2.8236
-4.5930
 0.6524
-4.4368
 0.1688
 0.3929
 0.2805
 3.2122
 0.8175
 1.9678
 3.1676
