-4.0179
 2.8178
-3.7404
-2.6891
-1.4441
-0.2375
-2.8362
-0.5009
-1.5637
-4.9866
-3.8317
 1.2415
-1.8260
 2.2811
 0.2916
-2.4023
-1.0795
-2.7008
 2.8172
 4.9831
 0.7789
 4.8644
 0.5552
-4.7141
 3.8470
 4.6425
-0.3431
 3.1634
 1.3449
-4.8799
 1.8035
 4.3599
 4.6549
-3.1523
-4.6625
-4.5602
 1.2648
 0.3841
 3.2045
-3.5388
 1.7695
-0.2248
-1.4985
 3.8302
-0.2869
-3.1979
-4.8989
 2.4001
 2.4932
 3.4797
 2.5911
 2.8227
-2.6461
 4.6272
-0.1260
 1.1819
-1.5479
 1.8082
-0.9158
-4.2965
-4.3284
-3.4324
-0.2261
 3.3516
 1.2469
 3.1797
-2.0126
 2.0626
 1.0867
-3.5005
 0.9477
-1.7446
-3.7425
-4.4381
-1.4105
 1.7672
-3.5187
