-0.5914
-1.3358
 2.1825
-2.4786
-4.1801
 4.3793
-2.9133
 3.9565
 0.1611
 4.7003
 2.3938
 1.6289
 4.6034
-3.2324
 1.7529
-2.8251
 2.0121
-4.3822
-3.9765
-0.2753
-1.9433
 2.1977
 1.6006
 0.7901
 2.4583
-0.5776
 3.5623
 4.9245
 2.2736
 1.0888
-3.1312
 2.2565
 1.7093
 1.0264
 1.5000
 0.3225
-0.8273
-3.5079
 2.9838
 4.8157
-1.8979
 4.8677
-4.8226
 2.2401
 2.0034
 0.6150
-3.1059
 0.4336
 3.5310
-1.7804
 0.4786
-3.9672
 4.5419
-0.6141
 2.2522
 0.8016
 4.8450
-3.8156
-4.0619
 2.9928
-3.8101
 2.9870
-2.8254
 3.8057
 0.4672
 2.1844
 4.3874
-2.4689
-0.3669
 1.4770
-1.3486
 1.2643
 2.1197
-1.8103
 4.7385
-0.6840
 2.1978
-4.4586
 2.5827
 4.6285
-0.2500
 3.3333
-0.9378
 2.4748
 4.0282
 0.1825
-3.3838
-0.7934
-3.4490
-2.1569
-2.3089
-3.0359
-3.2715
