 1.6732
-1.7495
 1.2515
 4.1751
 4.0820
-4.5298
-2.2358
 3.0311
 3.9818
 0.4815
 1.3380
 3.2992
 3.1734
 2.1725
-4.2486
-1.2690
-1.1641
 0.9197
-4.9961
 1.6987
-4.0994
-0.9377
-2.8287
 4.3717
 0.5720
 0.6620
 0.6361
-2.0631
 3.6907
 0.5979
-1.4851
-1.0314
 0.9998
-3.2916
 3.8601
 1.8630
 4.4778
 4.9143
-0.1376
 2.1274
-1.6594
 0.1921
-1.1990
 2.8615
-0.6606
-0.3067
 2.5426
 2.3428
 3.4510
 4.3228
-4.1478
 1.2463
 3.1176
 0.0380
-1.6571
-4.1217
 0.5655
 0.7662
 4.8158
-4.5887
 1.0375
-3.7665
-3.3612
-1.8772
 3.6215
 1.8797
 4.3095
-4.9620
 4.3355
 4.9448
 1.5361
-4.1250
-0.4991
 4.0034
-0.1477
-3.3742
-2.1273
-4.2212
 3.8998
-3.6266
-1.0580
-3.7252
 1.0647
-3.3010
 3.4781
