 1.4800
-4.6916
-0.3222
 4.8170
-3.8139
 3.7384
 3.7381
 2.4320
 3.8120
 1.4600
-1.4291
-1.2372
 3.2602
 4.6514
-2.2986
 4.8313
 0.4544
 0.1665
 3.9297
-3.9769
-0.0079
-4.4364
 4.9724
 2.6864
-1.9949
-3.6710
-0.6787
 4.5348
 3.5560
 4.3198
-3.5629
 2.2385
-0.2329
 1.8434
-2.0618
 0.7520
 3.8744
 4.6118
-1.8768
-0.7001
-4.7522
-0.0828
-1.3485
 4.8747
 1.3992
 0.4995
 0.5854
 2.2448
 1.7774
 0.7730
 0.9981
-3.9093
-0.2637
 4.9287
-4.2718
-2.6202
-3.4985
 3.7176
 2.4741
 1.1031
 2.7813
-3.6816
-4.4373
 1.3110
 1.5386
-0.5565
-1.5094
 0.8286
-2.7526
