 2.7850
-3.0924
-1.1823
 3.3336
-0.6208
 4.4918
-2.2646
-1.4793
-3.7772
 4.8668
-3.4087
 2.5397
-1.2010
 3.7380
-0.5758
-4.2991
 3.8319
 3.1226
 4.0256
 0.4206
-0.6574
 2.7497
 0.1210
-4.6824
-4.1740
 1.8534
 1.3833
 4.1429
 2.4397
 3.6150
 0.6319
-4.1245
-1.7114
 2.4133
-3.2386
-1.3555
 2.1735
 3.6697
-3.5548
-0.8350
 4.4964
-2.4414
-0.5430
 2.1750
-0.9441
 0.0978
-4.1394
 2.6402
-3.0281
 4.0781
-3.0558
 2.6806
-3.6742
 2.5489
 4.5374
 4.0152
 1.2749
-3.0241
-0.1587
-2.6317
-1.5129
 3.3888
 2.8525
 4.0139
-3.3353
-0.7598
-2.8312
-1.0495
-3.9950
 3.4046
-4.1641
 4.9115
 1.4625
 4.2514
-3.1964
-2.5253
-4.1181
-2.7411
 4.6762
-1.8866
 0.0200
-1.1631
 4.4882
 4.8543
 3.0908
-0.8850
 0.1599
-1.7922
 3.3241
 1.2311
 4.5453
-0.8496
-3.1272
-0.3660
-3.2905
 4.8238
-3.3413
-0.2664
-3.2169
-4.0419
-3.1064
