 3.1330
-4.7845
 3.3080
 2.4485
-2.5269
 2.9452
-1.9388
-3.2027
-2.5527
-3.0007
-1.0747
-0.8909
 1.2977
-3.1404
 0.1676
 1.2265
-3.8004
 3.4759
 1.9928
 4.6982
-4.5294
-3.9978
 3.9699
 0.1883
 1.5802
-4.3819
-1.4855
-4.4427
-3.7942
-1.2320
 3.3308
 4.9918
-0.3732
-2.7770
-0.4192
 1.9918
 3.6630
-0.5119
-0.7525
 0.0213
 1.9136
-1.4114
-0.9560
-1.9415
 4.9771
 4.0038
 2.9956
 1.9726
-3.1642
-1.7625
-4.4360
 0.0062
 0.2655
 0.1593
 2.9606
-1.8145
-0.7471
-1.9866
-3.0154
 1.9583
-4.2646
-4.6460
 0.0594
 4.7286
 3.2905
 2.3582
 4.9645
-1.7008
-3.0328
 3.5845
 4.8423
-1.1673
 1.0903
 4.1796
-3.9684
-4.6998
-2.0456
