-1.2960
 1.0294
-2.4193
 4.7578
-4.6434
-4.4570
-0.3929
-4.1723
 1.0979
 3.5780
-4.8048
-3.2766
 3.6773
-4.6600
-0.1880
-1.2384
-4.0415
 4.3393
-2.8919
 2.3706
-1.9065
 1.1948
 4.9928
-0.7474
-4.8070
-4.8054
 2.0627
-4.2381
 2.4456
 0.1391
 0.8415
-1.4671
-3.8621
 2.2147
-4.0821
-4.5596
-2.8587
 2.8291
-2.5837
 0.6896
 4.9728
 0.2508
-4.7178
-4.3260
-0.4258
-3.2176
-1.7612
 0.5891
 3.6093
 0.3805
 4.2302
 0.6107
-4.8617
 3.5642
 2.9340
-0.3847
 1.9722
 4.8999
 3.5005
 0.7800
-0.9657
-1.0335
 1.5663
 0.2009
-3.7656
-4.7371
-2.3225
 2.3614
 0.0707
 0.9984
-0.2870
 0.6072
-2.8533
 1.6310
-0.9951
-3.6983
-1.0162
 1.6982
 4.4749
-1.5843
-0.8572
-4.1426
-1.1814
 0.7008
 4.2879
 0.2633
-1.1354
-3.7247
-3.9888
-4.1873
 2.5510
 2.9870
-3.0894
