 1.6199
-3.1606
-1.8772
-0.6196
-4.2070
 1.6569
 2.2542
 2.4124
 3.7730
-2.0127
 4.0386
-2.6996
-0.5685
 2.4017
 4.5078
-2.1113
 4.1638
-2.0710
 3.8653
-2.5176
 3.7107
 4.9092
-4.2677
 1.0765
-0.2784
 4.1389
-4.2994
-2.9357
 2.0854
-4.9537
 4.8456
 1.3348
-3.6672
-0.1129
-3.3344
-2.2994
-4.9814
 3.0688
 4.1717
 1.3841
 2.5737
-2.4868
-4.6803
 4.6108
 1.4058
-3.5290
 0.6978
 1.5216
 0.9370
-0.1030
 0.3707
-0.4828
 0.3864
 0.1320
-1.8430
 3.5460
 0.8563
-4.3630
 2.2453
 4.3960
 4.3321
-1.4615
 4.6706
 4.7998
 4.3429
-0.5996
 4.4627
-2.7979
 2.2385
