-1.4154
 4.3774
-0.1295
 2.6153
 1.7671
-2.5215
 4.8204
-4.8189
 0.0765
 0.6078
-0.2155
 3.5986
 4.1493
-1.0506
-4.2091
-0.6601
 3.0054
 3.1591
 0.0285
-4.3071
-2.6384
 2.7321
 2.5021
-1.8095
-0.5172
-0.9161
-3.1102
 0.6781
-2.9683
-1.6528
 1.6088
 4.2116
 0.9647
-2.3375
 2.4977
-4.0140
-1.6058
-0.1946
-4.4413
 1.9668
 3.7218
 3.0098
-1.0891
-2.5517
 1.9529
 3.1508
-1.4986
 0.0351
-3.1299
-1.7530
-4.5337
-4.3875
-0.4453
 1.6373
 3.6388
 4.6654
-1.0379
-1.2697
-4.3385
 0.1662
-4.4241
-3.8057
 0.7491
-3.0898
 1.1123
 0.2658
-1.3728
 4.3901
-2.0404
 0.6454
-4.5003
-0.1101
-3.5340
-3.5423
-2.5670
 0.0265
 1.4456
 0.1439
 1.1097
-4.7921
 1.1544
 3.9005
-4.8265
 0.1763
-1.3068
