-3.6667
-3.8696
-1.9723
 4.0587
-2.2804
 1.0038
 4.8475
-1.1108
 4.5640
 4.1234
 3.5660
 4.9847
 0.7172
-1.3276
 0.4617
 0.8222
 3.2683
 4.1347
-4.9680
-0.6883
 0.9251
 2.6905
 0.6244
 1.9144
-3.4757
-4.1599
-2.3993
-0.8657
-1.5234
 2.7905
-4.2637
-3.9664
 4.5061
 1.5256
 3.3149
-4.0445
 4.2655
 3.9329
 0.9366
-3.7634
 4.6110
-3.8778
 2.6220
 3.0917
-3.8903
 3.6352
-4.8214
 0.7730
 3.2226
 3.0402
 4.6613
-3.6004
 2.1079
 0.1707
 3.9469
 4.8937
 0.7281
 1.5078
-1.2289
-4.1669
 2.7593
-3.5128
-0.0429
-1.9278
 0.1356
 2.8682
 4.1812
 4.9469
-2.5070
 1.3817
 2.0473
 3.2316
-3.2227
 0.4532
-1.3936
 2.2980
-3.8901
 3.7272
-0.5056
-1.9022
-3.9494
-0.1073
 1.2648
 3.0694
-2.6644
-4.0919
 1.5231
 3.9914
 2.9520
 3.2423
 0.2751
 0.2637
-0.8395
 1.6099
-3.1564
-2.8151
 3.8041
-4.1372
 1.8964
-1.6407
