 1.7617
-2.4746
 2.1623
 0.2228
 3.4055
-4.2595
-3.2238
 0.6033
 0.1637
-3.3517
-2.3539
 4.1427
 3.3089
 2.7629
-0.6493
-4.7133
 2.8520
-0.8186
 2.1373
-2.6806
 2.1109
-4.0047
-1.9324
 3.3039
 4.6916
 3.3660
-3.5498
 4.7899
-1.4580
-4.0294
-0.8534
-3.6793
-0.1596
 3.8243
-0.2796
-3.1541
 2.9102
 1.4525
 2.6572
-1.7921
-3.0616
-0.8192
 1.0434
 3.5592
-1.0886
-3.8149
-2.9669
-0.3499
-1.3368
 3.3879
 2.6578
 2.2012
-2.2843
-3.7241
-1.9413
 0.5540
 0.4056
 2.8751
-2.8844
-0.3521
-0.9568
 2.2771
 2.9757
 2.9988
 0.9072
 2.7266
 4.9081
-4.6232
 2.1454
 3.9665
-0.2987
 4.6608
-0.6866
-1.5763
 3.6277
 2.6136
 3.6116
 4.9155
-4.7539
 0.1300
 1.8747
-4.4143
-4.4835
-1.1002
 3.4080
 3.3717
-4.5272
-3.4768
 0.2893
-1.7826
-1.6305
-4.0560
-3.4130
-2.1179
-0.5897
-2.1378
 3.1236
 3.1230
-1.4919
 2.8269
