 4.3796
-2.4382
-0.0361
 0.5827
 3.5294
 4.9832
 4.3302
-4.9918
-0.4292
 0.5144
 2.7275
 3.0484
 2.0037
-0.2235
-4.5075
-4.1128
-0.8275
-1.1507
 3.1274
-1.8676
 1.2225
 3.8624
-0.5699
-4.3644
-3.1752
-2.3556
-0.3418
-0.0644
-2.3967
-0.1078
-0.3093
-0.5917
-0.2950
 0.8940
 1.6899
 3.7030
-3.0001
 1.7907
-4.3399
-1.0100
 0.6897
 1.0327
 1.2689
 2.0685
-4.4744
 0.3112
 0.3159
-4.8019
-1.8808
-3.4240
-3.7606
-0.5765
-0.4602
-1.4225
-1.5868
 4.8308
 3.0021
 4.6091
-4.3887
-1.8472
-4.4849
-0.6413
-0.2976
-1.7757
 2.1455
 2.4057
-2.4034
 4.8339
-4.1350
-4.2289
 1.5492
 2.2679
-0.7260
-4.2243
 2.3511
 0.7124
 3.9699
 3.3389
-3.4263
 2.9361
 3.0931
 4.6814
 1.5372
 4.7512
 2.1527
 3.8221
-1.4207
-1.2884
-4.0644
-3.5479
-4.7741
-0.1456
-3.9457
-2.9070
-2.8887
-2.5290
-2.4954
-0.5885
 0.7477
-0.8800
