-3.4677
 3.0156
 4.1077
 0.3173
 3.9632
 4.2417
-2.4166
-0.2260
 3.2128
-0.5736
 3.7935
-4.5919
-3.5062
 2.1998
 0.7862
 2.8792
 2.7155
-2.6052
 2.8780
-1.4206
 4.5813
-3.5144
 2.6805
 0.2021
 0.0343
-4.7404
 3.8233
 4.8408
-1.5761
 3.3240
-3.5202
-2.4550
 2.0291
 0.6500
-4.4706
-2.4713
-4.4030
 0.5628
-1.0170
 0.8016
-0.2916
-1.2377
-0.6180
-0.1145
-1.3349
 3.8869
-2.5595
 0.2727
-2.3391
 1.8259
 1.3701
 0.5995
-0.0028
 4.6181
 3.3393
-0.8345
 0.0699
 4.4724
 1.7549
 3.6123
 0.7089
-1.8994
 1.4542
-1.9965
-3.8457
-2.9701
 1.1870
-1.7598
 4.0072
 1.9272
-1.2857
-0.9405
-4.0580
 3.8706
 4.7693
 1.0342
-1.1022
-3.5963
 3.5703
-3.2127
-3.2889
-4.4603
-3.3084
 1.8923
-1.3341
 0.9404
-3.1493
 0.2523
 0.5923
-3.0602
-2.0790
 2.3421
-0.7308
-0.8069
 1.3575
-2.8716
 2.7214
-3.2189
-4.9480
 0.8885
