-3.7389
 3.8242
-4.8431
 4.0780
-2.5346
 0.1478
-3.8738
-1.4568
 2.3950
-4.4948
-1.8260
 2.0906
 4.0064
 1.5220
-3.7457
 3.9163
-1.9407
-2.0513
 1.0758
-2.1341
-3.7881
-2.2784
-1.0448
-4.1449
 1.1043
-2.3964
-3.4190
 1.1353
-2.8265
 0.8082
 0.2064
 2.2896
 3.0388
-0.4926
-2.8495
 0.4852
-3.4689
-1.7658
-4.7388
-2.4999
-2.9621
 1.9088
-4.9895
-3.3479
 2.2602
-3.6312
-4.5171
-2.6457
-3.2736
-4.9861
 0.2594
-0.5829
-3.3100
 0.4107
-2.1199
-0.5494
 1.2051
 4.1777
-1.9899
-2.9400
-4.7214
 1.9539
 1.5316
 0.8251
 2.0655
 4.0400
-3.3354
-1.7779
 0.0011
-1.5203
 1.1997
-3.6977
 0.0379
 1.4616
-1.2929
 4.8434
 0.2712
-1.6114
-0.0694
-1.2189
 0.7022
-3.8863
-3.3727
-4.8481
 3.8329
 4.9067
-4.0849
-1.6355
 0.2816
 3.2744
 2.8997
 2.7315
 2.7322
 1.5341
 3.2951
 3.9298
 3.5706
-3.3276
-3.0627
 4.7205
