-0.061778
7.7469
9.2343
-0.50765
6.2742
-5.2955
7.7447
-2.8094
4.9748
1.215
-2.2202
9.319
-0.92161
-1.9804
1.0509
1.2926
9.5527
6.8886
-2.6782
-2.5987
2.0284
7.9427
1.2087
4.9286
8.3131
-5.7363
0.80586
7.8709
-4.5638
-7.5796
2.1493
9.1611
-7.6393
5.322
0.83619
0.38257
-4.1993
9.0096
6.9847
9.422
-3.8344
9.3593
-6.1148
-9.8211
7.354
-8.1286
-7.2751
-1.7526
-9.2203
2.5865
-4.0702
-0.94153
3.1893
-0.054927
6.1132
-2.8446
5.3525
8.0055
-7.5807
6.3157
9.7849
-5.2617
8.1301
-2.4951
-2.1799
4.4499
-2.1725
-7.8991
4.3655
4.7751
-1.4657
4.2662
-1.8012
3.4747
-3.8142
-9.7191
9.5099
6.4033
4.7695
6.8188
9.7709
-7.4597
-0.24067
0.31668
6.0675
-5.0149
8.6488
-9.6717
4.8554
-6.9241
-5.2566
-6.2532
0.25444
2.0322
9.8412
9.3325
-3.3585
-0.29342
-6.0072
9.2189
