 4.0534
-0.7719
 0.0617
 3.0527
-3.4339
 4.9779
 4.8004
 3.7303
 4.1128
-1.3093
-1.8875
 1.4911
-1.4863
 1.8460
-1.6662
 3.7129
-0.4123
 4.1797
-3.0845
-2.9319
-4.8507
-1.1926
 3.5949
-0.0056
-1.4041
 3.3850
 4.1820
 2.1161
 3.7662
-0.2445
-2.6276
-3.0411
-1.0745
-3.3342
 1.7506
-0.7120
 4.4092
-2.4985
 1.3106
 1.6413
-3.6287
-3.6039
-0.0304
-3.1423
 0.6332
-3.8054
 0.9083
-3.1390
-0.3232
 4.5919
-2.2063
-3.0620
-4.2025
 3.6311
 3.2840
 4.5032
 0.5781
-1.8432
-4.3003
 3.8382
-2.1041
 1.3540
-4.0565
 0.7188
 2.7950
 3.1125
-4.9731
 2.6240
-2.9978
 4.4269
-4.2288
-0.3291
 0.3023
 2.7616
-1.3956
 3.6320
 0.0969
 2.6002
-4.5677
 3.5517
 0.7344
-4.3832
 2.4170
 3.0769
-1.5493
 3.1152
 4.6636
 3.4679
-2.0376
-3.2118
-4.0058
 3.6021
 1.7393
-0.2474
-4.9266
 0.1762
-4.3699
 1.1917
 3.6516
 2.5483
