-3.8408
 2.9274
-1.1161
-4.3976
-2.1972
-2.2741
-4.5019
-3.8351
 0.6108
-2.3383
-0.8369
-0.7258
-2.4773
-0.9070
-4.8763
-0.6871
 0.1802
 3.1114
 3.6193
-3.0257
-2.2840
 0.7022
 3.7009
-1.1496
-0.6516
 3.6016
-1.4226
 1.1029
 0.4400
 2.5469
-2.9612
 4.0902
-2.6627
 2.8616
 2.4583
-2.4706
-3.9159
-2.0543
 1.5566
 2.1277
 3.2872
-3.3246
-4.3794
-4.3789
-0.2399
 2.2455
 0.5542
-4.5448
-4.1469
 1.0771
 2.6781
-2.4941
 0.1059
-1.3021
 3.4254
-4.0108
 1.7136
-1.3173
-2.0214
-2.4387
 4.7752
-0.9660
 3.7532
 3.6081
 1.8682
-2.9741
 1.8287
 4.0051
 2.7912
-1.0442
-4.3635
-1.0694
-1.5806
 0.8064
 4.8165
 1.9024
-2.1862
-3.5681
 4.3013
 4.8870
 2.0011
-0.9256
-2.8506
 1.6506
-2.3800
 0.2806
 3.0658
-3.5812
 0.8341
-2.0426
 2.0214
 1.2443
-3.0214
 2.1997
 0.0272
 4.0157
-4.6768
 0.7929
 2.4658
 0.5638
