-2.3198
-0.9858
 3.4059
 4.1001
 2.9926
 0.1815
-0.9181
-0.6938
 2.2385
-2.7673
 2.8808
-2.4182
 0.0772
-2.3844
 4.5731
 4.1124
-0.4228
-3.4363
-4.2948
-3.0208
-0.9164
-2.7876
 0.2545
 0.4969
 3.2634
-0.5596
-1.8891
-2.9437
 0.3616
 3.2059
-1.9981
 2.0742
-1.6719
 4.2388
 1.0035
-0.2843
 1.9464
-4.2686
 4.1889
 0.1647
-2.1296
-4.0228
 0.0691
 2.4462
-1.1501
-0.5886
 3.4171
 3.4735
 0.4407
 2.0789
 0.6366
 0.9291
-2.8799
-0.3029
-2.2958
-0.0265
-4.4037
-2.0842
-1.4982
 4.3337
-1.8545
-4.4713
 4.7673
 0.9835
-2.7453
-3.1711
-1.9927
-3.6680
-2.9898
-0.4568
 3.5554
 0.0647
-1.7199
 1.0458
 2.9126
-1.1362
 2.8503
-3.5588
-4.2319
-3.2759
 0.4279
 3.0210
 4.2280
-2.0039
-3.7500
 4.8825
-4.3820
-3.2496
-4.5524
-1.1448
-3.5582
 1.3574
-0.9888
-4.2724
 1.2601
-2.7128
-2.8944
-2.6452
-4.2603
-2.8795
