 1.0226
 2.2712
-3.5323
-4.7507
-0.5782
-2.8586
-0.3148
-1.2614
 3.6162
-4.2902
 2.3725
 1.8983
 2.3611
 4.5471
-4.5205
 3.2224
 3.6918
 0.2124
-4.1460
-4.4274
 2.8935
 0.4926
-0.4488
 0.3157
-3.1504
-4.1789
 1.9914
-4.9361
-4.9762
-0.8911
 1.1071
-3.6590
-1.8937
 3.3479
 0.9707
-1.9883
 4.3583
 0.3084
 2.8704
 3.3728
 1.4815
 3.3424
 1.6756
-1.9728
 1.5542
 2.2457
 1.0903
 1.7443
-3.7165
 0.2326
 3.2392
 4.5319
-2.9311
-0.1543
-3.8524
 0.4493
 3.7119
-3.5946
 3.8351
-2.7886
-1.9104
-1.7324
 0.1729
 4.7790
-1.4477
 3.3247
 4.5707
 0.4076
 1.1824
-0.0610
-2.4670
 0.6372
-0.0089
-0.4468
-1.3762
-1.4485
 0.5597
-2.4243
 2.2705
 4.2774
 2.9909
 0.6289
 0.4583
 4.7793
 4.9669
 2.7134
-0.9888
-2.9826
 0.2024
 2.6071
 3.6056
 3.8800
-4.3999
-2.3184
-4.6385
-0.6169
-3.0923
-4.5331
 3.6568
 0.7486
