 0.1685
 2.9257
 0.0056
 2.6544
-2.8148
-4.0215
-2.1295
-1.6080
 0.8995
-2.0542
 3.5352
-3.3180
 4.0320
 1.4038
 4.5398
 0.3818
-4.8551
-1.6759
-3.5992
-2.1772
-2.5887
-0.4495
-2.2605
-1.1943
-0.6101
-3.4627
 0.8980
-4.6765
 3.9092
-1.7996
 3.1544
-0.8818
-4.2985
-1.7527
 2.1374
 3.2260
-1.0085
 2.0172
-4.8121
 2.5148
 1.3602
-0.0261
 1.5904
-3.9757
 0.6786
 0.9928
-1.0392
 3.1993
 1.9989
-0.2057
-2.3024
 4.8312
 3.0280
 4.5917
-2.8977
-1.3025
 3.3131
 3.5497
-3.6424
-3.1398
 1.6855
 0.3465
-3.0214
-3.2965
-0.6998
-2.1809
 0.5332
 1.9813
-0.8044
-3.1299
 4.0284
-1.2943
-4.7976
-3.9752
-2.3321
 2.4497
-0.2424
 4.6477
-2.3336
-4.7834
 3.3648
 0.1270
-0.8849
-4.4251
 3.4420
 2.3763
 4.6230
 4.5482
 3.7020
-3.0883
 4.4383
-3.7443
 0.0685
-4.2275
 0.9441
 1.0687
 4.0363
 4.4757
-4.5402
 3.5693
