 0.8540
 3.1748
 1.4054
-4.4841
-3.9280
-2.5748
-2.5213
 4.1963
-1.0250
-2.2631
 4.3491
 1.5932
 1.4314
 1.0603
 2.4235
 2.5046
-2.3423
 2.9053
-4.6211
-4.2905
 4.8544
-1.2753
 3.7222
 4.8600
 2.8695
-0.3684
-4.7628
-4.6074
-0.0529
-0.1660
-1.4173
-2.6584
 1.6049
 1.4605
-4.4889
 4.1017
-3.4649
-0.5639
-3.2024
 2.4173
 2.8832
-3.4932
 2.9126
 3.8559
-0.0625
-2.6356
 3.2323
-1.8016
-1.2575
-4.7160
 2.4201
 4.8347
 2.6233
 3.1481
 4.6285
-0.4549
-4.8611
-0.8604
-3.1693
 0.0712
 4.1848
 2.0532
 2.3938
 2.9762
 0.1142
-4.1245
 3.3359
-2.6485
-1.4781
 0.7299
 3.2563
 2.1708
-0.6937
-2.8201
 0.6181
-2.8048
 2.9256
 4.7017
 3.3359
-0.5762
 2.0256
-4.9346
 1.7181
 2.7160
 4.1459
-3.9936
-0.5046
-2.1186
-1.8163
 3.9686
-3.6476
 0.1598
-3.1234
-3.9252
-1.4636
 3.6890
 3.8108
 3.2029
 4.2938
-3.3395
