-1.3085
-4.2151
 4.5367
-3.4582
-0.4405
 1.9293
-0.2060
 4.6809
 4.7049
 4.4582
-4.5869
 3.5708
 4.0608
-0.3286
-0.9640
-2.0721
-3.2394
 0.7505
 2.3995
 0.6462
 2.3204
-0.2994
 2.4650
 3.4214
-3.6642
-0.2563
-0.3022
 0.2150
-4.4229
 4.3915
 2.3134
 2.3125
 3.9858
-1.4656
-4.8725
-4.0498
-1.4565
-3.7366
-3.4374
 3.6931
 0.1010
 3.3190
-2.6044
 4.5083
-1.4525
-0.6801
-1.9971
 4.5714
 0.7806
 4.7539
-1.6796
 2.6763
 3.7742
 0.6252
 0.8407
 4.2829
-0.7874
-2.7098
-1.8029
-4.2584
 0.8742
 4.7996
 0.1528
 4.2925
 1.2441
-3.5744
 0.9939
 1.1181
-2.0541
 3.7104
-4.4614
 2.2652
 1.7386
 0.8629
-2.5446
 4.8814
-1.2707
-2.9143
-4.2441
-0.4982
-4.1227
-2.4517
-2.0316
-0.3409
 1.9132
 0.8931
-4.4681
 1.2810
 1.4649
 4.6377
 2.2101
 4.9476
 0.4813
-3.3705
-2.1630
 3.6595
-1.5877
-3.3809
 2.2949
 2.4872
