 2.5387
 0.5236
 3.2681
-4.5362
-2.5792
 1.3749
 1.5126
 3.5848
 2.7248
 1.9457
 3.6256
-0.5568
 1.0122
 2.0520
-4.6900
 0.3852
 1.2341
 4.5267
 0.5612
-2.7214
 0.9849
-1.9467
-4.2337
-0.1059
 1.0066
 3.8816
-0.0994
-1.3710
-0.5190
 2.3899
 4.6028
 0.1901
 1.0646
 4.8401
-4.8035
-4.1778
-0.1263
-4.7600
 4.3645
-1.6387
 4.5669
 2.1668
 3.0719
 3.3673
 3.8549
 2.0259
 1.5988
-0.1167
 0.6600
 1.7794
-3.7568
-2.6778
 0.1559
-4.1891
-3.2423
 4.4533
-0.4095
-2.3177
-2.2734
-2.8316
-0.6079
 0.3326
 4.8285
 3.2230
 2.8811
-1.8279
 2.1093
-3.5158
 4.4811
-4.9774
 3.2688
 2.5393
 3.8423
 4.7658
-0.7357
-2.1898
-0.3981
-1.3295
-2.8565
 2.3447
 2.4894
 1.1901
 0.4560
-3.2044
-0.6315
 0.3118
-4.4724
 1.6833
-2.6180
 4.8319
-2.7638
 1.5333
 3.9226
-2.9920
 2.4009
 0.7934
 2.9967
 4.9717
 2.6116
-1.9036
