-4.0772
 2.7996
 4.3930
-2.0583
 4.0878
 2.4411
-2.2633
 1.6536
 4.3187
-1.9842
-0.2067
 2.9295
 2.4712
 4.0824
 2.5786
 4.3244
-0.1421
-0.7320
-4.5704
-3.8195
-3.8825
-0.0471
-2.9177
-4.0429
 1.8318
 2.9957
 4.8301
-1.9499
-4.3748
-3.4532
 3.2595
-2.3832
 0.8969
 4.4708
-3.1909
 3.0041
 2.8087
-3.2175
-0.5303
-2.6158
 1.1766
-4.0739
 4.7561
 3.6998
-4.7841
 4.4309
 2.5861
-3.9026
-3.1197
 4.6412
-1.2356
 1.4233
-1.8121
 3.9079
 1.0741
 1.7633
-3.0981
 2.1874
 3.3213
 3.8360
 4.8314
 4.7189
 3.7256
 4.6051
 2.4792
 3.0654
 3.0645
 1.5073
 0.7127
 3.5227
