-1.5897
 4.5443
 4.9119
-4.3149
-3.1031
-2.8872
 4.9812
 0.1492
 1.4944
-0.8905
-3.0327
-2.6939
-2.8797
 2.5212
 1.9945
-2.3706
-2.3386
 3.3609
-0.6973
 1.3975
-4.8871
 3.8466
-3.8019
 4.1240
 1.2243
 0.0706
-0.1324
 1.4867
 4.7599
-2.4633
-2.6358
 0.0870
 1.6916
-1.1419
 0.2096
 4.3220
 0.2338
-1.6512
-4.7808
-0.0932
 2.5060
 0.4490
-2.1937
 0.4224
 3.8000
 4.0421
-4.2805
 4.1690
 1.5608
-0.5017
 2.4143
-1.6404
-3.8873
-3.2323
 3.2700
-3.9451
 2.8291
 4.8836
 3.1253
-3.9055
 0.2289
-3.9122
-2.2540
 0.4674
 3.9839
-0.9535
-4.9453
 4.5323
 2.8662
-1.4459
