 1.1551
 2.2717
-2.0389
 3.4803
 4.6839
-1.0527
 0.0991
 0.6666
 0.4518
 2.6047
-2.6324
-3.9861
-2.1111
 3.4042
 3.3966
-4.0138
-1.6533
 0.6290
 4.3260
 0.3334
 2.6632
-2.1803
 1.5724
-2.4090
-1.0656
 3.9833
-0.6576
 3.6691
 0.0642
 2.0411
-2.9603
-0.3870
 2.1354
-2.2675
-4.2054
-0.1839
-1.7414
-0.4905
-2.3919
-3.2380
-1.7442
-3.9249
 0.0204
-1.1901
-0.7863
-4.8815
 3.0683
 2.4188
-1.7839
 4.1136
-2.7538
 0.6676
 1.5937
 1.0950
 0.8314
 1.8577
 1.7052
-0.9929
-3.9200
 3.9401
-1.6588
 4.3870
-1.5832
 3.0254
-4.2770
 1.8893
-1.2452
 2.0052
 2.5509
-3.4237
