-0.5281
-2.7465
-3.8002
 4.9179
-4.1691
 4.3126
-1.5891
 0.9608
 1.3332
-2.3985
-1.3979
-4.7893
 3.8208
-1.0419
-4.8032
 1.8425
-2.4617
-0.8079
 1.6234
 1.7929
 1.4266
 1.8880
-4.2600
 0.7965
-4.6958
-4.5121
 4.1033
 2.6195
 1.1797
 3.3269
-3.7449
 4.9141
 2.7024
 0.0321
 1.3942
 1.4228
 4.2930
-1.9738
 0.3063
 2.0777
 1.4068
 1.3025
 2.3546
 4.0260
-0.5461
-4.3731
-3.2930
 3.1064
-3.9197
 1.8714
-0.5448
 4.0699
-3.9869
-2.4283
-0.6877
-1.2209
-4.7501
-1.8743
-4.7731
 1.5727
 0.1272
 3.9788
 0.4359
-0.0270
 0.1542
 1.4513
-2.4837
-0.7445
 4.0171
-0.7964
