-1.7032
-1.6333
 3.4988
 2.1310
-3.4606
 0.5522
 1.9422
-0.0922
 3.1297
-0.9498
 2.7939
-2.0443
-4.4112
 1.8408
 0.4552
 4.8627
-3.3269
-3.2269
-4.3329
 0.8357
-1.4548
 4.5104
 2.7273
-2.5475
-1.1950
 4.8948
-2.3764
 3.3153
 2.2106
 1.2041
-3.1126
 0.2130
-2.1679
-0.0408
 0.9954
 1.9552
 3.1768
 0.8404
-0.1704
-3.6231
-2.4868
 3.3519
 4.8293
-3.6481
-3.5077
 0.5216
-3.4438
 3.9227
 2.1325
-3.2062
-3.8603
 1.8375
 2.9259
-1.4412
 3.0628
-0.0147
 1.0505
 2.3962
-1.4296
-2.0705
 4.8637
 2.5045
-0.9257
-2.4035
 1.4610
 0.4058
 4.1645
 4.2008
 4.4767
-4.6074
