 4.4937
-0.5190
-2.2010
 3.2281
 3.0383
 0.7629
-0.4724
 3.5106
-2.7239
 2.8586
-3.9259
 1.6593
-2.3128
 4.0897
 1.2471
 0.7263
 1.7876
 3.2056
-4.8932
-2.9013
 0.2642
 2.4122
-4.1409
-4.5844
-3.9776
-1.1032
 2.8755
 3.3781
-4.8828
-0.0654
-0.9618
-4.7550
 2.8692
-0.0883
 4.9269
-3.5293
 1.2136
-3.3653
 4.0436
 0.6780
 0.0882
 3.7704
 2.3324
-0.0747
 0.6052
-0.9952
-1.0874
 2.2355
 1.5070
 4.2318
-1.3950
 4.0739
 3.7636
 2.1520
 1.8932
-0.2144
-0.6856
-1.6037
-0.1542
 3.7258
 3.2719
-0.9260
 4.6834
-2.9915
-0.9104
 3.8336
 0.3138
 1.8950
-2.4939
 2.1302
