 1.6538
-4.2827
-0.8399
 1.9752
 3.0473
 0.8239
-2.5276
-3.7672
-0.5457
 1.0465
-2.0764
-4.5090
 3.5154
 1.1766
-4.3756
-3.8794
 4.9579
-2.0345
 0.7456
-3.2130
-1.2829
-1.3946
-4.9711
 1.8536
-4.2998
 1.5739
 3.3031
-2.5915
 4.2106
-3.7664
 4.8834
 2.6601
 3.1057
 3.5781
-4.3284
 4.8337
-2.9926
 3.6621
-2.6375
 0.5327
-4.1399
 2.6764
 1.2713
 2.3405
-2.3245
 2.0562
 2.6949
-3.5824
-4.8686
-0.9261
-2.2885
 4.9629
-2.6268
-4.5771
-2.5976
 0.2199
 0.0709
 4.1065
 0.8769
-1.4144
-1.1955
-3.2281
 0.1586
 0.1297
-1.9080
 0.9463
-0.1499
-0.1098
-0.2792
-4.4262
