-0.5578
 2.7581
 1.8054
 0.9166
-1.9738
 4.5224
 0.7292
-1.6432
 4.6850
-3.6459
 3.9684
 4.4812
 2.6561
-3.2551
 4.0678
 2.1355
-2.0197
-3.4464
 1.7261
-4.7549
 4.5307
-2.1933
-4.2962
 2.7176
-1.7177
-1.3949
-4.0033
 3.7387
 1.7720
 3.8518
 1.2040
-4.2600
 4.9820
 1.5895
-3.6381
-4.3602
-4.5628
 4.7244
-0.2062
 2.7477
 1.9657
-4.1973
-3.9801
-1.4409
-3.5319
 2.1455
 1.5444
 1.1701
-2.7389
-0.4116
 1.4683
-2.0685
-1.0516
 0.1046
 1.7647
-1.6491
 0.2480
-1.5989
-0.0371
 1.4026
 0.2223
-2.0791
-3.7027
-3.9808
-1.5404
-4.7840
-4.0796
 1.5218
 1.2175
 4.1363
