-0.2473
-3.6616
 3.8460
 0.7044
 0.4325
 1.2674
-2.4955
-3.8663
 1.7197
-1.9399
-0.6328
-2.8770
-1.8697
 4.1356
-1.2953
-1.1246
-4.8177
 4.3239
-2.9188
 1.2157
 2.9396
 2.2281
-3.5225
-0.8552
 0.7693
-2.5574
-2.1488
-4.8831
-3.6327
 4.2385
-2.4767
-2.2684
 4.9358
 1.1777
-3.1086
-4.2885
 4.9706
-0.4380
 4.6428
-1.9991
-0.5042
 0.9617
-0.8364
 2.4055
 1.9948
 4.5440
 0.4455
 3.5683
-4.9674
-1.9159
 2.8630
 3.7107
-2.2931
-3.6351
 2.9481
-4.3042
 0.7749
 2.3127
-3.4986
 2.3011
 4.2211
 1.4402
-4.9476
-1.1170
-4.1712
 3.8378
 1.8347
 0.7625
-4.7151
-0.0666
