-2.6388
 1.3881
-3.6747
-2.9443
-3.8320
 0.3061
-2.6497
-2.0812
-0.2032
 1.9438
 0.9983
 0.1340
-0.5178
 3.9239
 2.0998
-4.6099
 0.9810
 3.1389
-2.6547
 0.4870
-0.6930
 0.9036
-4.9017
-3.9101
-0.9069
-0.7191
-4.6707
 1.2143
 2.6021
 3.1994
 2.0736
-0.1360
-1.4296
 1.6050
 3.7835
-1.8434
-0.3129
-1.7720
 0.7195
 2.7460
 4.3607
 3.2374
 3.0016
-1.5004
 2.9905
 4.6185
 4.3812
-2.5132
-2.6406
-0.8717
 1.7905
 4.8887
 2.1549
-4.2096
-0.8845
 3.5888
-3.9045
-1.4165
 3.5767
 3.7477
 3.7322
 3.1846
-2.5653
 3.0707
-2.6103
-0.8694
-2.0558
 2.5874
 2.0457
-1.8322
