-0.1544
 2.4457
-4.9675
 2.4915
-2.9285
-2.0445
 0.4287
 0.7285
-1.7546
 0.7119
-0.6862
-3.8251
-3.9249
 4.0014
 2.2528
 1.6689
 0.7250
 3.2537
 3.0740
 1.4010
-2.7429
 2.8024
-1.0328
-1.6190
 3.4765
-0.8847
 3.0818
 3.0167
-1.7322
-4.6426
 3.7491
-0.6552
-0.1579
-1.5199
-3.8937
 1.5006
-4.0935
-4.6397
-3.9880
-3.2635
 4.6504
-0.9185
 0.5044
-3.9075
-1.5044
-4.9307
-0.7343
 1.2344
-2.5939
 3.0057
-0.1345
-0.7418
-3.0768
-2.8088
-1.9318
 1.4236
 0.9698
 1.7647
-4.5246
-0.5086
-3.6104
-0.7287
 1.0360
 2.7551
-3.2441
 0.1527
-1.5081
 2.8573
-3.2679
 1.2482
