-1.2341
-1.9075
-0.1175
 2.0972
 0.6752
 4.0948
 0.4248
-2.4315
 1.1986
-1.7105
 0.4549
-3.3210
 0.5902
-4.8433
 1.1136
-3.7793
 0.8148
-3.0386
 2.4928
-2.2037
-3.5729
-0.1546
-0.7601
 3.1445
-4.9211
 3.0446
-3.9627
 4.4707
 3.1063
 1.3251
 3.7568
-4.6451
-0.0091
-4.6966
 2.7049
-4.5793
 1.0516
-3.0924
 4.7075
 4.6569
-0.4318
 2.6115
 4.5323
-4.8284
 3.4798
 1.4348
 1.8792
 2.1182
-2.4064
-1.8321
-4.5119
-4.4567
-4.6710
 4.6559
 2.1114
 3.5619
-4.8501
-2.0319
-3.4273
-3.1895
-4.0018
 4.8539
-4.4408
 0.3267
-3.3016
 1.4136
-0.9350
-4.5720
-4.9713
-0.5403
