 2.1230
 3.5289
 0.1709
-0.4430
-3.5527
 3.2288
 2.2367
-4.1638
-0.7864
 2.8515
 0.6897
 4.7077
 0.6182
 3.6909
 4.8114
 3.9467
-2.0597
-4.6622
 0.6781
 4.7872
-3.6054
-0.2910
-2.8553
-1.5860
-2.5176
 1.7006
 4.5210
-4.5098
 4.7271
-4.6083
-3.8019
 2.1387
 3.6981
 1.2936
-4.6302
 3.2873
 3.9657
 0.3541
-0.0882
-2.3131
-3.9243
-0.9336
 0.2259
 2.0107
-2.8242
 4.6498
 2.0452
-4.4341
-4.1368
 0.0943
-4.7442
-4.4146
 3.1311
 1.4085
-1.6740
 3.8876
-4.2295
 0.2166
-4.6503
-1.1872
-4.5500
-1.1646
 0.7749
 2.0014
 2.5339
-4.8452
 0.4412
 0.8666
 3.4576
 2.2534
