-0.6536
-0.1640
 2.9435
-0.2876
-3.1712
-0.2319
 0.8763
-1.2407
 1.7760
 0.5997
-2.8651
 0.8861
 2.0194
 3.6998
 1.1268
 0.0829
 2.6332
 4.6901
-1.4002
 3.8551
-4.7388
-1.1593
-4.9115
 2.0749
-4.9956
 3.0517
 0.5229
 4.5275
-4.5788
 0.1142
 3.1955
 3.5711
-4.2501
 2.3688
 0.8987
-1.4167
-3.0222
-4.9520
-2.8494
-1.1567
 1.4866
-1.8415
 0.9671
-2.7471
 0.5393
-1.9514
-2.0582
 2.3043
 2.0179
-1.7652
 0.9386
 0.5856
 1.4749
-2.9480
-2.3719
-4.6756
-1.7212
 1.2218
-2.6830
-4.8614
 2.4872
-2.3106
 2.9236
 3.6375
 4.1542
 4.2245
-3.0844
 1.2589
-2.7952
 2.1498
-4.8346
-1.5845
-2.5697
 1.7883
-0.2235
