 0.7882
 4.3483
-0.6916
-2.7463
-2.9022
 1.3832
 1.8423
-0.7391
-1.3286
-1.6764
 4.9222
-1.8635
 1.9217
-2.1086
 0.0103
 1.8448
-3.4458
 2.0213
 2.5134
 4.3484
 2.7013
 2.3313
-0.7751
 1.9048
-0.1247
 2.1935
 0.6166
-3.7114
-2.1184
 3.3014
-3.7115
-4.1284
-4.4499
-3.7468
-1.8916
-4.2011
-3.4168
 2.1925
 0.4866
-1.5588
 3.2946
-3.2424
-0.3921
-2.3674
 2.4675
-0.1017
-3.2227
-3.4501
 2.5809
 2.7501
 0.8622
-0.0166
 4.8779
 0.3802
 2.7333
 4.9020
 2.4627
-2.2878
 2.1617
-0.8839
-0.0875
 2.9383
-4.9939
 2.5199
-1.2169
 0.1921
-4.8534
-4.7389
-4.8345
-4.9786
-2.0317
-1.1899
-0.3378
-3.3598
-3.5189
-1.3661
 1.0489
-1.8884
-3.1948
-1.9295
