 4.7521
-0.1415
 2.1869
 2.2659
-3.9423
 1.5765
-3.6188
 1.1501
 3.6843
 3.9952
 4.8479
 2.1302
 1.7395
 0.5646
-0.3836
 2.0461
-0.3847
 0.6038
-4.8190
-3.1601
 4.2680
 3.4776
-2.0726
-2.7225
 3.1052
 3.4899
 0.1745
-3.4361
 4.4703
-0.3794
 4.0059
 0.5658
-1.2626
 3.8150
 2.8469
 3.5203
-0.0159
 2.1447
 0.2664
 2.4478
-2.3710
 0.3243
-2.9864
-4.5471
 2.7937
 3.6028
-4.8085
-0.6554
-4.3188
 0.2224
-3.1331
 4.9884
-3.9750
-0.3597
-3.7268
 0.7144
 3.8738
 3.4115
 0.8027
 2.5520
 2.1352
 2.7440
 2.3278
-4.3887
-1.3214
 3.6271
 2.1227
 4.3327
-1.2205
 1.2430
 4.5882
 3.0193
 3.7416
-4.3290
 2.5895
-2.0739
-4.3696
 1.1142
 0.7124
-4.8007
