-4.8699
 3.9737
-3.9497
 4.3015
-0.7562
 4.8138
-2.9660
 3.4632
 3.2516
-1.7825
 2.5631
 0.8209
-2.1040
-2.8072
-2.2808
-4.4154
 1.7289
-3.2906
 4.0126
 0.1192
 2.5833
-4.7289
-2.3886
-0.6907
 0.5413
 4.6075
-0.1936
-1.6364
-4.9743
-2.3738
 1.5980
-3.1628
 4.9708
-1.2951
 0.3095
 1.5526
 0.7886
 1.8635
 4.8027
 0.3207
-1.1826
 4.0519
-4.9110
 0.2982
-3.0439
 4.5906
-3.2933
-2.0670
 2.3144
-0.2806
-3.6878
 2.0282
 1.2201
 3.1597
 4.1687
-2.2109
 3.2862
-4.0623
-1.5287
-2.4951
-4.3748
-0.0226
-0.2184
-0.5635
 2.7363
-1.1641
 4.3647
-2.4787
 4.3267
 1.8810
-3.6263
-0.7504
-4.7321
 2.8608
 3.4727
-4.5954
-3.4517
-1.2243
 4.7736
-3.8081
