 2.8374
 1.6240
 2.6127
-4.4207
-2.6252
-1.6452
-3.0214
 4.4847
 1.5438
-0.4082
 1.6944
 2.7619
-4.0049
-4.8477
 3.5031
 0.4047
-3.0791
 2.9501
 4.3659
 3.1861
-2.9720
-4.5739
-2.0112
-4.5155
 0.6524
-1.0092
-0.9300
-0.4906
-4.4828
 3.5359
 1.1508
 0.2291
-0.5076
 0.1703
 2.4059
-0.9180
 4.7433
-1.0555
-3.0572
 2.2875
 2.7960
-3.0289
 2.1263
 0.8913
 2.1447
-1.2442
 3.3187
 1.1885
-1.0081
 1.4492
-4.8073
 3.8893
 1.1081
 4.1054
 3.6775
 1.0287
 3.1706
 2.6395
 1.8357
-4.0402
-0.3698
 4.1934
 0.5968
-0.4156
 2.8788
 2.1050
 1.3795
 2.3945
 4.4567
-0.4777
 3.6985
 1.5140
-0.8292
 3.4908
-4.4988
-4.9090
-1.4163
-1.7613
 0.9210
-0.9433
