 0.9000
 1.2553
-4.3069
-2.9776
-0.6081
 1.8212
-0.4020
 4.8480
 4.2457
-0.5763
-0.2486
 4.5018
-2.4475
 4.0893
 0.0037
-1.5886
-2.7189
 0.0716
 2.4614
 0.3081
-0.0925
-0.3288
-0.4679
 2.6276
 3.1702
 2.2786
-3.5654
 4.5238
 2.6609
-0.0195
 4.7581
 4.0146
-2.1838
 1.1189
 3.8739
 2.8773
-1.4816
 4.5042
 2.0511
 1.9533
 2.8192
-2.7293
-3.6076
-1.0668
-2.1141
 4.8585
 1.8526
-0.9034
-4.8390
-0.9485
 3.7798
-3.1016
-0.9133
 0.8041
-3.8995
 2.5514
-0.5797
-4.7851
-0.7690
-3.4571
 4.3787
 4.6082
-2.7206
-1.2244
 1.2640
-3.7184
 1.4833
-3.0615
 1.9619
 0.3661
 1.7368
-0.9110
-4.9073
-4.4414
 1.0302
 4.5191
-2.2552
 3.1543
 0.4739
-4.3414
