-1.8944
-2.5107
 3.6368
-3.5756
-1.4532
 1.9676
 1.6802
-0.1930
 0.5439
-3.0073
-2.8568
 2.4870
 0.5121
-0.7259
-4.3818
 4.6167
 0.0137
-3.4622
 3.9037
 2.9461
-2.5153
 3.2136
-1.6401
 0.6004
 4.8851
-3.0494
 3.1799
 0.7609
 2.0831
-3.5399
-3.2588
-2.7153
 1.7937
 1.2426
-0.7884
 0.4189
 0.2281
 3.9651
-2.4996
-2.6792
-0.1101
 0.1326
-3.9910
-3.1539
-4.7951
-1.5658
-3.7599
-1.0223
 2.0987
 1.7026
 3.5363
 4.0361
-0.2364
 0.4233
-2.5404
-1.5673
 3.8516
 0.7836
 0.9648
-4.7560
-1.6962
 3.0802
-2.0015
 1.2278
 4.6364
-2.5221
 4.3774
-1.4359
-3.6670
-0.3564
-2.5204
-3.5618
 0.2550
 2.7805
-3.7120
 4.9854
-2.9079
 0.5607
-1.4454
 3.2386
