 4.5631
 3.5827
 4.0046
-1.8181
 4.3410
-0.3242
-0.2034
 0.5837
-4.7694
-2.8464
-1.3670
-2.8235
 2.8609
-1.4039
 1.3343
 4.2953
-3.3319
 3.5756
 2.6843
-3.9067
 4.1849
-3.2114
 1.3832
 2.2873
-1.2121
-3.4009
-3.7976
-0.6266
 3.6427
-1.4060
-1.2064
 0.4021
 0.6539
-0.0677
-4.9466
-0.1426
-1.9318
-3.4480
-3.0981
 1.2884
-0.1042
 2.7334
-4.8941
 0.9352
 2.2895
-4.4782
-0.7642
 4.2837
-2.0884
-2.0624
 4.6456
 3.0994
-0.4210
 1.0939
-1.6951
-0.5176
-3.5964
-1.6348
-0.2973
 1.2133
-1.4965
 3.5618
-3.9309
-1.3272
 4.1263
-4.5083
-3.3306
 0.6005
-2.9095
-3.3388
 4.7628
 3.5197
 3.8678
 2.7360
 4.4177
-3.4788
-0.4648
-4.6395
-2.4839
 1.8810
