 4.8755
-4.9962
 2.8575
 3.6133
 0.9102
 1.7046
-0.5154
 0.3048
 1.0569
 0.0302
-4.1356
-2.9008
 3.0751
-1.2490
 4.1875
-4.5180
-3.6550
 4.8557
-0.0737
 4.8016
-3.6596
-3.6056
-3.1384
-1.6453
 1.3976
 1.7054
-1.7563
 0.4770
-4.0660
 4.0701
-3.2233
-4.0877
-2.1917
-4.9739
 2.1432
 3.3606
-3.6786
 3.2191
-1.9605
-1.6630
-1.1281
-1.9410
-4.5861
 0.0114
-4.3434
 0.2167
-1.7060
-1.9613
 2.2835
-0.8160
-1.5128
-2.3169
 0.3770
-2.2867
 4.8546
 3.9146
 2.6632
 2.2098
 3.1554
-2.8514
 0.2737
-0.6164
 1.6061
-4.3760
-4.4252
-4.6545
 2.0412
 1.6447
-2.4453
-0.6891
-2.4732
 4.9047
 2.1531
-1.5293
-4.9896
 0.8189
-4.7854
 0.3846
-3.3521
-2.4321
