-1.7716
 1.5509
-4.0706
 4.3709
-2.1709
-0.4634
 4.1168
 0.7003
 0.1237
 2.6860
-2.5688
-3.6717
 2.8706
 1.2349
-1.3093
-0.7960
 3.4734
-0.4743
 3.6898
 0.2063
 4.7649
 1.6026
-0.6909
 3.2271
 2.3197
 3.4859
 2.4449
 4.7237
 0.6863
-1.4153
 1.5835
-4.2132
-3.2916
-4.2919
 2.2567
-1.6770
-4.1599
-1.0645
-2.2043
 0.3066
-2.0653
 2.9104
-1.6712
-2.7330
-0.4232
-1.2738
-2.1539
 2.9101
-3.9063
-0.8409
 4.6085
 4.8784
-4.8697
 1.7732
 1.5927
-3.8897
-0.5985
 0.9833
 4.8751
-2.6806
-1.2969
 1.3860
 3.9414
 3.0120
 2.1640
 0.2024
 3.7669
 1.3868
 0.4038
 3.1683
-1.6199
-4.4322
-4.2232
 2.2694
-1.9148
-1.7436
-1.6962
 4.7630
 0.7195
-2.1014
