-4.4114
 1.6803
 2.0948
-3.6191
 4.7508
 4.5465
 4.6303
 2.6186
-4.9049
-1.8224
-2.4780
 3.6157
-3.9997
 4.2529
 3.2720
 0.1156
-2.7822
 4.8790
 1.8894
-0.5077
 0.4904
-1.2592
-2.2264
-0.8380
 3.3210
 0.7166
-1.6206
-4.9667
 4.9750
 1.6947
-0.4129
 0.7993
-2.9221
 1.4122
-4.0695
-2.5046
 4.7133
-0.3075
-3.2826
-0.2232
 4.5085
 0.8523
-4.1713
-0.9215
-3.7166
-0.4088
 2.7196
-0.5667
-2.0556
-2.3720
 0.7170
-0.8176
 3.8324
-3.1482
-1.8524
-0.8160
 2.5422
-2.7251
 2.1969
-3.7025
 3.8476
-4.3488
-1.6990
-1.2166
 1.1609
 0.0888
-0.6534
-0.3843
-2.3930
 1.2459
 0.1193
 1.2601
-2.0435
-4.5618
-0.3583
 0.1626
-2.7166
 1.6731
 0.2579
-4.0303
