-3.8369
-1.2092
 2.4792
-4.5693
 2.6069
-1.5437
 1.1257
 0.4592
 3.8050
 1.0924
 1.3620
 3.7290
-4.2304
 4.1808
-4.2961
-4.3604
 0.3609
 0.6440
-2.0530
 3.1655
 0.0803
-4.1628
 1.6635
-4.2352
-1.6218
 4.2625
-2.7445
-0.5449
 0.9750
-4.9386
 4.3508
 3.0097
 2.3477
 2.9080
-1.1519
-0.4466
 0.8557
 0.0609
 4.4039
 1.6045
-3.4889
 1.1408
 3.7054
 0.5512
-1.4779
 3.3074
 3.6756
-0.3351
-0.8487
 4.9738
 3.1604
-1.5760
 4.0526
-3.6244
 2.6119
-2.5570
-3.8640
-2.4511
 3.2035
 1.3859
-3.8901
-4.9224
 1.0114
-2.0497
-4.4280
 2.2838
-1.9798
-0.3608
-0.1400
 1.2753
 4.6972
-2.9555
-4.6002
 1.7923
 2.4822
-4.9334
-4.3614
 0.5826
 1.2198
 2.0292
