 1.3695
 3.4743
-4.5267
 4.2571
 1.0833
 3.4288
 2.7764
-2.7484
-1.7213
 1.7596
-3.9863
-1.2493
-2.4045
-4.1348
-2.6319
-1.3088
-2.9849
 0.3339
-4.0827
-0.2373
-3.6705
-3.0806
 4.8388
 4.2960
 0.6705
-3.7220
 4.4399
-2.5285
-2.3729
 4.9111
 2.5368
-2.9423
 1.8574
-4.8578
 4.6050
-3.2883
 0.8992
 3.6401
-3.2361
 0.4568
-3.8691
-3.3146
-2.3223
-1.6111
 3.7882
-0.0712
 1.7066
 1.2093
-2.8451
-4.8306
 4.2794
-2.8501
-2.9508
-3.3762
 1.8476
-4.8411
 4.8511
-3.6829
 2.3626
-2.2233
-3.0244
 3.2663
 2.0615
 0.8226
-3.2608
-4.3742
 4.0051
-3.8336
-0.7055
-0.1791
-1.6804
 0.1167
 3.4215
 4.2865
-2.6424
 2.1548
-0.1742
 4.3191
-0.0390
 3.9286
