 3.3201
 0.3566
-2.9236
 3.4828
-4.7700
-2.6731
-3.3319
 4.9480
-3.5108
-4.2160
 3.5416
-0.3785
 3.6196
-0.4075
 0.1014
 3.1103
-0.2946
-2.0902
-2.7901
 3.6798
 0.6930
-2.3567
-0.5128
-1.3805
-2.4651
 3.9325
-0.4479
-0.6376
-4.4297
 0.6599
-3.6889
 0.6928
-2.4865
-1.8509
 3.7174
 0.7839
 2.7949
-2.2689
-0.9907
-1.9091
 1.1877
 2.4036
-2.2102
 1.1721
-4.2574
 4.6467
-0.0778
-3.6928
-0.9658
 3.1767
 0.5982
-4.4676
 2.8715
 4.1836
 4.3459
-2.5407
 0.8266
-0.7590
-1.4844
-3.9775
-1.2348
 1.6644
-0.8058
-4.1508
 4.5818
-4.6880
-0.6829
 2.9740
 4.6574
 1.9274
 0.5355
 2.7514
-2.3098
-1.3037
-1.0629
 4.0924
 0.8745
-2.3420
-3.4702
 3.8187
