-0.0595
-2.7085
-4.4541
 4.3579
 3.4314
-1.2756
 1.1065
 4.1784
 4.8019
 3.2349
-2.2177
 0.1185
-2.0453
-2.3638
-0.2666
-3.0696
-4.1223
-2.2191
-1.8541
-4.8212
 4.0092
-3.0090
 4.3092
-1.3707
 3.5114
 1.5958
-1.5879
 4.6584
-2.7451
-4.9540
-0.9189
 4.1782
 0.6041
 0.5996
 2.2430
 4.2418
-2.7642
 4.3134
 2.5305
 1.4191
 3.0776
-2.9004
-3.0773
 1.6826
 0.9843
 0.0639
-1.1723
-2.3307
-2.4620
 1.5283
 1.6093
 4.9979
 1.3495
-1.1875
-1.3317
-3.6978
 4.4827
-1.4766
-2.7897
 1.9519
-1.0686
 2.3558
 1.9492
 0.9644
 1.7278
 0.1186
-4.0825
 4.1354
 4.8727
 2.8700
 1.7461
 4.3685
 4.9086
 3.0580
-2.2883
 1.0641
 3.0723
-3.3072
 1.8052
 1.8485
-2.5349
 1.6054
 1.4370
-1.3387
-0.9376
-2.4761
 2.2938
-4.5165
 3.6270
 0.2441
