-0.0585
 3.6157
-1.0637
 2.1382
-4.9367
 3.8467
-1.7655
 2.7175
-4.2322
 2.4730
-0.4772
 2.5424
-4.9396
 3.6098
-1.5232
-2.8913
-2.0112
-3.6713
 4.8958
 2.2855
 4.7931
-3.4325
-0.1774
-3.5096
-4.0260
 1.3104
 2.8676
-4.4271
-1.0766
-0.7270
-2.3393
-3.2318
 1.1873
 0.3201
 1.8700
-4.7078
-4.3611
 4.5035
 2.5735
-1.3620
-1.2781
 3.9411
-3.7510
 0.2304
 3.0765
 1.4286
-3.8325
-2.6401
 3.6771
 2.9094
 3.0535
-2.5818
-0.1628
 2.7810
 0.6553
 3.3719
-2.1023
 0.3229
-4.1568
-3.2083
-4.3366
-1.9620
-4.4195
-4.5651
-4.9669
-1.9047
 4.8853
 1.7717
 4.8892
-0.1249
 0.9959
-2.2465
 2.4955
 0.9721
 4.3855
-2.6266
-1.6992
-0.8631
 2.2316
-1.2214
-4.5067
 4.5693
-0.8511
-3.0211
-3.6540
-2.8828
 3.7321
 0.0368
-0.0009
 4.6143
