 2.2582
 4.7195
-1.0485
 0.5233
 0.2462
-0.0900
-4.6843
-4.3608
-2.0101
-3.7073
 2.6906
 0.1544
-3.1917
 2.7982
-2.4105
-0.1613
-0.6521
 2.9335
 4.4719
-0.3146
-1.0233
-2.9056
-2.0818
 4.5973
-2.5979
-4.2165
-1.8149
 3.8733
 1.1382
 0.6049
 2.7422
 4.0366
 2.9549
 2.7187
 0.7831
 1.4332
 3.4464
 3.9259
 4.6514
-0.0314
 0.9201
 0.7602
 2.4966
 4.8749
-3.9269
-2.7730
 4.1827
-2.8722
 1.7860
 2.1804
 1.2389
-0.3558
 3.4244
-3.7096
 0.1743
 3.9281
 3.8831
-1.5518
 0.4139
-1.5660
-1.9855
-2.3321
 4.8222
-4.9901
-0.1831
 0.4457
 2.4270
-1.8197
 0.8809
-4.1043
-1.6054
-0.7747
-3.8447
-1.1979
 1.1323
 3.7625
-2.2795
 1.4931
-2.9509
 2.4824
-3.8261
-3.3497
-2.0282
 0.6198
 0.1373
 3.5964
-2.2843
 1.5562
 2.9279
 4.0708
