 4.9159
 4.0106
 0.2491
-0.6588
 4.8735
 1.8988
-3.6876
 3.5943
-3.2318
-4.3658
-1.2040
 1.0242
 3.0896
-3.1161
 3.2537
 2.3918
 2.1158
-2.4604
 0.2504
-0.6968
 4.6560
-3.5073
 2.8877
 3.7003
-4.7934
 4.1957
-4.2358
-4.9967
-4.3385
-0.9546
-1.1978
 2.0407
 2.5254
-0.2927
 0.4399
 2.1969
-3.5963
-3.6697
-1.1170
-1.5024
 3.4462
 3.0226
 1.2428
-2.5920
 0.9177
 2.4087
-2.8877
 0.0752
-3.1702
-4.7040
-2.6059
 2.7574
-3.1912
 1.6537
 2.5929
 4.8894
-4.6156
 1.5252
 0.6760
 4.8275
-3.1873
 0.0103
 1.5844
-0.6857
-3.0873
-1.9391
-2.8716
 3.0475
 0.9033
-2.3011
-0.6491
 1.6370
 2.0828
 2.1410
 4.5134
-3.4228
-3.4605
 2.8137
 4.6109
-1.7315
 4.5874
-4.6064
 3.3684
 3.9020
-3.9334
 1.0245
-1.7884
 4.5758
-0.5155
 0.6558
