-0.5653
 2.7099
-4.3084
 3.3167
-0.2091
 3.0441
 3.2046
 4.3128
-4.1856
 1.0585
-3.4245
-4.6678
 4.0004
 2.7927
-3.6833
-2.4970
-1.2399
-3.3968
 4.5254
 0.3937
 0.6165
 4.9420
-4.7066
 4.8459
-2.0363
-3.9764
-1.8870
-0.1396
-3.3217
 3.2599
 1.4328
 0.1584
-3.7446
 3.1570
 0.7662
 1.0107
-4.1018
-0.3351
-4.4062
 2.1813
 3.3943
-1.4570
 2.3185
 3.8476
-1.0318
-1.6375
-4.9276
 2.3158
 4.2047
 4.4481
 0.4333
-3.5517
-4.9026
 2.5588
 3.1232
-2.2088
-4.3915
-4.8667
-0.2807
-3.8850
-3.6562
-2.5893
 1.6849
 1.8270
-0.0955
-2.3612
 0.3542
 0.6022
-0.6698
-0.8868
 2.0546
 1.9007
 3.1254
 3.2980
 4.3734
-1.1003
-3.8951
 4.5946
-2.6190
-0.7341
-2.5337
-1.2486
-3.6128
 1.3543
 3.7647
 1.8537
-1.2442
-0.9815
-0.4848
-3.5409
