 4.1128
-1.1005
-3.3366
 4.3981
 0.7090
-0.1647
-3.1997
 1.4142
-2.1172
-4.0970
 2.0172
 1.2964
-2.8615
 1.6518
 0.4064
 0.9767
-0.9994
-1.2685
 1.5089
-3.4106
 2.5340
 0.6358
-3.2747
 1.6088
 0.9529
-3.9770
-2.9041
 3.9056
 1.5819
-3.8201
-1.5670
-2.1426
 2.9360
 3.2709
-1.4196
-3.8306
 3.2358
-1.8589
 0.6850
-2.2509
-0.0052
 1.6447
-1.5119
-1.6981
-3.0651
-1.6909
-3.4325
-0.6122
 3.4353
-0.7208
 1.2137
-4.5058
 2.0529
 4.3115
 3.6088
-2.6778
-4.7904
-4.1581
 3.3478
-0.9050
 1.4562
 3.0546
 3.0206
 4.4674
-4.0816
-1.8626
 3.2674
 1.5166
-4.5736
-0.6050
-4.3164
 0.0633
-0.5055
 2.7109
-4.6583
-2.0845
 2.6910
-0.3406
-0.3941
-0.6202
 1.8527
 4.7882
 2.2367
-0.6232
-3.2697
 2.7169
-4.4894
 3.9567
 3.3087
 3.7526
