-0.2380
-0.5710
-0.0241
 4.3051
-2.3564
 1.3749
-3.4085
 4.1076
 1.1135
 0.5487
 4.9228
-0.1086
-0.6971
-2.3752
 2.5618
 1.5032
-0.5510
-1.3132
 4.5162
 1.0916
-2.9715
 2.6648
 1.1847
-4.6341
-0.4112
-3.0672
 1.7950
 1.7730
 2.4709
 4.5630
-3.5807
 0.4895
-1.8671
 3.6534
-0.7109
 1.7269
-2.3279
 1.4483
-3.0512
-0.4690
-3.5399
 4.4685
-0.0472
 2.5595
 0.8411
 4.8786
 0.3611
-2.5843
-1.7469
-2.0021
 1.3633
 3.6142
-0.7283
 2.2519
 3.2168
-4.3357
-4.6404
-2.5265
 1.6624
 2.1320
 1.0264
 2.1606
 3.9457
-3.8927
-4.3999
-2.7530
-0.8568
 0.9366
-1.0597
 1.8245
-2.6343
-4.6652
 2.1460
-3.2843
-3.2637
 0.1926
-0.9351
-2.4665
-2.5504
-3.5489
-0.6511
 1.4845
 4.1877
-0.4904
-1.0993
-1.1100
 3.3888
-4.1806
-3.7294
 2.8562
