 0.5482
 3.0821
-0.2827
-3.5342
 3.1881
 0.9259
 2.3361
 2.5395
-3.5247
 2.6838
-1.3165
 4.2011
-4.3583
 1.7579
 3.4928
-2.6158
 1.5977
 3.4822
 2.6279
 4.2795
 1.3198
 1.2455
-1.7486
 0.7170
 2.9591
 0.9901
 4.6721
-2.6100
-1.0770
 1.7195
-0.1858
 1.4087
 0.9399
 4.9340
 1.9555
 1.5374
 3.5654
 4.6923
 0.8228
-2.5008
-2.6352
 1.1703
 0.8719
-4.0361
-1.2533
 3.3296
-3.4414
-2.4700
-0.3400
 4.4987
 2.0102
 4.2147
 2.2944
-2.7971
-2.4946
-0.9744
 4.2112
 4.5089
 3.2060
-2.5449
-3.9267
 0.1044
-2.3851
-2.2209
 1.3624
-4.2658
-2.3463
 1.1367
-4.2079
 2.0944
-4.6987
 4.2649
-1.3773
 1.1270
 4.4089
 0.9404
 2.3368
-2.9278
 2.4820
 2.9607
 1.6177
-0.1502
 4.3588
 3.1133
 0.8783
-3.5327
 0.3754
 1.1270
-1.5628
 4.1534
