-0.2207
-2.1218
-4.4565
 1.5433
 1.9441
 0.5572
 2.7496
 2.9285
-3.6842
 0.8992
 0.2787
 4.6404
-2.8351
 3.2556
 0.9258
-1.2652
-4.4980
 2.7358
-4.8847
 4.3019
-1.1520
 1.0208
-3.4911
-0.0719
 1.6496
-0.2788
 0.5657
-4.1440
-4.4907
-0.2407
 2.0635
 3.2545
-4.2812
-4.1076
-2.4712
 3.1355
-3.1867
-4.7359
 1.6611
-4.4058
 3.3303
-4.3704
-1.1615
-0.2947
-2.7295
 2.3212
-4.1015
 4.5472
-3.5643
 0.8969
 4.3382
 4.3468
-2.8794
-1.8196
-3.7137
 1.9322
-2.4147
-3.4561
 4.0710
-0.4966
-2.7587
-2.4893
-1.0273
-1.2001
-2.9285
 0.9726
-1.3225
 4.2249
-3.5548
-3.6601
-0.4909
-0.2465
 1.4953
-2.3271
 0.3891
-1.5849
-3.0287
 3.2936
-3.4526
-2.8607
 0.8432
-1.0737
 3.6804
 3.3447
 0.1452
-0.6787
-1.4257
 4.9424
-0.3651
-3.1625
