 3.2885
-4.6518
 0.7625
-4.0323
-3.8468
 1.3965
 0.3947
 2.4928
-2.1627
 2.9326
 2.4415
-3.4949
-3.2147
-2.1202
 4.2925
 1.2047
-2.8719
-2.3186
-3.9789
 1.2655
-1.6604
 0.4935
-3.1126
-4.4609
-3.6707
-0.7114
 0.3045
 1.6016
 0.5534
 4.8949
 0.1468
-2.0708
-3.5730
-4.3164
 3.9347
-3.2259
 2.8241
-1.4741
-0.7820
 3.6318
-4.4592
-1.0185
-4.2746
-0.9304
 3.1752
-4.9114
 4.8773
 4.0397
-1.4854
-1.4134
-0.2134
 2.2372
-4.3082
-3.1749
-0.1166
 4.3331
-1.9741
-3.8637
-1.7902
 1.1368
 4.4724
 4.9513
 2.5674
 0.1965
 1.6205
 3.8044
-3.9555
 3.2023
 0.4158
 4.5632
-0.5792
-3.6706
-4.0744
-4.6663
 0.2811
-4.5092
-4.4511
 4.2083
 2.7793
 4.9632
 3.1079
-3.4979
 3.7911
 2.2598
 0.1326
 0.1972
-2.3035
-3.8296
-1.6999
 3.2906
