 1.5995
-0.0993
-1.2327
 3.3264
-0.5487
 0.3085
 3.1909
-3.8959
-4.0768
 0.7303
-3.3888
 0.9254
 0.7211
 2.0933
 4.9789
-3.7452
 4.7179
-3.9619
 1.9621
 3.4740
-1.6461
-0.3594
-3.0225
-0.1922
 0.6838
 3.4543
 2.9830
 3.9445
-1.9692
-3.5763
-1.7796
-0.4003
-0.2018
 0.6934
 0.0246
 4.1971
-0.1058
-2.4217
-3.9731
 4.4714
 2.0238
 2.2185
 3.3741
-0.2362
 0.6832
 3.8762
-2.8296
-2.4372
-4.6342
 1.3231
-1.9831
 0.5354
-0.0028
 1.7215
-3.7157
-3.8454
-4.7450
 2.3355
 1.0692
 4.2629
 4.3417
-3.9585
-3.0988
 4.5573
-4.8645
 4.7951
 1.2554
-4.5846
 4.4528
 3.8421
 3.6079
 3.6250
 3.9049
-2.6460
-0.8551
 0.2849
 0.5372
-0.8987
 4.9281
 0.7089
 0.9395
-1.5733
-0.8087
 2.2231
-2.7629
-4.9635
-3.7860
-4.6554
-4.5356
-4.2901
