 1.0951
-3.8087
 3.4756
 3.3797
 2.7384
-2.6255
-3.4713
-1.9689
 1.6969
-4.4182
 1.9750
 3.1972
 4.6807
-2.8651
 4.6674
-2.5305
 3.4747
-3.2715
 3.1133
 3.8172
 3.6623
 2.5249
 4.5330
-0.1329
 2.0031
-0.8738
-2.2430
 3.2711
 2.9743
-4.5317
 1.4957
 2.7091
 1.5438
-0.0983
 2.8267
 1.5160
 2.9821
-3.5999
-2.4540
 1.1841
 0.7972
-3.6898
-2.9717
-2.3346
-2.2743
 1.9765
 1.0500
-1.7793
 3.3041
-1.0627
-2.2729
 1.5696
-4.9932
 4.7236
-1.4351
 4.2509
 0.0517
-1.3572
 3.2841
 3.2147
 4.5128
-1.5241
 4.9982
 0.3658
-1.1546
-1.4531
 3.8174
 2.9917
-3.7299
-1.6397
 0.7358
 1.8155
-2.6994
-3.9085
-4.8587
-2.7460
-2.9371
-4.7066
-1.0209
-1.8565
 4.4213
-0.0499
 4.2702
 0.4486
-3.9755
 2.6110
-0.9588
-4.6866
 4.8782
-1.0426
