 3.3476
-0.0156
 2.3796
-2.2979
 3.1817
-2.9201
 4.7106
 4.8785
 2.2291
-2.5119
 1.6162
-4.7373
 2.2222
-2.0819
-2.6877
-4.4246
-4.4272
-0.0247
 4.1620
-4.3938
-2.3634
 0.2094
 0.1853
 1.6511
-1.0658
 1.2923
-2.0361
-2.3363
 4.1105
-4.3251
-2.2819
-3.4130
-3.9250
 2.8888
-2.0175
-0.6394
 4.8124
 4.7679
 2.5039
-0.9847
-2.0641
 0.7843
-4.7767
-4.8636
-4.5897
-0.0198
 4.8021
 2.8088
 4.4699
 2.7253
 2.1381
 4.2387
-0.2605
 4.8845
-2.2179
-1.0930
-0.4548
 2.9623
-0.3876
 1.2304
-1.3955
-0.4914
-4.4491
-2.1642
-4.1041
 4.7562
 4.7631
 2.0405
-2.3355
-1.7366
-0.7821
 4.3477
 1.2584
-1.9138
 3.3536
-0.1777
-2.0791
-1.8389
 3.0772
 4.8481
-0.8281
 3.9102
-2.4508
 3.3753
-2.8541
 2.6488
-0.5191
-0.8417
-3.0607
 0.3794
